date,value,generation,difference,day_ahead_demand_forecast
2018-04-23 07:00,25521,17220,8301,25521
2018-04-23 06:00,28564,18813,9751,27881
2018-04-23 05:00,30861,20107,10754,30279
2018-04-23 04:00,32210,20643,11567,31622
2018-04-23 03:00,31632,20219,11413,30894
2018-04-23 02:00,30835,19705,11130,30211
2018-04-23 01:00,29617,20961,8656,29293
2018-04-23 00:00,28174,21636,6538,27905
2018-04-22 23:00,26746,21003,5743,26539
2018-04-22 22:00,25624,21180,4444,25338
2018-04-22 21:00,24963,21174,3789,24675
2018-04-22 20:00,24337,21036,3301,24028
2018-04-22 19:00,23862,20839,3023,23566
2018-04-22 18:00,23549,20298,3251,23079
2018-04-22 17:00,23349,20022,3327,22808
2018-04-22 16:00,23229,19368,3861,22624
2018-04-22 15:00,23000,17216,5784,22254
2018-04-22 14:00,22908,15029,7879,22155
2018-04-22 13:00,22888,14041,8847,22149
2018-04-22 12:00,22668,13440,9228,21939
2018-04-22 11:00,22812,13941,8871,22057
2018-04-22 10:00,23220,14825,8395,22504
2018-04-22 09:00,23925,15769,8156,23388
2018-04-22 08:00,24964,16622,8342,24543
2018-04-22 07:00,26299,18063,8236,25938
2018-04-22 06:00,28042,19075,8967,28105
2018-04-22 05:00,29780,21049,8731,29963
2018-04-22 04:00,30830,22314,8516,31172
2018-04-22 03:00,30315,22024,8291,30634
2018-04-22 02:00,29292,22251,7041,29815
2018-04-22 01:00,28322,23729,4593,28935
2018-04-22 00:00,27269,24188,3081,27867
2018-04-21 23:00,26465,23704,2761,26710
2018-04-21 22:00,25614,23306,2308,25684
2018-04-21 21:00,25023,23328,1695,24995
2018-04-21 20:00,24727,23197,1530,24581
2018-04-21 19:00,24649,23359,1290,24414
2018-04-21 18:00,24632,23877,755,24361
2018-04-21 17:00,24663,23758,905,24267
2018-04-21 16:00,24855,23682,1173,24196
2018-04-21 15:00,24676,21630,3046,23869
2018-04-21 14:00,24290,19123,5167,23655
2018-04-21 13:00,23805,17798,6007,23264
2018-04-21 12:00,23368,16514,6854,22724
2018-04-21 11:00,23355,16191,7164,22566
2018-04-21 10:00,23691,16389,7302,23017
2018-04-21 09:00,24374,16799,7575,23742
2018-04-21 08:00,25304,17217,8087,24827
2018-04-21 07:00,26774,18911,7863,26785
2018-04-21 06:00,28615,19818,8797,28794
2018-04-21 05:00,30390,21090,9300,30895
2018-04-21 04:00,31345,22610,8735,32090
2018-04-21 03:00,30592,22208,8384,31537
2018-04-21 02:00,29451,21330,8121,30544
2018-04-21 01:00,28615,22308,6307,30043
2018-04-21 00:00,27688,23707,3981,29416
2018-04-20 23:00,27079,24322,2757,28630
2018-04-20 22:00,26698,23960,2738,28252
2018-04-20 21:00,26716,23501,3215,27907
2018-04-20 20:00,26567,23776,2791,27588
2018-04-20 19:00,26839,24492,2347,27527
2018-04-20 18:00,27109,24437,2672,27528
2018-04-20 17:00,27526,24767,2759,27962
2018-04-20 16:00,28299,24075,4224,28430
2018-04-20 15:00,28834,21961,6873,28801
2018-04-20 14:00,27998,20236,7762,27912
2018-04-20 13:00,25884,18367,7517,25715
2018-04-20 12:00,24464,17229,7235,24046
2018-04-20 11:00,23918,16790,7128,23444
2018-04-20 10:00,24160,16683,7477,23533
2018-04-20 09:00,24691,17145,7546,24090
2018-04-20 08:00,25521,17178,8343,25095
2018-04-20 07:00,27284,17777,9507,26738
2018-04-20 06:00,29275,19442,9833,28845
2018-04-20 05:00,31257,21478,9779,31140
2018-04-20 04:00,32439,22522,9917,32349
2018-04-20 03:00,31355,22196,9159,31484
2018-04-20 02:00,29761,22330,7431,29743
2018-04-20 01:00,28707,24156,4551,28616
2018-04-20 00:00,28032,25399,2633,27774
2018-04-19 23:00,27462,25144,2318,27149
2018-04-19 22:00,27341,24430,2911,26922
2018-04-19 21:00,27590,24202,3388,26904
2018-04-19 20:00,27774,24349,3425,27015
2018-04-19 19:00,28178,24159,4019,27731
2018-04-19 18:00,28704,24276,4428,28017
2018-04-19 17:00,29455,24850,4605,28600
2018-04-19 16:00,30052,23984,6068,29221
2018-04-19 15:00,30170,22269,7901,29751
2018-04-19 14:00,29102,19375,9727,28247
2018-04-19 13:00,26724,17045,9679,25743
2018-04-19 12:00,25204,15728,9476,24080
2018-04-19 11:00,24700,14932,9768,23412
2018-04-19 10:00,24844,14787,10057,23538
2018-04-19 09:00,25355,15234,10121,24118
2018-04-19 08:00,26294,15831,10463,25123
2018-04-19 07:00,27611,16508,11103,26620
2018-04-19 06:00,29507,18512,10995,28862
2018-04-19 05:00,31722,20699,11023,31105
2018-04-19 04:00,32888,22612,10276,32498
2018-04-19 03:00,32061,22066,9995,31740
2018-04-19 02:00,30449,21798,8651,30257
2018-04-19 01:00,29594,22501,7093,29462
2018-04-19 00:00,28910,22234,6676,28696
2018-04-18 23:00,28478,22787,5691,28282
2018-04-18 22:00,28495,22735,5760,28025
2018-04-18 21:00,28346,22341,6005,27784
2018-04-18 20:00,28443,22042,6401,27678
2018-04-18 19:00,28838,22521,6317,28022
2018-04-18 18:00,29246,22852,6394,28367
2018-04-18 17:00,29634,22742,6892,28934
2018-04-18 16:00,29918,22765,7153,29483
2018-04-18 15:00,29975,21715,8260,29712
2018-04-18 14:00,28660,19483,9177,28488
2018-04-18 13:00,26388,17823,8565,26058
2018-04-18 12:00,24606,16469,8137,24203
2018-04-18 11:00,24047,15287,8760,23496
2018-04-18 10:00,24209,15175,9034,23590
2018-04-18 09:00,24776,15402,9374,24055
2018-04-18 08:00,25727,15906,9821,25066
2018-04-18 07:00,27204,17497,9707,26636
2018-04-18 06:00,29315,19567,9748,28908
2018-04-18 05:00,31755,21559,10196,31251
2018-04-18 04:00,33086,23390,9696,32568
2018-04-18 03:00,32057,23351,8706,31657
2018-04-18 02:00,30127,22748,7379,30214
2018-04-18 01:00,28868,23429,5439,29391
2018-04-18 00:00,27950,23322,4628,28541
2018-04-17 23:00,27250,23004,4246,27754
2018-04-17 22:00,26948,23451,3497,27275
2018-04-17 21:00,26876,24232,2644,27010
2018-04-17 20:00,26878,24070,2808,26872
2018-04-17 19:00,27337,23909,3428,27418
2018-04-17 18:00,27951,23937,4014,28029
2018-04-17 17:00,28593,23699,4894,28714
2018-04-17 16:00,29292,22933,6359,29367
2018-04-17 15:00,30155,21025,9130,29807
2018-04-17 14:00,29230,18483,10747,28738
2018-04-17 13:00,26617,16949,9668,26220
2018-04-17 12:00,24822,15832,8990,24272
2018-04-17 11:00,24229,15425,8804,23451
2018-04-17 10:00,24304,15868,8436,23474
2018-04-17 09:00,24813,15901,8912,23924
2018-04-17 08:00,25753,16497,9256,24882
2018-04-17 07:00,27104,17740,9364,26679
2018-04-17 06:00,29416,19326,10090,28930
2018-04-17 05:00,31786,20981,10805,31287
2018-04-17 04:00,33247,22567,10680,32876
2018-04-17 03:00,32455,22832,9623,32393
2018-04-17 02:00,30683,22755,7928,30705
2018-04-17 01:00,29637,23236,6401,29536
2018-04-17 00:00,28760,23257,5503,28597
2018-04-16 23:00,28572,22640,5932,27981
2018-04-16 22:00,28731,22925,5806,27951
2018-04-16 21:00,28828,23069,5759,28125
2018-04-16 20:00,28779,22963,5816,28402
2018-04-16 19:00,29292,22735,6557,28878
2018-04-16 18:00,29657,22320,7337,29197
2018-04-16 17:00,29805,21338,8467,29607
2018-04-16 16:00,29687,19816,9871,30013
2018-04-16 15:00,29457,17886,11571,30006
2018-04-16 14:00,28004,16215,11789,28220
2018-04-16 13:00,25353,15778,9575,25480
2018-04-16 12:00,23503,15867,7636,23456
2018-04-16 11:00,22787,16202,6585,22697
2018-04-16 10:00,22778,16675,6103,22734
2018-04-16 09:00,23265,17353,5912,23179
2018-04-16 08:00,24196,18590,5606,24000
2018-04-16 07:00,25712,18974,6738,25130
2018-04-16 06:00,27893,20288,7605,27176
2018-04-16 05:00,29937,21647,8290,29215
2018-04-16 04:00,31211,22973,8238,30366
2018-04-16 03:00,30638,22552,8086,29458
2018-04-16 02:00,29195,22515,6680,27963
2018-04-16 01:00,28056,24296,3760,27063
2018-04-16 00:00,26871,25050,1821,25758
2018-04-15 23:00,25557,24648,909,24702
2018-04-15 22:00,24707,24168,539,23830
2018-04-15 21:00,24404,23561,843,23386
2018-04-15 20:00,23700,23626,74,23280
2018-04-15 19:00,23465,23689,-224,23371
2018-04-15 18:00,23490,23335,155,23426
2018-04-15 17:00,23617,22886,731,23326
2018-04-15 16:00,23363,21760,1603,23198
2018-04-15 15:00,23042,18939,4103,22900
2018-04-15 14:00,22962,15809,7153,22788
2018-04-15 13:00,22733,15223,7510,22619
2018-04-15 12:00,22342,14735,7607,22221
2018-04-15 11:00,22384,14762,7622,22242
2018-04-15 10:00,22841,14980,7861,22623
2018-04-15 09:00,23582,15231,8351,23355
2018-04-15 08:00,24717,16033,8684,24430
2018-04-15 07:00,26345,16807,9538,25835
2018-04-15 06:00,28370,18417,9953,28085
2018-04-15 05:00,30139,19812,10327,30053
2018-04-15 04:00,31492,21296,10196,31168
2018-04-15 03:00,31084,21034,10050,30612
2018-04-15 02:00,30027,20902,9125,29527
2018-04-15 01:00,29013,23481,5532,28374
2018-04-15 00:00,28311,24876,3435,27115
2018-04-14 23:00,27328,24941,2387,26071
2018-04-14 22:00,26457,24973,1484,25274
2018-04-14 21:00,25909,24887,1022,24707
2018-04-14 20:00,25731,24984,747,24502
2018-04-14 19:00,25712,25113,599,24468
2018-04-14 18:00,25790,25387,403,24580
2018-04-14 17:00,25826,24989,837,24748
2018-04-14 16:00,25602,23332,2270,24612
2018-04-14 15:00,25421,21143,4278,24226
2018-04-14 14:00,25304,19071,6233,24020
2018-04-14 13:00,24891,17717,7174,23625
2018-04-14 12:00,24094,16632,7462,23069
2018-04-14 11:00,24008,16665,7343,22891
2018-04-14 10:00,24390,16759,7631,23271
2018-04-14 09:00,25088,17214,7874,23979
2018-04-14 08:00,25852,17500,8352,25114
2018-04-14 07:00,27254,17464,9790,26668
2018-04-14 06:00,29464,18867,10597,28681
2018-04-14 05:00,31495,20728,10767,30705
2018-04-14 04:00,32733,21874,10859,32060
2018-04-14 03:00,32106,21575,10531,31642
2018-04-14 02:00,30819,20901,9918,30305
2018-04-14 01:00,30135,22729,7406,29731
2018-04-14 00:00,29603,24647,4956,29051
2018-04-13 23:00,28758,24869,3889,28398
2018-04-13 22:00,28285,24934,3351,27835
2018-04-13 21:00,28129,25604,2525,27457
2018-04-13 20:00,28086,26045,2041,27256
2018-04-13 19:00,28443,25502,2941,27521
2018-04-13 18:00,28905,24471,4434,27872
2018-04-13 17:00,29127,24108,5019,28374
2018-04-13 16:00,29532,23601,5931,29059
2018-04-13 15:00,30091,21709,8382,29321
2018-04-13 14:00,29095,19943,9152,28134
2018-04-13 13:00,26468,18357,8111,25841
2018-04-13 12:00,24736,17566,7170,24091
2018-04-13 11:00,24603,17830,6773,23500
2018-04-13 10:00,24808,18146,6662,23611
2018-04-13 09:00,25410,18471,6939,24089
2018-04-13 08:00,26228,19478,6750,25074
2018-04-13 07:00,27240,20754,6486,26861
2018-04-13 06:00,29554,22290,7264,29142
2018-04-13 05:00,31964,23752,8212,31450
2018-04-13 04:00,33352,25717,7635,32767
2018-04-13 03:00,32498,26260,6238,31907
2018-04-13 02:00,30485,25738,4747,30273
2018-04-13 01:00,29548,26154,3394,29609
2018-04-13 00:00,28977,27786,1191,28878
2018-04-12 23:00,28398,28435,-37,28293
2018-04-12 22:00,28398,28660,-262,28051
2018-04-12 21:00,28462,28088,374,28067
2018-04-12 20:00,28666,27299,1367,28107
2018-04-12 19:00,28856,26328,2528,28495
2018-04-12 18:00,28994,25811,3183,28890
2018-04-12 17:00,29596,25797,3799,29258
2018-04-12 16:00,29756,25275,4481,29593
2018-04-12 15:00,29637,22450,7187,29727
2018-04-12 14:00,28607,20429,8178,28454
2018-04-12 13:00,26253,19383,6870,25978
2018-04-12 12:00,24831,18225,6606,24194
2018-04-12 11:00,24742,17933,6809,23569
2018-04-12 10:00,24943,17887,7056,23769
2018-04-12 09:00,25511,18816,6695,24423
2018-04-12 08:00,26358,19845,6513,25434
2018-04-12 07:00,27487,20680,6807,27390
2018-04-12 06:00,29835,22454,7381,29802
2018-04-12 05:00,32543,24767,7776,32212
2018-04-12 04:00,34321,27408,6913,33861
2018-04-12 03:00,34497,27605,6892,33511
2018-04-12 02:00,33578,27911,5667,32407
2018-04-12 01:00,33192,28665,4527,32365
2018-04-12 00:00,33026,29545,3481,32187
2018-04-11 23:00,32469,29771,2698,31790
2018-04-11 22:00,31729,29399,2330,31447
2018-04-11 21:00,31144,28874,2270,31011
2018-04-11 20:00,30802,28247,2555,30587
2018-04-11 19:00,30776,27890,2886,30488
2018-04-11 18:00,30692,27394,3298,30425
2018-04-11 17:00,30584,26345,4239,30505
2018-04-11 16:00,30154,24397,5757,30543
2018-04-11 15:00,29777,22142,7635,29992
2018-04-11 14:00,28531,20308,8223,28477
2018-04-11 13:00,26044,18596,7448,26076
2018-04-11 12:00,24750,17752,6998,24460
2018-04-11 11:00,24750,17980,6770,23917
2018-04-11 10:00,25051,18362,6689,24178
2018-04-11 09:00,25824,18611,7213,24910
2018-04-11 08:00,26730,19074,7656,26065
2018-04-11 07:00,28194,20209,7985,28110
2018-04-11 06:00,30889,22868,8021,30783
2018-04-11 05:00,33800,25977,7823,33602
2018-04-11 04:00,35938,28710,7228,35486
2018-04-11 03:00,36114,29233,6881,35173
2018-04-11 02:00,35725,28598,7127,34804
2018-04-11 01:00,35875,28902,6973,34857
2018-04-11 00:00,35602,29344,6258,34632
2018-04-10 23:00,35137,29335,5802,34080
2018-04-10 22:00,34430,29161,5269,33693
2018-04-10 21:00,33720,28384,5336,33163
2018-04-10 20:00,32872,28187,4685,32442
2018-04-10 19:00,32126,27808,4318,31968
2018-04-10 18:00,31547,27218,4329,31445
2018-04-10 17:00,30946,26626,4320,30914
2018-04-10 16:00,30142,24898,5244,30541
2018-04-10 15:00,29617,22226,7391,30005
2018-04-10 14:00,28520,19043,9477,28443
2018-04-10 13:00,26204,16892,9312,26129
2018-04-10 12:00,24901,16009,8892,24534
2018-04-10 11:00,24904,15585,9319,24130
2018-04-10 10:00,25075,15638,9437,24362
2018-04-10 09:00,25743,16125,9618,25094
2018-04-10 08:00,26881,16824,10057,26243
2018-04-10 07:00,28696,17189,11507,27846
2018-04-10 06:00,31455,18444,13011,30511
2018-04-10 05:00,34522,20283,14239,33538
2018-04-10 04:00,36894,22114,14780,35577
2018-04-10 03:00,37050,21679,15371,35367
2018-04-10 02:00,36278,21320,14958,34447
2018-04-10 01:00,35887,23580,12307,34393
2018-04-10 00:00,35200,24239,10961,33829
2018-04-09 23:00,34159,23730,10429,32900
2018-04-09 22:00,32984,22983,10001,31891
2018-04-09 21:00,32018,22895,9123,31111
2018-04-09 20:00,31128,22785,8343,30240
2018-04-09 19:00,30839,22883,7956,29795
2018-04-09 18:00,30495,22524,7971,29534
2018-04-09 17:00,30151,21908,8243,29286
2018-04-09 16:00,29538,20462,9076,29180
2018-04-09 15:00,29278,18126,11152,29123
2018-04-09 14:00,28108,15684,12424,27742
2018-04-09 13:00,25655,15158,10497,25268
2018-04-09 12:00,24129,15045,9084,23438
2018-04-09 11:00,23824,15422,8402,22714
2018-04-09 10:00,23863,15740,8123,22739
2018-04-09 09:00,24187,16333,7854,23246
2018-04-09 08:00,25211,17097,8114,24145
2018-04-09 07:00,26295,17731,8564,25207
2018-04-09 06:00,27896,18491,9405,27172
2018-04-09 05:00,29890,20139,9751,29297
2018-04-09 04:00,31120,21261,9859,30559
2018-04-09 03:00,30341,21450,8891,29679
2018-04-09 02:00,28618,21351,7267,28068
2018-04-09 01:00,27364,23309,4055,27018
2018-04-09 00:00,25897,24352,1545,25848
2018-04-08 23:00,24594,23839,755,24705
2018-04-08 22:00,24002,23878,124,23895
2018-04-08 21:00,23717,23737,-20,23358
2018-04-08 20:00,23588,23691,-103,23148
2018-04-08 19:00,23734,23642,92,23143
2018-04-08 18:00,24053,23287,766,23228
2018-04-08 17:00,24379,21834,2545,23383
2018-04-08 16:00,24528,20799,3729,23455
2018-04-08 15:00,24348,17635,6713,23121
2018-04-08 14:00,24389,16261,8128,23069
2018-04-08 13:00,23921,16050,7871,22692
2018-04-08 12:00,23517,15980,7537,22270
2018-04-08 11:00,23527,15918,7609,22252
2018-04-08 10:00,23903,16251,7652,22597
2018-04-08 09:00,24582,16790,7792,23311
2018-04-08 08:00,25259,17230,8029,24416
2018-04-08 07:00,26541,18394,8147,26070
2018-04-08 06:00,28164,19420,8744,27852
2018-04-08 05:00,29709,20549,9160,29438
2018-04-08 04:00,30663,21594,9069,30535
2018-04-08 03:00,30051,21921,8130,29945
2018-04-08 02:00,28555,21424,7131,28517
2018-04-08 01:00,27747,22874,4873,27628
2018-04-08 00:00,26614,24039,2575,27062
2018-04-07 23:00,25915,24680,1235,26722
2018-04-07 22:00,25780,25639,141,26601
2018-04-07 21:00,25939,25467,472,26631
2018-04-07 20:00,26372,25625,747,26824
2018-04-07 19:00,26785,25366,1419,26965
2018-04-07 18:00,26937,25235,1702,27228
2018-04-07 17:00,26776,24699,2077,27206
2018-04-07 16:00,25918,23947,1971,26803
2018-04-07 15:00,24828,21475,3353,25951
2018-04-07 14:00,24447,19376,5071,24760
2018-04-07 13:00,23606,18161,5445,23818
2018-04-07 12:00,23009,16940,6069,23221
2018-04-07 11:00,22899,16536,6363,23082
2018-04-07 10:00,23479,16653,6826,23506
2018-04-07 09:00,24210,17241,6969,24306
2018-04-07 08:00,25267,17834,7433,25561
2018-04-07 07:00,27287,18777,8510,27396
2018-04-07 06:00,29428,19749,9679,29561
2018-04-07 05:00,31337,21672,9665,31554
2018-04-07 04:00,32493,22968,9525,32910
2018-04-07 03:00,32414,23243,9171,32497
2018-04-07 02:00,31265,22567,8698,31205
2018-04-07 01:00,30881,24461,6420,30985
2018-04-07 00:00,30892,26526,4366,30661
2018-04-06 23:00,30885,26859,4026,30296
2018-04-06 22:00,30669,27030,3639,30355
2018-04-06 21:00,30499,26647,3852,30381
2018-04-06 20:00,30706,26385,4321,30346
2018-04-06 19:00,30658,26375,4283,30586
2018-04-06 18:00,30647,26601,4046,30741
2018-04-06 17:00,30281,25979,4302,30806
2018-04-06 16:00,30189,24670,5519,30670
2018-04-06 15:00,29525,21432,8093,30261
2018-04-06 14:00,28208,19268,8940,28755
2018-04-06 13:00,25836,18181,7655,26205
2018-04-06 12:00,24394,17318,7076,24447
2018-04-06 11:00,23870,17187,6683,23823
2018-04-06 10:00,24115,16932,7183,23973
2018-04-06 09:00,24898,17138,7760,24524
2018-04-06 08:00,25954,18239,7715,25608
2018-04-06 07:00,27469,18879,8590,27363
2018-04-06 06:00,29679,20193,9486,29657
2018-04-06 05:00,31818,22536,9282,32094
2018-04-06 04:00,33399,23986,9413,33556
2018-04-06 03:00,33344,24444,8900,33149
2018-04-06 02:00,31698,23995,7703,31702
2018-04-06 01:00,31112,26389,4723,30994
2018-04-06 00:00,30729,27438,3291,30483
2018-04-05 23:00,30329,27461,2868,29923
2018-04-05 22:00,29962,26964,2998,29680
2018-04-05 21:00,29609,26153,3456,29395
2018-04-05 20:00,29364,24838,4526,29189
2018-04-05 19:00,29546,24411,5135,29334
2018-04-05 18:00,29976,24100,5876,29830
2018-04-05 17:00,30529,23524,7005,30184
2018-04-05 16:00,30789,22668,8121,30181
2018-04-05 15:00,30176,20261,9915,29960
2018-04-05 14:00,28720,18440,10280,28869
2018-04-05 13:00,26182,17144,9038,26273
2018-04-05 12:00,24534,16567,7967,24501
2018-04-05 11:00,24036,16376,7660,23862
2018-04-05 10:00,24317,16423,7894,24036
2018-04-05 09:00,24844,16880,7964,24583
2018-04-05 08:00,25848,17553,8295,25599
2018-04-05 07:00,27604,17905,9699,26996
2018-04-05 06:00,29909,19593,10316,29375
2018-04-05 05:00,32305,22293,10012,31975
2018-04-05 04:00,33914,24053,9861,33604
2018-04-05 03:00,33940,23626,10314,33349
2018-04-05 02:00,32441,22776,9665,32081
2018-04-05 01:00,31825,24581,7244,31626
2018-04-05 00:00,31337,25347,5990,31092
2018-04-04 23:00,30611,25618,4993,30421
2018-04-04 22:00,30105,25217,4888,29789
2018-04-04 21:00,29376,24545,4831,29276
2018-04-04 20:00,29354,24207,5147,28766
2018-04-04 19:00,29606,24234,5372,28640
2018-04-04 18:00,29896,24328,5568,28719
2018-04-04 17:00,30243,24348,5895,28935
2018-04-04 16:00,30368,23544,6824,29351
2018-04-04 15:00,29961,20703,9258,29398
2018-04-04 14:00,28723,18763,9960,28131
2018-04-04 13:00,26109,16879,9230,25652
2018-04-04 12:00,24398,16616,7782,23986
2018-04-04 11:00,23874,16759,7115,23474
2018-04-04 10:00,24096,16829,7267,23640
2018-04-04 09:00,24753,17172,7581,24225
2018-04-04 08:00,25718,17919,7799,25300
2018-04-04 07:00,27522,18027,9495,26728
2018-04-04 06:00,29867,19549,10318,29085
2018-04-04 05:00,32392,21117,11275,31659
2018-04-04 04:00,33866,22725,11141,33318
2018-04-04 03:00,33730,22727,11003,33103
2018-04-04 02:00,32093,22264,9829,31784
2018-04-04 01:00,31074,23914,7160,30882
2018-04-04 00:00,30163,24780,5383,30175
2018-04-03 23:00,29404,24968,4436,29372
2018-04-03 22:00,29286,25065,4221,28742
2018-04-03 21:00,28815,25161,3654,28300
2018-04-03 20:00,28257,25433,2824,27945
2018-04-03 19:00,28471,25376,3095,28108
2018-04-03 18:00,29140,25093,4047,28454
2018-04-03 17:00,29496,24629,4867,28959
2018-04-03 16:00,29610,23053,6557,29597
2018-04-03 15:00,29651,19780,9871,29906
2018-04-03 14:00,28468,17633,10835,28478
2018-04-03 13:00,25928,16375,9553,25810
2018-04-03 12:00,24048,15754,8294,24020
2018-04-03 11:00,23455,15779,7676,23312
2018-04-03 10:00,23706,16051,7655,23435
2018-04-03 09:00,24280,16389,7891,24003
2018-04-03 08:00,25359,17043,8316,25018
2018-04-03 07:00,26984,17596,9388,26840
2018-04-03 06:00,29395,18543,10852,28970
2018-04-03 05:00,31881,19901,11980,31551
2018-04-03 04:00,33347,20648,12699,33150
2018-04-03 03:00,33233,20254,12979,32831
2018-04-03 02:00,31511,19853,11658,31334
2018-04-03 01:00,30419,21021,9398,30574
2018-04-03 00:00,29906,21259,8647,29977
2018-04-02 23:00,29905,20831,9074,29283
2018-04-02 22:00,29462,20664,8798,28802
2018-04-02 21:00,29303,20292,9011,28292
2018-04-02 20:00,29417,20653,8764,28019
2018-04-02 19:00,29816,20659,9157,28073
2018-04-02 18:00,30051,20723,9328,28404
2018-04-02 17:00,29757,20718,9039,28769
2018-04-02 16:00,29624,19235,10389,29116
2018-04-02 15:00,28949,17175,11774,29295
2018-04-02 14:00,27308,15990,11318,28024
2018-04-02 13:00,24740,15702,9038,25352
2018-04-02 12:00,23068,15970,7098,23483
2018-04-02 11:00,22296,16153,6143,22698
2018-04-02 10:00,22345,16223,6122,22724
2018-04-02 09:00,22865,16677,6188,23186
2018-04-02 08:00,23753,17688,6065,24002
2018-04-02 07:00,25087,17836,7251,25470
2018-04-02 06:00,27067,18748,8319,27508
2018-04-02 05:00,29040,19664,9376,29487
2018-04-02 04:00,29976,20368,9608,30621
2018-04-02 03:00,29283,20435,8848,29909
2018-04-02 02:00,27147,19807,7340,28022
2018-04-02 01:00,25548,20457,5091,26977
2018-04-02 00:00,24572,21470,3102,25998
2018-04-01 23:00,23820,22581,1239,25045
2018-04-01 22:00,23326,22131,1195,24237
2018-04-01 21:00,23040,21530,1510,23750
2018-04-01 20:00,23124,21532,1592,23465
2018-04-01 19:00,23426,21681,1745,23419
2018-04-01 18:00,23787,21265,2522,23614
2018-04-01 17:00,24302,20315,3987,23753
2018-04-01 16:00,24120,18915,5205,23718
2018-04-01 15:00,23499,17131,6368,23147
2018-04-01 14:00,23346,15871,7475,23336
2018-04-01 13:00,22632,15733,6899,22849
2018-04-01 12:00,22241,15881,6360,22401
2018-04-01 11:00,22271,15796,6475,22410
2018-04-01 10:00,22731,15830,6901,22857
2018-04-01 09:00,23504,16398,7106,23664
2018-04-01 08:00,24645,17235,7410,24812
2018-04-01 07:00,26354,18055,8299,25960
2018-04-01 06:00,28304,19330,8974,28048
2018-04-01 05:00,30139,21289,8850,29814
2018-04-01 04:00,31196,21848,9348,30916
2018-04-01 03:00,31021,22076,8945,30620
2018-04-01 02:00,29315,21878,7437,29428
2018-04-01 01:00,28266,23182,5084,28701
2018-04-01 00:00,27260,25001,2259,27733
2018-03-31 23:00,26824,25546,1278,26861
2018-03-31 22:00,26054,25069,985,26147
2018-03-31 21:00,25567,24771,796,25642
2018-03-31 20:00,25597,24457,1140,25446
2018-03-31 19:00,25695,24456,1239,25528
2018-03-31 18:00,25779,24302,1477,25744
2018-03-31 17:00,25714,23766,1948,25812
2018-03-31 16:00,25552,21920,3632,25636
2018-03-31 15:00,25004,18889,6115,25257
2018-03-31 14:00,24911,16920,7991,24775
2018-03-31 13:00,24002,15722,8280,23934
2018-03-31 12:00,23458,15532,7926,23328
2018-03-31 11:00,23459,15478,7981,23227
2018-03-31 10:00,24008,15753,8255,23623
2018-03-31 09:00,24651,16078,8573,24388
2018-03-31 08:00,25694,16925,8769,25690
2018-03-31 07:00,27655,17941,9714,27879
2018-03-31 06:00,29945,19585,10360,30171
2018-03-31 05:00,32033,21254,10779,32312
2018-03-31 04:00,33448,22912,10536,33813
2018-03-31 03:00,33645,23429,10216,33925
2018-03-31 02:00,32384,22968,9416,32460
2018-03-31 01:00,32054,24840,7214,31788
2018-03-31 00:00,31596,26109,5487,31019
2018-03-30 23:00,31094,26228,4866,30246
2018-03-30 22:00,30400,25521,4879,29615
2018-03-30 21:00,29924,25334,4590,29158
2018-03-30 20:00,29494,25131,4363,28762
2018-03-30 19:00,29383,26040,3343,28660
2018-03-30 18:00,29273,25877,3396,28827
2018-03-30 17:00,28777,25364,3413,29146
2018-03-30 16:00,28856,23609,5247,29431
2018-03-30 15:00,28652,19731,8921,29380
2018-03-30 14:00,27692,17504,10188,28415
2018-03-30 13:00,25496,16470,9026,26057
2018-03-30 12:00,24352,16256,8096,24393
2018-03-30 11:00,23999,15586,8413,24000
2018-03-30 10:00,24266,15355,8911,24306
2018-03-30 09:00,24762,15766,8996,24990
2018-03-30 08:00,25835,16995,8840,26093
2018-03-30 07:00,27713,17481,10232,27676
2018-03-30 06:00,30096,19737,10359,30194
2018-03-30 05:00,32568,20915,11653,32888
2018-03-30 04:00,34112,22442,11670,34714
2018-03-30 03:00,34098,22507,11591,34840
2018-03-30 02:00,32566,21824,10742,33433
2018-03-30 01:00,31878,23740,8138,32301
2018-03-30 00:00,31097,24591,6506,31095
2018-03-29 23:00,30797,24927,5870,30124
2018-03-29 22:00,30289,24733,5556,29679
2018-03-29 21:00,29790,24448,5342,29175
2018-03-29 20:00,29178,24770,4408,28679
2018-03-29 19:00,29349,24793,4556,28646
2018-03-29 18:00,29362,24691,4671,28840
2018-03-29 17:00,29066,24701,4365,29193
2018-03-29 16:00,29592,23036,6556,29657
2018-03-29 15:00,29698,19885,9813,30024
2018-03-29 14:00,28459,18081,10378,29095
2018-03-29 13:00,25769,16359,9410,26488
2018-03-29 12:00,24056,15445,8611,24752
2018-03-29 11:00,23539,15382,8157,24044
2018-03-29 10:00,23822,15052,8770,24163
2018-03-29 09:00,24529,15252,9277,24727
2018-03-29 08:00,25617,15729,9888,25705
2018-03-29 07:00,27236,16516,10720,27166
2018-03-29 06:00,29460,18837,10623,29505
2018-03-29 05:00,31782,20675,11107,32122
2018-03-29 04:00,33334,22156,11178,33900
2018-03-29 03:00,33122,22067,11055,34003
2018-03-29 02:00,31495,21057,10438,32577
2018-03-29 01:00,30796,22253,8543,31637
2018-03-29 00:00,30195,23781,6414,30707
2018-03-28 23:00,29771,24150,5621,30026
2018-03-28 22:00,29277,24216,5061,29421
2018-03-28 21:00,28999,24558,4441,28949
2018-03-28 20:00,28917,24518,4399,28499
2018-03-28 19:00,28981,24240,4741,28500
2018-03-28 18:00,29466,24524,4942,28814
2018-03-28 17:00,29848,24426,5422,29243
2018-03-28 16:00,30082,22891,7191,29860
2018-03-28 15:00,30486,20670,9816,30420
2018-03-28 14:00,29213,18696,10517,29406
2018-03-28 13:00,26460,16902,9558,26603
2018-03-28 12:00,24828,15936,8892,24697
2018-03-28 11:00,24094,15682,8412,23959
2018-03-28 10:00,23980,16301,7679,24022
2018-03-28 09:00,24539,17135,7404,24570
2018-03-28 08:00,25528,18203,7325,25518
2018-03-28 07:00,27220,18667,8553,27117
2018-03-28 06:00,29445,19648,9797,29383
2018-03-28 05:00,31743,21095,10648,31764
2018-03-28 04:00,33138,22170,10968,33327
2018-03-28 03:00,32839,22196,10643,33206
2018-03-28 02:00,30893,21723,9170,31788
2018-03-28 01:00,29926,23998,5928,30952
2018-03-28 00:00,29244,23756,5488,29880
2018-03-27 23:00,28690,24028,4662,28982
2018-03-27 22:00,28409,24128,4281,28520
2018-03-27 21:00,28290,24242,4048,28294
2018-03-27 20:00,28289,24722,3567,28202
2018-03-27 19:00,28671,25170,3501,28473
2018-03-27 18:00,29364,25112,4252,28972
2018-03-27 17:00,30169,25007,5162,29562
2018-03-27 16:00,30623,23866,6757,30243
2018-03-27 15:00,31123,21215,9908,30710
2018-03-27 14:00,29952,19569,10383,29547
2018-03-27 13:00,27026,18235,8791,26724
2018-03-27 12:00,25227,17441,7786,24801
2018-03-27 11:00,24800,16973,7827,24000
2018-03-27 10:00,24796,16872,7924,24013
2018-03-27 09:00,25263,16886,8377,24540
2018-03-27 08:00,26097,17177,8920,25479
2018-03-27 07:00,27665,18262,9403,27009
2018-03-27 06:00,29548,19217,10331,29257
2018-03-27 05:00,31866,20092,11774,31606
2018-03-27 04:00,33250,20601,12649,33071
2018-03-27 03:00,32804,20229,12575,32930
2018-03-27 02:00,30701,20179,10522,30816
2018-03-27 01:00,29541,22029,7512,29475
2018-03-27 00:00,28384,22120,6264,28518
2018-03-26 23:00,27791,21836,5955,27762
2018-03-26 22:00,27520,21328,6192,27363
2018-03-26 21:00,27805,22210,5595,27198
2018-03-26 20:00,28100,22835,5265,27393
2018-03-26 19:00,28805,22800,6005,27950
2018-03-26 18:00,29665,22626,7039,28753
2018-03-26 17:00,30522,22594,7928,29775
2018-03-26 16:00,31009,21103,9906,30754
2018-03-26 15:00,31397,18390,13007,31200
2018-03-26 14:00,29770,16929,12841,29749
2018-03-26 13:00,26758,16502,10256,26596
2018-03-26 12:00,24853,16246,8607,24625
2018-03-26 11:00,24232,15851,8381,23721
2018-03-26 10:00,24191,15768,8423,23646
2018-03-26 09:00,24537,16133,8404,24069
2018-03-26 08:00,25406,17011,8395,24764
2018-03-26 07:00,26641,16995,9646,25874
2018-03-26 06:00,28500,17718,10782,27689
2018-03-26 05:00,30170,18799,11371,29436
2018-03-26 04:00,31444,19096,12348,30467
2018-03-26 03:00,30441,18981,11460,29656
2018-03-26 02:00,27623,19176,8447,27125
2018-03-26 01:00,25429,20773,4656,26127
2018-03-26 00:00,23642,20778,2864,24642
2018-03-25 23:00,22735,20385,2350,23463
2018-03-25 22:00,22465,20650,1815,22869
2018-03-25 21:00,22850,21026,1824,22881
2018-03-25 20:00,23575,21411,2164,23181
2018-03-25 19:00,23986,21703,2283,23630
2018-03-25 18:00,24616,21843,2773,24147
2018-03-25 17:00,24998,21704,3294,24660
2018-03-25 16:00,25046,20013,5033,25024
2018-03-25 15:00,25132,17422,7710,25245
2018-03-25 14:00,24808,16198,8610,24845
2018-03-25 13:00,23826,15865,7961,23846
2018-03-25 12:00,23306,15537,7769,23382
2018-03-25 11:00,23214,15331,7883,23265
2018-03-25 10:00,23580,15580,8000,23407
2018-03-25 09:00,24172,16187,7985,23863
2018-03-25 08:00,25060,16848,8212,24779
2018-03-25 07:00,26219,17870,8349,26469
2018-03-25 06:00,28029,18829,9200,28182
2018-03-25 05:00,29642,19964,9678,29598
2018-03-25 04:00,30401,21274,9127,30459
2018-03-25 03:00,29934,21525,8409,30044
2018-03-25 02:00,27470,21343,6127,27892
2018-03-25 01:00,25722,22681,3041,26652
2018-03-25 00:00,24338,23486,852,25648
2018-03-24 23:00,23505,22801,704,24874
2018-03-24 22:00,23485,23045,440,24622
2018-03-24 21:00,23706,23308,398,24767
2018-03-24 20:00,24300,23188,1112,25215
2018-03-24 19:00,24836,23540,1296,25691
2018-03-24 18:00,25650,24104,1546,26294
2018-03-24 17:00,26334,24844,1490,26837
2018-03-24 16:00,26668,23578,3090,26959
2018-03-24 15:00,26282,21858,4424,26673
2018-03-24 14:00,25706,20115,5591,25988
2018-03-24 13:00,24334,17893,6441,24751
2018-03-24 12:00,23583,16660,6923,24136
2018-03-24 11:00,23416,16355,7061,23960
2018-03-24 10:00,23695,16308,7387,24246
2018-03-24 09:00,24213,16456,7757,24782
2018-03-24 08:00,25289,17185,8104,25749
2018-03-24 07:00,27066,18455,8611,27441
2018-03-24 06:00,29114,19967,9147,29572
2018-03-24 05:00,30910,21501,9409,31462
2018-03-24 04:00,32124,23256,8868,32624
2018-03-24 03:00,31928,23486,8442,32424
2018-03-24 02:00,29887,22234,7653,30553
2018-03-24 01:00,28720,22145,6575,29438
2018-03-24 00:00,28198,22588,5610,28853
2018-03-23 23:00,27445,22919,4526,28558
2018-03-23 22:00,27402,23156,4246,28563
2018-03-23 21:00,27764,24180,3584,28728
2018-03-23 20:00,27986,23888,4098,28911
2018-03-23 19:00,28500,24098,4402,29364
2018-03-23 18:00,29373,23916,5457,29725
2018-03-23 17:00,30330,23551,6779,30137
2018-03-23 16:00,30652,22660,7992,30583
2018-03-23 15:00,31061,21325,9736,30680
2018-03-23 14:00,29533,19770,9763,29472
2018-03-23 13:00,26376,17208,9168,26598
2018-03-23 12:00,24804,16368,8436,24794
2018-03-23 11:00,24115,15981,8134,24103
2018-03-23 10:00,24265,16046,8219,24291
2018-03-23 09:00,24699,16532,8167,24829
2018-03-23 08:00,25539,16962,8577,25804
2018-03-23 07:00,27327,18195,9132,27219
2018-03-23 06:00,29434,19339,10095,29595
2018-03-23 05:00,31634,20753,10881,32035
2018-03-23 04:00,32969,22415,10554,33616
2018-03-23 03:00,32908,22992,9916,33656
2018-03-23 02:00,31090,21661,9429,32113
2018-03-23 01:00,29941,21819,8122,31359
2018-03-23 00:00,29739,21861,7878,30968
2018-03-22 23:00,30215,21713,8502,30680
2018-03-22 22:00,30319,22075,8244,30837
2018-03-22 21:00,30875,22527,8348,30947
2018-03-22 20:00,31237,22927,8310,31085
2018-03-22 19:00,32262,23352,8910,31269
2018-03-22 18:00,32716,22994,9722,31342
2018-03-22 17:00,32438,22678,9760,31202
2018-03-22 16:00,31827,21971,9856,31111
2018-03-22 15:00,31219,20778,10441,30773
2018-03-22 14:00,29178,18891,10287,28854
2018-03-22 13:00,26209,16694,9515,25984
2018-03-22 12:00,24954,15906,9048,24345
2018-03-22 11:00,24600,15615,8985,23770
2018-03-22 10:00,24846,15758,9088,23968
2018-03-22 09:00,25410,16191,9219,24590
2018-03-22 08:00,26190,16724,9466,25518
2018-03-22 07:00,27440,17092,10348,27057
2018-03-22 06:00,29622,18679,10943,29423
2018-03-22 05:00,32009,20559,11450,31898
2018-03-22 04:00,33546,22337,11209,33594
2018-03-22 03:00,33952,23205,10747,33637
2018-03-22 02:00,32256,21644,10612,31814
2018-03-22 01:00,31379,21700,9679,31072
2018-03-22 00:00,30714,22059,8655,30833
2018-03-21 23:00,30612,22084,8528,30256
2018-03-21 22:00,30764,22558,8206,30325
2018-03-21 21:00,30941,22753,8188,30382
2018-03-21 20:00,31225,22850,8375,30389
2018-03-21 19:00,31574,22707,8867,30665
2018-03-21 18:00,31514,22441,9073,30734
2018-03-21 17:00,31074,22014,9060,30838
2018-03-21 16:00,30726,21382,9344,30817
2018-03-21 15:00,30516,20275,10241,30422
2018-03-21 14:00,28812,18825,9987,28575
2018-03-21 13:00,25881,16107,9774,25441
2018-03-21 12:00,24593,14874,9719,23718
2018-03-21 11:00,23989,14844,9145,23171
2018-03-21 10:00,24183,14839,9344,23289
2018-03-21 09:00,24761,15160,9601,23917
2018-03-21 08:00,25666,15867,9799,24930
2018-03-21 07:00,26900,17108,9792,26807
2018-03-21 06:00,28973,18375,10598,29127
2018-03-21 05:00,31428,20332,11096,31513
2018-03-21 04:00,33068,21962,11106,33180
2018-03-21 03:00,33414,22228,11186,33203
2018-03-21 02:00,32174,20348,11826,31220
2018-03-21 01:00,31528,20696,10832,30284
2018-03-21 00:00,30842,22061,8781,29617
2018-03-20 23:00,30520,22902,7618,29096
2018-03-20 22:00,30990,22973,8017,29169
2018-03-20 21:00,30751,23027,7724,29281
2018-03-20 20:00,30522,23060,7462,29508
2018-03-20 19:00,30751,23660,7091,29854
2018-03-20 18:00,30225,23806,6419,30250
2018-03-20 17:00,30240,23376,6864,30514
2018-03-20 16:00,30397,21864,8533,30689
2018-03-20 15:00,30233,20058,10175,30651
2018-03-20 14:00,28485,18303,10182,28932
2018-03-20 13:00,25461,15631,9830,25834
2018-03-20 12:00,23971,14308,9663,24054
2018-03-20 11:00,23496,13894,9602,23518
2018-03-20 10:00,23608,13777,9831,23613
2018-03-20 09:00,24188,13908,10280,24179
2018-03-20 08:00,25100,14495,10605,25118
2018-03-20 07:00,26368,15444,10924,26911
2018-03-20 06:00,28514,16767,11747,29073
2018-03-20 05:00,30916,18708,12208,31193
2018-03-20 04:00,32502,19733,12769,32568
2018-03-20 03:00,32581,19558,13023,32634
2018-03-20 02:00,30349,17562,12787,30551
2018-03-20 01:00,29065,17473,11592,29461
2018-03-20 00:00,28495,18124,10371,28511
2018-03-19 23:00,28193,18497,9696,27621
2018-03-19 22:00,27744,18810,8934,27158
2018-03-19 21:00,27630,18747,8883,26939
2018-03-19 20:00,27740,18937,8803,26989
2018-03-19 19:00,28292,19379,8913,27440
2018-03-19 18:00,29103,19359,9744,28242
2018-03-19 17:00,29687,19218,10469,29103
2018-03-19 16:00,30599,17736,12863,29895
2018-03-19 15:00,31170,15275,15895,30111
2018-03-19 14:00,29409,14784,14625,29140
2018-03-19 13:00,25945,14439,11506,26091
2018-03-19 12:00,23982,14401,9581,24213
2018-03-19 11:00,23575,14499,9076,23387
2018-03-19 10:00,23574,14855,8719,23334
2018-03-19 09:00,24024,15100,8924,23706
2018-03-19 08:00,24838,15692,9146,24677
2018-03-19 07:00,25909,16799,9110,26422
2018-03-19 06:00,27627,17403,10224,28415
2018-03-19 05:00,29581,18626,10955,29931
2018-03-19 04:00,30774,19208,11566,30827
2018-03-19 03:00,30669,18900,11769,30348
2018-03-19 02:00,28399,17144,11255,27679
2018-03-19 01:00,26638,17371,9267,25614
2018-03-19 00:00,24968,17309,7659,23906
2018-03-18 23:00,24385,16931,7454,22858
2018-03-18 22:00,23625,17402,6223,22134
2018-03-18 21:00,23477,18736,4741,22071
2018-03-18 20:00,23853,19190,4663,22327
2018-03-18 19:00,24491,19595,4896,22993
2018-03-18 18:00,24740,20191,4549,23813
2018-03-18 17:00,25107,20546,4561,24655
2018-03-18 16:00,25474,19040,6434,25208
2018-03-18 15:00,25792,16402,9390,25600
2018-03-18 14:00,25561,15218,10343,24893
2018-03-18 13:00,24515,14774,9741,24077
2018-03-18 12:00,24015,14667,9348,23477
2018-03-18 11:00,23895,14762,9133,23374
2018-03-18 10:00,24154,14878,9276,23627
2018-03-18 09:00,24789,14983,9806,24241
2018-03-18 08:00,25500,15815,9685,25082
2018-03-18 07:00,26749,17076,9673,26500
2018-03-18 06:00,28350,18459,9891,28367
2018-03-18 05:00,29726,19745,9981,29810
2018-03-18 04:00,30483,20890,9593,30713
2018-03-18 03:00,30108,21372,8736,30300
2018-03-18 02:00,27774,20039,7735,28176
2018-03-18 01:00,26445,21087,5358,26817
2018-03-18 00:00,25684,22118,3566,25893
2018-03-17 23:00,25344,22764,2580,25106
2018-03-17 22:00,25036,22959,2077,25000
2018-03-17 21:00,25285,22886,2399,25131
2018-03-17 20:00,25688,22994,2694,25489
2018-03-17 19:00,26291,22467,3824,26052
2018-03-17 18:00,26851,22220,4631,26624
2018-03-17 17:00,27211,21540,5671,27187
2018-03-17 16:00,27454,20703,6751,27313
2018-03-17 15:00,27248,19911,7337,27034
2018-03-17 14:00,26441,18157,8284,26168
2018-03-17 13:00,25014,15940,9074,24843
2018-03-17 12:00,24280,14849,9431,24020
2018-03-17 11:00,24151,14504,9647,23744
2018-03-17 10:00,24494,14648,9846,24011
2018-03-17 09:00,25155,15185,9970,24712
2018-03-17 08:00,26033,15634,10399,25843
2018-03-17 07:00,27652,16390,11262,27112
2018-03-17 06:00,29639,17893,11746,29225
2018-03-17 05:00,31459,19378,12081,31088
2018-03-17 04:00,32526,20891,11635,32345
2018-03-17 03:00,32476,21459,11017,32236
2018-03-17 02:00,30544,20259,10285,30126
2018-03-17 01:00,29193,22415,6778,29280
2018-03-17 00:00,29033,24155,4878,28591
2018-03-16 23:00,29160,24110,5050,28292
2018-03-16 22:00,29250,24215,5035,28597
2018-03-16 21:00,29631,24649,4982,29156
2018-03-16 20:00,29912,24968,4944,29433
2018-03-16 19:00,30520,24876,5644,29982
2018-03-16 18:00,31026,24534,6492,30277
2018-03-16 17:00,31106,24232,6874,30599
2018-03-16 16:00,31583,22566,9017,30753
2018-03-16 15:00,31575,21487,10088,30718
2018-03-16 14:00,29581,19016,10565,28966
2018-03-16 13:00,26507,16705,9802,26113
2018-03-16 12:00,24777,15595,9182,24445
2018-03-16 11:00,24073,15168,8905,23776
2018-03-16 10:00,24275,14867,9408,23903
2018-03-16 09:00,24835,14806,10029,24456
2018-03-16 08:00,25879,15431,10448,25426
2018-03-16 07:00,27279,16054,11225,27104
2018-03-16 06:00,29471,18205,11266,29331
2018-03-16 05:00,31688,20013,11675,31612
2018-03-16 04:00,33127,20998,12129,33154
2018-03-16 03:00,33234,21284,11950,33207
2018-03-16 02:00,31047,20288,10759,30702
2018-03-16 01:00,29561,20490,9071,29888
2018-03-16 00:00,29357,21464,7893,29132
2018-03-15 23:00,28885,22070,6815,28805
2018-03-15 22:00,28943,22421,6522,28748
2018-03-15 21:00,29227,22441,6786,28914
2018-03-15 20:00,29585,22765,6820,29088
2018-03-15 19:00,29561,22945,6616,29342
2018-03-15 18:00,29848,22812,7036,29728
2018-03-15 17:00,30448,22323,8125,30147
2018-03-15 16:00,31012,20699,10313,30897
2018-03-15 15:00,31406,19241,12165,31140
2018-03-15 14:00,29302,17481,11821,29151
2018-03-15 13:00,26187,15734,10453,26086
2018-03-15 12:00,24856,14851,10005,24231
2018-03-15 11:00,24306,14731,9575,23509
2018-03-15 10:00,24556,14609,9947,23557
2018-03-15 09:00,25179,14848,10331,24134
2018-03-15 08:00,25989,15568,10421,25095
2018-03-15 07:00,27184,16602,10582,27357
2018-03-15 06:00,29387,17957,11430,29591
2018-03-15 05:00,31555,19184,12371,32077
2018-03-15 04:00,32960,20649,12311,33546
2018-03-15 03:00,33059,21606,11453,33561
2018-03-15 02:00,30835,21046,9789,31688
2018-03-15 01:00,29504,21240,8264,30853
2018-03-15 00:00,28929,21678,7251,29718
2018-03-14 23:00,28897,3597,25300,29050
2018-03-14 22:00,29253,23162,6091,28987
2018-03-14 21:00,29729,24052,5677,29224
2018-03-14 20:00,29817,23436,6381,29431
2018-03-14 19:00,30648,22507,8141,29810
2018-03-14 18:00,30772,21727,9045,30148
2018-03-14 17:00,30629,21009,9620,30530
2018-03-14 16:00,30783,19799,10984,30949
2018-03-14 15:00,30854,19356,11498,30587
2018-03-14 14:00,28878,17356,11522,28962
2018-03-14 13:00,25932,15162,10770,26081
2018-03-14 12:00,24277,14322,9955,24266
2018-03-14 11:00,23923,14149,9774,23542
2018-03-14 10:00,24115,14096,10019,23649
2018-03-14 09:00,24755,14391,10364,24179
2018-03-14 08:00,25758,15128,10630,25162
2018-03-14 07:00,26898,15828,11070,26634
2018-03-14 06:00,29100,17317,11783,28978
2018-03-14 05:00,31376,18985,12391,31335
2018-03-14 04:00,32934,20817,12117,32944
2018-03-14 03:00,33364,21763,11601,32937
2018-03-14 02:00,31753,20386,11367,31218
2018-03-14 01:00,30786,20232,10554,30604
2018-03-14 00:00,30436,20940,9496,29870
2018-03-13 23:00,5134,21994,-16860,29566
2018-03-13 22:00,30493,23235,7258,29346
2018-03-13 21:00,30808,23495,7313,29387
2018-03-13 20:00,30822,23297,7525,29559
2018-03-13 19:00,31013,23216,7797,29814
2018-03-13 18:00,31373,22381,8992,30048
2018-03-13 17:00,31406,21838,9568,30162
2018-03-13 16:00,31000,20302,10698,30151
2018-03-13 15:00,30408,18867,11541,30072
2018-03-13 14:00,28406,16902,11504,28312
2018-03-13 13:00,25494,15125,10369,25424
2018-03-13 12:00,24070,13924,10146,23737
2018-03-13 11:00,23648,13561,10087,23119
2018-03-13 10:00,23861,13553,10308,23228
2018-03-13 09:00,24488,13906,10582,23822
2018-03-13 08:00,25377,16557,8820,24817
2018-03-13 07:00,26635,3173,23462,4309
2018-03-13 06:00,28846,3682,25164,4650
2018-03-13 05:00,31282,3729,27553,5003
2018-03-13 04:00,32970,3815,29155,5308
2018-03-13 03:00,33539,3706,29833,5385
2018-03-13 02:00,31912,3131,28781,5402
2018-03-13 01:00,30786,2670,28116,5269
2018-03-13 00:00,30063,2551,27512,4906
2018-03-12 23:00,29633,2562,27071,4766
2018-03-12 22:00,29636,2704,26932,4725
2018-03-12 21:00,29434,2608,26826,4717
2018-03-12 20:00,29040,2694,26346,4759
2018-03-12 19:00,29191,2575,26616,4766
2018-03-12 18:00,29097,2454,26643,4750
2018-03-12 17:00,29538,2447,27091,4728
2018-03-12 16:00,30007,2451,27556,4740
2018-03-12 15:00,30052,2495,27557,4761
2018-03-12 14:00,28086,2398,25688,4644
2018-03-12 13:00,25223,2372,22851,4331
2018-03-12 12:00,23514,2317,21197,3922
2018-03-12 11:00,22834,2404,20430,3734
2018-03-12 10:00,22848,2455,20393,3727
2018-03-12 09:00,23371,696,22675,3782
2018-03-12 08:00,26968,15803,11165,6296
2018-03-12 07:00,4478,2960,1518,4219
2018-03-12 06:00,4833,17565,-12732,4569
2018-03-12 05:00,5062,18235,-13173,4886
2018-03-12 04:00,5127,18832,-13705,5090
2018-03-12 03:00,4860,19056,-14196,5079
2018-03-12 02:00,4549,17586,-13037,4879
2018-03-12 01:00,4359,16827,-12468,4550
2018-03-12 00:00,4249,16833,-12584,4344
2018-03-11 23:00,4233,16830,-12597,4265
2018-03-11 22:00,4221,16897,-12676,4254
2018-03-11 21:00,4238,17164,-12926,4259
2018-03-11 20:00,4234,17704,-13470,4286
2018-03-11 19:00,4197,17576,-13379,4362
2018-03-11 18:00,4134,17276,-13142,4400
2018-03-11 17:00,4111,16364,-12253,4399
2018-03-11 16:00,4103,15200,-11097,4378
2018-03-11 15:00,4027,14140,-10113,4399
2018-03-11 14:00,3924,14007,-10083,4240
2018-03-11 13:00,3837,13930,-10093,3911
2018-03-11 12:00,3821,14001,-10180,3720
2018-03-11 11:00,3896,14161,-10265,3724
2018-03-11 10:00,4045,14408,-10363,2908
2018-03-11 09:00,1530,14825,-13295,1540
2018-03-11 08:00,27087,15904,11183,26206
2018-03-11 07:00,4718,17563,-12845,4431
2018-03-11 06:00,28957,18741,10216,28129
2018-03-11 05:00,30097,19839,10258,29318
2018-03-11 04:00,30767,20982,9785,30047
2018-03-11 03:00,30847,21239,9608,29783
2018-03-11 02:00,29254,20090,9164,27595
2018-03-11 01:00,27951,20030,7921,25933
2018-03-11 00:00,27543,20889,6654,25372
2018-03-10 23:00,27215,21889,5326,25282
2018-03-10 22:00,27140,22850,4290,25512
2018-03-10 21:00,27254,22822,4432,25742
2018-03-10 20:00,27589,22809,4780,26134
2018-03-10 19:00,27730,22559,5171,26428
2018-03-10 18:00,27334,22190,5144,26514
2018-03-10 17:00,26423,21800,4623,26201
2018-03-10 16:00,25173,19844,5329,25319
2018-03-10 15:00,24291,17750,6541,24472
2018-03-10 14:00,23427,16561,6866,23620
2018-03-10 13:00,22995,15327,7668,22775
2018-03-10 12:00,22893,14628,8265,22541
2018-03-10 11:00,23220,14653,8567,22797
2018-03-10 10:00,23882,15070,8812,23474
2018-03-10 09:00,25342,15717,9625,24697
2018-03-10 08:00,26057,16206,9851,26099
2018-03-10 07:00,28003,17948,10055,28078
2018-03-10 06:00,29727,19890,9837,30068
2018-03-10 05:00,31150,20743,10407,31530
2018-03-10 04:00,32096,21403,10693,32597
2018-03-10 03:00,32538,21897,10641,32784
2018-03-10 02:00,30848,21138,9710,31205
2018-03-10 01:00,29589,21235,8354,30092
2018-03-10 00:00,29197,23204,5993,29555
2018-03-09 23:00,28778,23870,4908,28683
2018-03-09 22:00,28857,24098,4759,28334
2018-03-09 21:00,28424,23924,4500,28135
2018-03-09 20:00,28333,24041,4292,28211
2018-03-09 19:00,28539,23869,4670,28419
2018-03-09 18:00,28733,23335,5398,28696
2018-03-09 17:00,28867,21522,7345,29027
2018-03-09 16:00,28868,20143,8725,29188
2018-03-09 15:00,28123,18124,9999,27762
2018-03-09 14:00,26189,16947,9242,25519
2018-03-09 13:00,24292,15778,8514,23661
2018-03-09 12:00,23551,15186,8365,22893
2018-03-09 11:00,23651,15108,8543,22922
2018-03-09 10:00,24163,15410,8753,23401
2018-03-09 09:00,25034,15758,9276,24276
2018-03-09 08:00,25999,16989,9010,26336
2018-03-09 07:00,27995,17830,10165,28394
2018-03-09 06:00,30373,19139,11234,30732
2018-03-09 05:00,32051,20474,11577,32374
2018-03-09 04:00,33011,21444,11567,33315
2018-03-09 03:00,33123,22252,10871,33408
2018-03-09 02:00,31095,20449,10646,31703
2018-03-09 01:00,29773,19860,9913,30397
2018-03-09 00:00,29398,20484,8914,29633
2018-03-08 23:00,28903,20679,8224,28548
2018-03-08 22:00,28452,20849,7603,28118
2018-03-08 21:00,28328,21105,7223,27824
2018-03-08 20:00,28547,20878,7669,27856
2018-03-08 19:00,28785,20846,7939,28139
2018-03-08 18:00,29084,21717,7367,28510
2018-03-08 17:00,29242,21043,8199,29135
2018-03-08 16:00,29668,20097,9571,29719
2018-03-08 15:00,28643,18418,10225,28711
2018-03-08 14:00,26237,17096,9141,25960
2018-03-08 13:00,24383,15972,8411,24062
2018-03-08 12:00,23678,15255,8423,23292
2018-03-08 11:00,23762,15161,8601,23321
2018-03-08 10:00,24244,15697,8547,23772
2018-03-08 09:00,25108,16339,8769,24614
2018-03-08 08:00,26094,17990,8104,26569
2018-03-08 07:00,28156,18505,9651,28672
2018-03-08 06:00,30362,20164,10198,31090
2018-03-08 05:00,32022,21522,10500,32784
2018-03-08 04:00,32982,22276,10706,33628
2018-03-08 03:00,33148,22542,10606,33658
2018-03-08 02:00,31030,20929,10101,31943
2018-03-08 01:00,29473,22727,6746,30425
2018-03-08 00:00,28781,23966,4815,29878
2018-03-07 23:00,28669,23832,4837,29487
2018-03-07 22:00,28430,23882,4548,29321
2018-03-07 21:00,28566,23694,4872,29217
2018-03-07 20:00,29054,23025,6029,29391
2018-03-07 19:00,29632,23241,6391,29712
2018-03-07 18:00,30436,23550,6886,30066
2018-03-07 17:00,30788,22790,7998,30535
2018-03-07 16:00,30278,22322,7956,31157
2018-03-07 15:00,28939,20472,8467,29869
2018-03-07 14:00,26532,18423,8109,27026
2018-03-07 13:00,24564,16661,7903,24983
2018-03-07 12:00,23765,16247,7518,24161
2018-03-07 11:00,23786,16239,7547,24122
2018-03-07 10:00,24243,16385,7858,24526
2018-03-07 09:00,25144,17108,8036,25343
2018-03-07 08:00,26882,17622,9260,26521
2018-03-07 07:00,28780,18856,9924,28713
2018-03-07 06:00,31064,20891,10173,30987
2018-03-07 05:00,32764,22088,10676,32739
2018-03-07 04:00,33772,23013,10759,33694
2018-03-07 03:00,33976,23705,10271,33664
2018-03-07 02:00,31575,21310,10265,31330
2018-03-07 01:00,29896,21532,8364,29928
2018-03-07 00:00,29271,22838,6433,28978
2018-03-06 23:00,28810,23259,5551,28475
2018-03-06 22:00,28307,23383,4924,27993
2018-03-06 21:00,27945,23474,4471,27789
2018-03-06 20:00,28110,23616,4494,28020
2018-03-06 19:00,28614,23898,4716,28438
2018-03-06 18:00,29546,24067,5479,29099
2018-03-06 17:00,30147,23085,7062,30037
2018-03-06 16:00,30937,22382,8555,30803
2018-03-06 15:00,30460,20035,10425,29729
2018-03-06 14:00,27780,17748,10032,26887
2018-03-06 13:00,25886,15747,10139,24751
2018-03-06 12:00,24933,15386,9547,23939
2018-03-06 11:00,24938,15210,9728,24049
2018-03-06 10:00,25418,15385,10033,24532
2018-03-06 09:00,26311,15641,10670,25378
2018-03-06 08:00,27582,16637,10945,27168
2018-03-06 07:00,29541,17987,11554,29289
2018-03-06 06:00,31904,19739,12165,31773
2018-03-06 05:00,33594,21671,11923,33512
2018-03-06 04:00,34369,22523,11846,34485
2018-03-06 03:00,34433,22805,11628,34031
2018-03-06 02:00,31875,20266,11609,31435
2018-03-06 01:00,29904,20461,9443,29638
2018-03-06 00:00,28909,21018,7891,28652
2018-03-05 23:00,28193,20697,7496,28220
2018-03-05 22:00,27869,20503,7366,27841
2018-03-05 21:00,27875,20538,7337,27764
2018-03-05 20:00,28289,21077,7212,28122
2018-03-05 19:00,28936,21698,7238,28854
2018-03-05 18:00,29783,22017,7766,29551
2018-03-05 17:00,30541,21602,8939,30447
2018-03-05 16:00,31561,19282,12279,31210
2018-03-05 15:00,30923,17019,13904,30241
2018-03-05 14:00,27992,16486,11506,27438
2018-03-05 13:00,25651,16002,9649,25233
2018-03-05 12:00,24891,16084,8807,24197
2018-03-05 11:00,24840,16729,8111,23998
2018-03-05 10:00,25089,17254,7835,24250
2018-03-05 09:00,25650,17909,7741,24844
2018-03-05 08:00,26664,18871,7793,26400
2018-03-05 07:00,28574,19951,8623,28263
2018-03-05 06:00,30279,20809,9470,30135
2018-03-05 05:00,31234,21659,9575,31360
2018-03-05 04:00,31740,22029,9711,31956
2018-03-05 03:00,31379,22428,8951,31629
2018-03-05 02:00,28305,20466,7839,29854
2018-03-05 01:00,26160,19668,6492,27015
2018-03-05 00:00,24733,19883,4850,25533
2018-03-04 23:00,23942,20190,3752,24764
2018-03-04 22:00,23593,20674,2919,24590
2018-03-04 21:00,23802,20797,3005,24784
2018-03-04 20:00,24389,20859,3530,25163
2018-03-04 19:00,24916,20574,4342,25656
2018-03-04 18:00,25460,20268,5192,26024
2018-03-04 17:00,26115,19934,6181,26527
2018-03-04 16:00,26067,18734,7333,26554
2018-03-04 15:00,25974,16555,9419,26295
2018-03-04 14:00,25430,16289,9141,25509
2018-03-04 13:00,24818,15569,9249,24803
2018-03-04 12:00,24610,15358,9252,24604
2018-03-04 11:00,24755,15507,9248,24671
2018-03-04 10:00,25257,15770,9487,25246
2018-03-04 09:00,26033,16468,9565,26147
2018-03-04 08:00,27075,17947,9128,27241
2018-03-04 07:00,28676,19378,9298,28755
2018-03-04 06:00,30299,20534,9765,30480
2018-03-04 05:00,31359,21369,9990,31500
2018-03-04 04:00,31833,22355,9478,32040
2018-03-04 03:00,31872,23271,8601,31902
2018-03-04 02:00,29572,21620,7952,29349
2018-03-04 01:00,27670,21554,6116,27226
2018-03-04 00:00,26809,22887,3922,26075
2018-03-03 23:00,27034,20199,6835,25839
2018-03-03 22:00,26837,20272,6565,26398
2018-03-03 21:00,26806,20737,6069,26844
2018-03-03 20:00,27354,19997,7357,27333
2018-03-03 19:00,27831,20170,7661,27701
2018-03-03 18:00,27953,20175,7778,28140
2018-03-03 17:00,27460,19155,8305,28108
2018-03-03 16:00,26854,17960,8894,27963
2018-03-03 15:00,26310,16874,9436,27115
2018-03-03 14:00,25437,15693,9744,25975
2018-03-03 13:00,24895,14140,10755,25101
2018-03-03 12:00,24805,13763,11042,24833
2018-03-03 11:00,25106,13748,11358,25008
2018-03-03 10:00,25648,13633,12015,25604
2018-03-03 09:00,26391,14293,12098,26570
2018-03-03 08:00,27903,15136,12767,27695
2018-03-03 07:00,29935,16638,13297,29803
2018-03-03 06:00,31857,17832,14025,31928
2018-03-03 05:00,33329,18823,14506,33595
2018-03-03 04:00,34169,19691,14478,34704
2018-03-03 03:00,34519,20184,14335,34584
2018-03-03 02:00,33016,18374,14642,32626
2018-03-03 01:00,31523,18905,12618,31170
2018-03-03 00:00,30795,20418,10377,30125
2018-03-02 23:00,26978,20390,6588,26997
2018-03-02 22:00,27430,19947,7483,27291
2018-03-02 21:00,27667,20225,7442,27582
2018-03-02 20:00,27290,20347,6943,28014
2018-03-02 19:00,27430,20695,6735,28501
2018-03-02 18:00,27883,20642,7241,28892
2018-03-02 17:00,28300,19875,8425,29065
2018-03-02 16:00,28541,19166,9375,28829
2018-03-02 15:00,27407,18090,9317,27310
2018-03-02 14:00,24847,16125,8722,24704
2018-03-02 13:00,23032,14751,8281,23072
2018-03-02 12:00,22296,14683,7613,22503
2018-03-02 11:00,22340,14532,7808,22556
2018-03-02 10:00,22780,14216,8564,22998
2018-03-02 09:00,23383,14648,8735,23760
2018-03-02 08:00,24687,15902,8785,25292
2018-03-02 07:00,26636,17026,9610,27400
2018-03-02 06:00,28760,18541,10219,29732
2018-03-02 05:00,30218,19614,10604,31333
2018-03-02 04:00,30956,20147,10809,32280
2018-03-02 03:00,31055,20718,10337,32357
2018-03-02 02:00,29030,19431,9599,30485
2018-03-02 01:00,27390,20449,6941,28662
2018-03-02 00:00,27098,21958,5140,27603
2018-03-01 23:00,26612,22037,4575,27250
2018-03-01 22:00,26623,22015,4608,27177
2018-03-01 21:00,26946,21594,5352,27357
2018-03-01 20:00,27615,21555,6060,27679
2018-03-01 19:00,28404,21782,6622,28118
2018-03-01 18:00,28835,21957,6878,28502
2018-03-01 17:00,28747,21921,6826,28977
2018-03-01 16:00,28957,21362,7595,29011
2018-03-01 15:00,27903,19683,8220,27685
2018-03-01 14:00,25279,17369,7910,25072
2018-03-01 13:00,23858,15874,7984,23342
2018-03-01 12:00,23500,15415,8085,22681
2018-03-01 11:00,23239,15344,7895,22711
2018-03-01 10:00,23357,15516,7841,23161
2018-03-01 09:00,23830,15875,7955,23963
2018-03-01 08:00,25098,16258,8840,25880
2018-03-01 07:00,27019,17891,9128,27722
2018-03-01 06:00,29263,19419,9844,29850
2018-03-01 05:00,30671,20334,10337,31320
2018-03-01 04:00,31448,20800,10648,32191
2018-03-01 03:00,31633,21144,10489,32291
2018-03-01 02:00,29354,19045,10309,29782
2018-03-01 01:00,27328,19217,8111,27797
2018-03-01 00:00,26497,20021,6476,26855
2018-02-28 23:00,26072,18705,7367,26442
2018-02-28 22:00,25991,19449,6542,26212
2018-02-28 21:00,26001,19397,6604,26267
2018-02-28 20:00,26502,19026,7476,26671
2018-02-28 19:00,27168,19119,8049,27275
2018-02-28 18:00,27764,19583,8181,27999
2018-02-28 17:00,28611,19685,8926,29327
2018-02-28 16:00,29789,19038,10751,30299
2018-02-28 15:00,29283,17592,11691,29100
2018-02-28 14:00,26613,15598,11015,26252
2018-02-28 13:00,24672,14520,10152,24357
2018-02-28 12:00,24175,14364,9811,23659
2018-02-28 11:00,24264,14236,10028,23579
2018-02-28 10:00,24595,13976,10619,23906
2018-02-28 09:00,24896,14353,10543,24612
2018-02-28 08:00,26243,15105,11138,25830
2018-02-28 07:00,28054,15994,12060,27684
2018-02-28 06:00,30331,17439,12892,29804
2018-02-28 05:00,31668,18684,12984,31433
2018-02-28 04:00,32281,19772,12509,32258
2018-02-28 03:00,32260,20293,11967,32243
2018-02-28 02:00,29630,18691,10939,29708
2018-02-28 01:00,27567,18760,8807,27576
2018-02-28 00:00,26865,19699,7166,26711
2018-02-27 23:00,26110,20294,5816,26099
2018-02-27 22:00,26336,21022,5314,26156
2018-02-27 21:00,26472,20655,5817,26202
2018-02-27 20:00,26915,20473,6442,26597
2018-02-27 19:00,26978,20437,6541,27098
2018-02-27 18:00,28218,21131,7087,27796
2018-02-27 17:00,28656,20648,8008,28830
2018-02-27 16:00,28994,18929,10065,29642
2018-02-27 15:00,28004,17253,10751,28508
2018-02-27 14:00,25234,15115,10119,25688
2018-02-27 13:00,23253,13456,9797,23848
2018-02-27 12:00,22570,12947,9623,23143
2018-02-27 11:00,22550,12792,9758,23170
2018-02-27 10:00,22987,12917,10070,23580
2018-02-27 09:00,23859,13216,10643,24357
2018-02-27 08:00,25179,16554,8625,27683
2018-02-27 07:00,27046,17946,9100,29891
2018-02-27 06:00,29309,19265,10044,32437
2018-02-27 05:00,30846,19926,10920,34305
2018-02-27 04:00,31693,20183,11510,35451
2018-02-27 03:00,31930,20175,11755,35684
2018-02-27 02:00,29842,18190,11652,33728
2018-02-27 01:00,28081,18570,9511,31716
2018-02-27 00:00,27531,20232,7299,30703
2018-02-26 23:00,26919,20586,6333,30351
2018-02-26 22:00,26968,20140,6828,30080
2018-02-26 21:00,26497,20120,6377,29943
2018-02-26 20:00,26707,20072,6635,30035
2018-02-26 19:00,27140,20575,6565,30557
2018-02-26 18:00,27631,20625,7006,31175
2018-02-26 17:00,28458,19478,8980,31635
2018-02-26 16:00,28716,17158,11558,32003
2018-02-26 15:00,27658,16084,11574,30826
2018-02-26 14:00,24830,15586,9244,27747
2018-02-26 13:00,22893,15153,7740,25630
2018-02-26 12:00,22157,15079,7078,24653
2018-02-26 11:00,22044,15392,6652,24639
2018-02-26 10:00,22310,15770,6540,25126
2018-02-26 09:00,22813,16562,6251,26002
2018-02-26 08:00,26509,17696,8813,26435
2018-02-26 07:00,28318,19112,9206,28152
2018-02-26 06:00,30239,19568,10671,30066
2018-02-26 05:00,31548,20233,11315,31329
2018-02-26 04:00,32113,20230,11883,31983
2018-02-26 03:00,31961,20174,11787,31777
2018-02-26 02:00,28946,18266,10680,29339
2018-02-26 01:00,26628,19566,7062,26621
2018-02-26 00:00,25499,21269,4230,25196
2018-02-25 23:00,24606,21684,2922,24332
2018-02-25 22:00,24286,21377,2909,23955
2018-02-25 21:00,24377,21221,3156,23974
2018-02-25 20:00,24766,21110,3656,24364
2018-02-25 19:00,25473,21132,4341,24996
2018-02-25 18:00,26363,21259,5104,25750
2018-02-25 17:00,26963,20765,6198,26124
2018-02-25 16:00,27240,19558,7682,26267
2018-02-25 15:00,27208,18446,8762,26056
2018-02-25 14:00,26443,17836,8607,25191
2018-02-25 13:00,25792,17090,8702,24443
2018-02-25 12:00,25526,17054,8472,24180
2018-02-25 11:00,25622,17242,8380,24319
2018-02-25 10:00,26211,17783,8428,24814
2018-02-25 09:00,27204,18660,8544,25675
2018-02-25 08:00,28354,19522,8832,27128
2018-02-25 07:00,29891,21008,8883,28750
2018-02-25 06:00,31311,21896,9415,30244
2018-02-25 05:00,32191,22535,9656,31198
2018-02-25 04:00,32539,22872,9667,31905
2018-02-25 03:00,32547,23289,9258,32015
2018-02-25 02:00,29855,21582,8273,29864
2018-02-25 01:00,27823,22367,5456,27530
2018-02-25 00:00,26720,24112,2608,26280
2018-02-24 23:00,26185,24512,1673,25545
2018-02-24 22:00,26035,23999,2036,25265
2018-02-24 21:00,26381,23967,2414,25447
2018-02-24 20:00,27107,23913,3194,26060
2018-02-24 19:00,28213,24660,3553,26817
2018-02-24 18:00,28738,25551,3187,27549
2018-02-24 17:00,29409,25151,4258,28181
2018-02-24 16:00,29957,24374,5583,28322
2018-02-24 15:00,29783,22786,6997,27976
2018-02-24 14:00,28659,20409,8250,27105
2018-02-24 13:00,27683,18571,9112,26290
2018-02-24 12:00,27406,17591,9815,26040
2018-02-24 11:00,27524,17563,9961,26175
2018-02-24 10:00,28092,18067,10025,26683
2018-02-24 09:00,29106,18796,10310,27529
2018-02-24 08:00,30500,19276,11224,28191
2018-02-24 07:00,32333,21173,11160,30151
2018-02-24 06:00,34256,22876,11380,32009
2018-02-24 05:00,35330,24038,11292,33431
2018-02-24 04:00,35707,24688,11019,34438
2018-02-24 03:00,35681,25211,10470,34521
2018-02-24 02:00,33023,23474,9549,32178
2018-02-24 01:00,30561,23659,6902,29893
2018-02-24 00:00,29480,25165,4315,28832
2018-02-23 23:00,29187,25590,3597,28452
2018-02-23 22:00,29428,25767,3661,28500
2018-02-23 21:00,29279,26058,3221,28658
2018-02-23 20:00,30325,25726,4599,29176
2018-02-23 19:00,31298,25832,5466,29970
2018-02-23 18:00,32055,25643,6412,30937
2018-02-23 17:00,32854,25635,7219,32065
2018-02-23 16:00,33446,24653,8793,32563
2018-02-23 15:00,32424,22861,9563,31616
2018-02-23 14:00,29503,20724,8779,29106
2018-02-23 13:00,27584,18716,8868,27068
2018-02-23 12:00,26803,17985,8818,26193
2018-02-23 11:00,26790,18155,8635,26171
2018-02-23 10:00,27256,18708,8548,26653
2018-02-23 09:00,28223,19349,8874,27487
2018-02-23 08:00,29763,19797,9966,28761
2018-02-23 07:00,31794,21096,10698,30953
2018-02-23 06:00,34108,22671,11437,33304
2018-02-23 05:00,35563,24109,11454,35068
2018-02-23 04:00,36227,24693,11534,35990
2018-02-23 03:00,36297,25011,11286,36078
2018-02-23 02:00,33811,22612,11199,33545
2018-02-23 01:00,31926,22395,9531,31041
2018-02-23 00:00,31367,23217,8150,29608
2018-02-22 23:00,31230,23688,7542,28971
2018-02-22 22:00,31064,23710,7354,28858
2018-02-22 21:00,31057,23513,7544,29084
2018-02-22 20:00,31428,23930,7498,29565
2018-02-22 19:00,31685,24483,7202,30399
2018-02-22 18:00,31797,24489,7308,31362
2018-02-22 17:00,32755,24631,8124,32440
2018-02-22 16:00,33741,24258,9483,33238
2018-02-22 15:00,32934,23396,9538,32101
2018-02-22 14:00,29944,20373,9571,29087
2018-02-22 13:00,27965,18062,9903,26906
2018-02-22 12:00,27241,17653,9588,25966
2018-02-22 11:00,27132,17553,9579,25917
2018-02-22 10:00,27523,17716,9807,26343
2018-02-22 09:00,28360,18282,10078,27248
2018-02-22 08:00,29480,19835,9645,28686
2018-02-22 07:00,31241,21739,9502,30881
2018-02-22 06:00,33361,23669,9692,33449
2018-02-22 05:00,34930,25776,9154,35379
2018-02-22 04:00,35468,25933,9535,36342
2018-02-22 03:00,35478,26121,9357,36272
2018-02-22 02:00,32784,24070,8714,33675
2018-02-22 01:00,30563,23653,6910,31032
2018-02-22 00:00,30313,24560,5753,29720
2018-02-21 23:00,29946,24512,5434,29219
2018-02-21 22:00,29882,24358,5524,29188
2018-02-21 21:00,29931,23969,5962,29265
2018-02-21 20:00,30610,24067,6543,29780
2018-02-21 19:00,31272,24666,6606,30557
2018-02-21 18:00,31964,26002,5962,31637
2018-02-21 17:00,32841,26354,6487,32918
2018-02-21 16:00,33535,25859,7676,33814
2018-02-21 15:00,32714,24485,8229,32779
2018-02-21 14:00,29774,20896,8878,29619
2018-02-21 13:00,27710,18606,9104,27266
2018-02-21 12:00,27335,17446,9889,26295
2018-02-21 11:00,27336,16803,10533,26226
2018-02-21 10:00,27769,17283,10486,26666
2018-02-21 09:00,28322,18411,9911,27565
2018-02-21 08:00,29834,19330,10504,4867
2018-02-21 07:00,32013,21537,10476,5251
2018-02-21 06:00,34172,24776,9396,5706
2018-02-21 05:00,35715,25495,10220,6032
2018-02-21 04:00,36338,26125,10213,6163
2018-02-21 03:00,36268,26259,10009,6233
2018-02-21 02:00,33748,23712,10036,6013
2018-02-21 01:00,31112,22691,8421,5617
2018-02-21 00:00,30072,22969,7103,5524
2018-02-20 23:00,29103,23111,5992,5098
2018-02-20 22:00,28887,23104,5783,5119
2018-02-20 21:00,29248,22929,6319,5172
2018-02-20 20:00,29968,22906,7062,5223
2018-02-20 19:00,30910,22697,8213,5276
2018-02-20 18:00,31845,22141,9704,5388
2018-02-20 17:00,32993,22054,10939,5469
2018-02-20 16:00,33977,20860,13117,5505
2018-02-20 15:00,32960,19145,13815,5402
2018-02-20 14:00,30004,16926,13078,4816
2018-02-20 13:00,27724,15646,12078,4395
2018-02-20 12:00,26752,14941,11811,4179
2018-02-20 11:00,26577,14641,11936,4135
2018-02-20 10:00,26882,14980,11902,4186
2018-02-20 09:00,27700,15689,12011,4330
2018-02-20 08:00,29067,16981,12086,27519
2018-02-20 07:00,30817,18111,12706,29672
2018-02-20 06:00,33071,18822,14249,31903
2018-02-20 05:00,34720,19443,15277,33712
2018-02-20 04:00,35420,20113,15307,34584
2018-02-20 03:00,35345,20526,14819,34770
2018-02-20 02:00,32756,18859,13897,32475
2018-02-20 01:00,30036,19620,10416,30250
2018-02-20 00:00,28592,20811,7781,28826
2018-02-19 23:00,27704,20501,7203,28342
2018-02-19 22:00,27190,19947,7243,28171
2018-02-19 21:00,26957,19975,6982,28286
2018-02-19 20:00,27091,19781,7310,28394
2018-02-19 19:00,27656,20019,7637,28718
2018-02-19 18:00,28327,19939,8388,29042
2018-02-19 17:00,28746,18864,9882,29440
2018-02-19 16:00,28560,16260,12300,29272
2018-02-19 15:00,27722,15034,12688,28348
2018-02-19 14:00,25861,14472,11389,26125
2018-02-19 13:00,24281,14328,9953,24388
2018-02-19 12:00,23712,15158,8554,23613
2018-02-19 11:00,23563,15320,8243,23589
2018-02-19 10:00,23943,15672,8271,24075
2018-02-19 09:00,24747,16611,8136,24834
2018-02-19 08:00,26247,17336,8911,25447
2018-02-19 07:00,27803,19151,8652,27338
2018-02-19 06:00,29445,19202,10243,29336
2018-02-19 05:00,30499,19976,10523,30744
2018-02-19 04:00,31082,20577,10505,31623
2018-02-19 03:00,31136,21231,9905,31887
2018-02-19 02:00,28618,19922,8696,30056
2018-02-19 01:00,25704,17264,8440,27191
2018-02-19 00:00,23872,18979,4893,25831
2018-02-18 23:00,22914,19340,3574,25336
2018-02-18 22:00,22568,19298,3270,25086
2018-02-18 21:00,22578,19399,3179,25116
2018-02-18 20:00,22745,19371,3374,25161
2018-02-18 19:00,23205,19668,3537,25156
2018-02-18 18:00,23732,19914,3818,25189
2018-02-18 17:00,24219,19074,5145,25326
2018-02-18 16:00,24473,17346,7127,25186
2018-02-18 15:00,24429,15896,8533,24813
2018-02-18 14:00,23647,14751,8896,23930
2018-02-18 13:00,23090,14642,8448,23258
2018-02-18 12:00,22908,14267,8641,23163
2018-02-18 11:00,23189,14427,8762,23474
2018-02-18 10:00,23712,15060,8652,24062
2018-02-18 09:00,24566,15894,8672,24923
2018-02-18 08:00,25534,17168,8366,25754
2018-02-18 07:00,26941,18967,7974,27454
2018-02-18 06:00,28547,19954,8593,28965
2018-02-18 05:00,29551,21338,8213,30253
2018-02-18 04:00,30001,22251,7750,31073
2018-02-18 03:00,30368,22822,7546,31297
2018-02-18 02:00,28663,22013,6650,29491
2018-02-18 01:00,26655,21485,5170,27282
2018-02-18 00:00,25776,22265,3511,26194
2018-02-17 23:00,25260,22943,2317,25637
2018-02-17 22:00,24608,23184,1424,25320
2018-02-17 21:00,24757,22930,1827,25284
2018-02-17 20:00,25222,23095,2127,25595
2018-02-17 19:00,25746,22979,2767,26016
2018-02-17 18:00,25912,23174,2738,26578
2018-02-17 17:00,26481,23509,2972,27028
2018-02-17 16:00,26634,22103,4531,26812
2018-02-17 15:00,26412,19684,6728,26285
2018-02-17 14:00,25281,17393,7888,25154
2018-02-17 13:00,24394,15879,8515,24250
2018-02-17 12:00,24171,15333,8838,23973
2018-02-17 11:00,24424,15271,9153,24165
2018-02-17 10:00,24930,15441,9489,24761
2018-02-17 09:00,25818,16168,9650,25734
2018-02-17 08:00,27242,17307,9935,26754
2018-02-17 07:00,29100,18713,10387,28641
2018-02-17 06:00,30735,20297,10438,30569
2018-02-17 05:00,32060,21313,10747,32108
2018-02-17 04:00,32899,22296,10603,33089
2018-02-17 03:00,33473,23156,10317,33562
2018-02-17 02:00,31791,21401,10390,32061
2018-02-17 01:00,29999,21827,8172,30588
2018-02-17 00:00,29154,23676,5478,29677
2018-02-16 23:00,29171,24520,4651,29148
2018-02-16 22:00,28956,24719,4237,28691
2018-02-16 21:00,28900,24540,4360,28508
2018-02-16 20:00,28955,24783,4172,28815
2018-02-16 19:00,29464,24515,4949,29247
2018-02-16 18:00,30106,23763,6343,29740
2018-02-16 17:00,30747,23164,7583,30457
2018-02-16 16:00,31265,22068,9197,30928
2018-02-16 15:00,30156,19895,10261,29839
2018-02-16 14:00,27223,17585,9638,26872
2018-02-16 13:00,25296,15974,9322,24871
2018-02-16 12:00,24570,15358,9212,24040
2018-02-16 11:00,24639,15737,8902,23997
2018-02-16 10:00,25129,15843,9286,24495
2018-02-16 09:00,25997,16529,9468,25378
2018-02-16 08:00,27413,17349,10064,27384
2018-02-16 07:00,29462,18940,10522,29386
2018-02-16 06:00,31571,20514,11057,31725
2018-02-16 05:00,33188,22271,10917,33402
2018-02-16 04:00,33973,23026,10947,34239
2018-02-16 03:00,34359,23968,10391,34552
2018-02-16 02:00,32420,22318,10102,32836
2018-02-16 01:00,30590,21309,9281,30724
2018-02-16 00:00,30239,21775,8464,29561
2018-02-15 23:00,29787,21808,7979,29014
2018-02-15 22:00,29421,21929,7492,28661
2018-02-15 21:00,29232,22133,7099,28512
2018-02-15 20:00,29515,21819,7696,28853
2018-02-15 19:00,30039,21997,8042,29333
2018-02-15 18:00,30573,22103,8470,30002
2018-02-15 17:00,30787,22576,8211,30895
2018-02-15 16:00,31282,21724,9558,31638
2018-02-15 15:00,30137,20249,9888,30611
2018-02-15 14:00,27459,18023,9436,27415
2018-02-15 13:00,25514,16207,9307,25315
2018-02-15 12:00,24747,14895,9852,24424
2018-02-15 11:00,25076,14602,10474,24435
2018-02-15 10:00,25654,14873,10781,24973
2018-02-15 09:00,26392,15637,10755,25908
2018-02-15 08:00,27663,16577,11086,27223
2018-02-15 07:00,29498,18326,11172,29349
2018-02-15 06:00,31630,20281,11349,31781
2018-02-15 05:00,33103,21843,11260,33589
2018-02-15 04:00,34019,22782,11237,34592
2018-02-15 03:00,34415,23695,10720,35053
2018-02-15 02:00,32513,21860,10653,33230
2018-02-15 01:00,30869,20553,10316,30771
2018-02-15 00:00,30290,21318,8972,29505
2018-02-14 23:00,30233,21264,8969,28997
2018-02-14 22:00,30155,21512,8643,28930
2018-02-14 21:00,30562,21710,8852,29116
2018-02-14 20:00,30540,21984,8556,29370
2018-02-14 19:00,30916,21902,9014,29907
2018-02-14 18:00,31201,22027,9174,30776
2018-02-14 17:00,31980,21783,10197,31628
2018-02-14 16:00,32274,21517,10757,31877
2018-02-14 15:00,30797,20521,10276,30425
2018-02-14 14:00,27903,16994,10909,27202
2018-02-14 13:00,26067,15245,10822,25088
2018-02-14 12:00,25285,14564,10721,24242
2018-02-14 11:00,25326,14496,10830,24237
2018-02-14 10:00,25843,14903,10940,24693
2018-02-14 09:00,26380,15336,11044,25574
2018-02-14 08:00,27618,16441,11177,27143
2018-02-14 07:00,29621,18243,11378,29347
2018-02-14 06:00,31992,20275,11717,31707
2018-02-14 05:00,33567,21878,11689,33454
2018-02-14 04:00,34362,23223,11139,34371
2018-02-14 03:00,34697,23889,10808,34560
2018-02-14 02:00,32772,22122,10650,32410
2018-02-14 01:00,30657,20289,10368,29976
2018-02-14 00:00,29921,21559,8362,28722
2018-02-13 23:00,29454,21992,7462,28116
2018-02-13 22:00,28959,21393,7566,28153
2018-02-13 21:00,28889,21217,7672,28276
2018-02-13 20:00,29292,21625,7667,28712
2018-02-13 19:00,29495,22207,7288,29381
2018-02-13 18:00,29867,22444,7423,30063
2018-02-13 17:00,30711,21493,9218,30845
2018-02-13 16:00,31527,20411,11116,31343
2018-02-13 15:00,30277,18625,11652,30001
2018-02-13 14:00,27103,16071,11032,26892
2018-02-13 13:00,25322,14330,10992,24959
2018-02-13 12:00,24610,14173,10437,24147
2018-02-13 11:00,24658,14547,10111,24144
2018-02-13 10:00,24895,14818,10077,24608
2018-02-13 09:00,25819,14711,11108,25545
2018-02-13 08:00,27260,15656,11604,26182
2018-02-13 07:00,29334,17403,11931,28282
2018-02-13 06:00,31750,18487,13263,30884
2018-02-13 05:00,33431,19664,13767,32972
2018-02-13 04:00,34380,20438,13942,34049
2018-02-13 03:00,34788,20708,14080,34332
2018-02-13 02:00,32763,19137,13626,32201
2018-02-13 01:00,30258,16914,13344,30128
2018-02-13 00:00,29282,18004,11278,29153
2018-02-12 23:00,28555,18776,9779,29065
2018-02-12 22:00,28688,19131,9557,29184
2018-02-12 21:00,28822,18781,10041,29270
2018-02-12 20:00,28999,18460,10539,29530
2018-02-12 19:00,29355,18620,10735,30080
2018-02-12 18:00,29973,18684,11289,30816
2018-02-12 17:00,30506,17286,13220,31483
2018-02-12 16:00,30331,14994,15337,31681
2018-02-12 15:00,28815,14289,14526,29796
2018-02-12 14:00,25925,13467,12458,26251
2018-02-12 13:00,23981,12463,11518,23862
2018-02-12 12:00,23088,12205,10883,22761
2018-02-12 11:00,23137,12416,10721,22591
2018-02-12 10:00,23381,12836,10545,22834
2018-02-12 09:00,24175,13636,10539,23570
2018-02-12 08:00,25685,14735,10950,25292
2018-02-12 07:00,27470,16321,11149,26919
2018-02-12 06:00,29472,17457,12015,28875
2018-02-12 05:00,30707,18786,11921,30138
2018-02-12 04:00,31493,19355,12138,30758
2018-02-12 03:00,31650,20077,11573,30756
2018-02-12 02:00,29453,19522,9931,28587
2018-02-12 01:00,26879,19087,7792,26734
2018-02-12 00:00,25476,20672,4804,25321
2018-02-11 23:00,25389,21406,3983,24490
2018-02-11 22:00,25185,21605,3580,24149
2018-02-11 21:00,25157,21335,3822,24069
2018-02-11 20:00,25066,21042,4024,24184
2018-02-11 19:00,25038,20841,4197,24499
2018-02-11 18:00,25129,19819,5310,24777
2018-02-11 17:00,25389,18891,6498,25073
2018-02-11 16:00,25262,18212,7050,24990
2018-02-11 15:00,24980,16069,8911,24602
2018-02-11 14:00,24110,14822,9288,23791
2018-02-11 13:00,22955,13949,9006,23189
2018-02-11 12:00,22548,13718,8830,23030
2018-02-11 11:00,22682,13758,8924,23290
2018-02-11 10:00,23111,14320,8791,23859
2018-02-11 09:00,23944,15336,8608,24763
2018-02-11 08:00,25187,16160,9027,25530
2018-02-11 07:00,26874,18037,8837,27028
2018-02-11 06:00,28492,19781,8711,28463
2018-02-11 05:00,29600,20872,8728,29662
2018-02-11 04:00,30439,21801,8638,30522
2018-02-11 03:00,30758,22587,8171,30759
2018-02-11 02:00,28912,21855,7057,28837
2018-02-11 01:00,26923,21715,5208,26993
2018-02-11 00:00,26495,23253,3242,25944
2018-02-10 23:00,26593,23395,3198,25544
2018-02-10 22:00,26627,22940,3687,25302
2018-02-10 21:00,26727,22644,4083,25350
2018-02-10 20:00,27092,22668,4424,25510
2018-02-10 19:00,27610,22735,4875,25866
2018-02-10 18:00,27336,23051,4285,26202
2018-02-10 17:00,26918,21988,4930,26220
2018-02-10 16:00,26216,20508,5708,25956
2018-02-10 15:00,25559,18314,7245,25410
2018-02-10 14:00,24354,15933,8421,24358
2018-02-10 13:00,23607,14145,9462,23570
2018-02-10 12:00,23466,13604,9862,23339
2018-02-10 11:00,23752,13461,10291,23631
2018-02-10 10:00,24313,13780,10533,24256
2018-02-10 09:00,25372,14406,10966,25250
2018-02-10 08:00,26616,15994,10622,26524
2018-02-10 07:00,28356,17722,10634,28474
2018-02-10 06:00,30249,19785,10464,30393
2018-02-10 05:00,31680,21498,10182,31868
2018-02-10 04:00,32754,22751,10003,33036
2018-02-10 03:00,33632,23390,10242,33995
2018-02-10 02:00,32681,22657,10024,33034
2018-02-10 01:00,31289,22123,9166,31457
2018-02-10 00:00,30586,23327,7259,30798
2018-02-09 23:00,30096,23704,6392,30325
2018-02-09 22:00,29668,23343,6325,29925
2018-02-09 21:00,29321,23008,6313,29430
2018-02-09 20:00,29271,22796,6475,29304
2018-02-09 19:00,29391,22614,6777,29417
2018-02-09 18:00,29738,22307,7431,29632
2018-02-09 17:00,30286,21667,8619,29949
2018-02-09 16:00,30555,20415,10140,30305
2018-02-09 15:00,29320,18608,10712,29283
2018-02-09 14:00,26532,16177,10355,26374
2018-02-09 13:00,24825,14247,10578,24553
2018-02-09 12:00,24167,13475,10692,23822
2018-02-09 11:00,24280,13828,10452,23861
2018-02-09 10:00,24769,14122,10647,24395
2018-02-09 09:00,25727,14945,10782,25272
2018-02-09 08:00,27106,16493,10613,26613
2018-02-09 07:00,28969,18175,10794,28684
2018-02-09 06:00,31158,19839,11319,30928
2018-02-09 05:00,32906,21428,11478,32704
2018-02-09 04:00,34083,22570,11513,33988
2018-02-09 03:00,34957,23448,11509,34816
2018-02-09 02:00,33876,22787,11089,33537
2018-02-09 01:00,32562,22183,10379,32162
2018-02-09 00:00,31797,23491,8306,31118
2018-02-08 23:00,31488,23618,7870,30541
2018-02-08 22:00,30943,23594,7349,29995
2018-02-08 21:00,30340,23350,6990,29366
2018-02-08 20:00,30121,22742,7379,29098
2018-02-08 19:00,30164,22711,7453,28921
2018-02-08 18:00,30172,22343,7829,29016
2018-02-08 17:00,30697,21823,8874,29524
2018-02-08 16:00,31115,20555,10560,29999
2018-02-08 15:00,29915,19360,10555,29012
2018-02-08 14:00,26793,16427,10366,26481
2018-02-08 13:00,24933,14614,10319,24489
2018-02-08 12:00,24207,14148,10059,23775
2018-02-08 11:00,24290,13970,10320,23826
2018-02-08 10:00,24824,14464,10360,24312
2018-02-08 09:00,25758,15534,10224,25249
2018-02-08 08:00,27039,16971,10068,26696
2018-02-08 07:00,29155,18449,10706,28701
2018-02-08 06:00,31485,20198,11287,30966
2018-02-08 05:00,33204,21400,11804,32732
2018-02-08 04:00,34411,22705,11706,33885
2018-02-08 03:00,35178,23150,12028,34703
2018-02-08 02:00,34072,22305,11767,33585
2018-02-08 01:00,32447,21327,11120,31707
2018-02-08 00:00,31391,22927,8464,30694
2018-02-07 23:00,31129,23014,8115,29955
2018-02-07 22:00,30977,22690,8287,29378
2018-02-07 21:00,30579,22502,8077,28913
2018-02-07 20:00,29884,22295,7589,28887
2018-02-07 19:00,29897,22378,7519,29029
2018-02-07 18:00,29960,22170,7790,29340
2018-02-07 17:00,30489,21568,8921,30014
2018-02-07 16:00,31105,19913,11192,30544
2018-02-07 15:00,29935,18308,11627,29537
2018-02-07 14:00,26971,16094,10877,26620
2018-02-07 13:00,24923,14921,10002,24653
2018-02-07 12:00,24272,14688,9584,23895
2018-02-07 11:00,24335,14950,9385,23899
2018-02-07 10:00,24755,15079,9676,24399
2018-02-07 09:00,25706,15633,10073,25345
2018-02-07 08:00,27035,16954,10081,26547
2018-02-07 07:00,29024,17981,11043,28736
2018-02-07 06:00,31191,19475,11716,31139
2018-02-07 05:00,32913,21171,11742,33029
2018-02-07 04:00,33857,22216,11641,34251
2018-02-07 03:00,34651,22846,11805,34975
2018-02-07 02:00,33297,22394,10903,33898
2018-02-07 01:00,31292,21592,9700,32198
2018-02-07 00:00,30227,22355,7872,31001
2018-02-06 23:00,29470,22589,6881,30289
2018-02-06 22:00,28945,22242,6703,29775
2018-02-06 21:00,28449,21784,6665,29326
2018-02-06 20:00,28283,21740,6543,29285
2018-02-06 19:00,28447,21528,6919,29445
2018-02-06 18:00,28950,21110,7840,29822
2018-02-06 17:00,30109,20458,9651,30358
2018-02-06 16:00,30676,18844,11832,30713
2018-02-06 15:00,29407,16944,12463,29580
2018-02-06 14:00,26414,15065,11349,26447
2018-02-06 13:00,24636,13184,11452,24454
2018-02-06 12:00,23912,12426,11486,23692
2018-02-06 11:00,23963,12376,11587,23756
2018-02-06 10:00,24503,12491,12012,24256
2018-02-06 09:00,25416,13371,12045,25195
2018-02-06 08:00,26915,14411,12504,26492
2018-02-06 07:00,28948,16133,12815,28577
2018-02-06 06:00,31177,17743,13434,31015
2018-02-06 05:00,32824,19027,13797,32884
2018-02-06 04:00,33763,19463,14300,34101
2018-02-06 03:00,34677,19908,14769,34678
2018-02-06 02:00,33433,18791,14642,33584
2018-02-06 01:00,31562,17774,13788,31599
2018-02-06 00:00,30639,18605,12034,30225
2018-02-05 23:00,29989,19530,10459,29564
2018-02-05 22:00,29445,19499,9946,29215
2018-02-05 21:00,28973,19305,9668,28896
2018-02-05 20:00,28824,19200,9624,28918
2018-02-05 19:00,28824,19013,9811,29171
2018-02-05 18:00,28998,18476,10522,29745
2018-02-05 17:00,29611,17000,12611,30621
2018-02-05 16:00,29953,14810,15143,31109
2018-02-05 15:00,28719,13762,14957,29772
2018-02-05 14:00,25725,13061,12664,26689
2018-02-05 13:00,24078,12724,11354,24606
2018-02-05 12:00,23295,12728,10567,23865
2018-02-05 11:00,23201,12878,10323,23831
2018-02-05 10:00,23635,13204,10431,24331
2018-02-05 09:00,24393,14372,10021,25298
2018-02-05 08:00,25210,15570,9640,25020
2018-02-05 07:00,27165,16776,10389,26854
2018-02-05 06:00,29315,18224,11091,28779
2018-02-05 05:00,30717,18925,11792,30637
2018-02-05 04:00,31061,19849,11212,31280
2018-02-05 03:00,31562,20002,11560,31598
2018-02-05 02:00,30288,18519,11769,30104
2018-02-05 01:00,28451,17770,10681,27769
2018-02-05 00:00,27537,19254,8283,26387
2018-02-04 23:00,26940,20002,6938,25595
2018-02-04 22:00,26336,20082,6254,25013
2018-02-04 21:00,25807,19850,5957,24720
2018-02-04 20:00,25587,19713,5874,24626
2018-02-04 19:00,25374,19585,5789,24650
2018-02-04 18:00,25376,19507,5869,24763
2018-02-04 17:00,25145,18049,7096,24697
2018-02-04 16:00,24893,15951,8942,24389
2018-02-04 15:00,24647,14788,9859,24368
2018-02-04 14:00,23797,14102,9695,23670
2018-02-04 13:00,23334,13261,10073,23082
2018-02-04 12:00,23257,13306,9951,22979
2018-02-04 11:00,23601,13407,10194,23268
2018-02-04 10:00,23978,13825,10153,23812
2018-02-04 09:00,24762,15157,9605,24783
2018-02-04 08:00,25878,16283,9595,25638
2018-02-04 07:00,27565,17866,9699,27296
2018-02-04 06:00,29144,19254,9890,28908
2018-02-04 05:00,30286,20657,9629,30184
2018-02-04 04:00,31243,21427,9816,31246
2018-02-04 03:00,31956,22418,9538,31957
2018-02-04 02:00,30706,21807,8899,30716
2018-02-04 01:00,28676,20869,7807,28552
2018-02-04 00:00,27912,22460,5452,26998
2018-02-03 23:00,27396,23046,4350,26310
2018-02-03 22:00,26881,23225,3656,25872
2018-02-03 21:00,26775,23147,3628,25778
2018-02-03 20:00,26845,23309,3536,25830
2018-02-03 19:00,26976,23491,3485,25960
2018-02-03 18:00,27037,22821,4216,26105
2018-02-03 17:00,26713,21714,4999,26011
2018-02-03 16:00,26237,20444,5793,25579
2018-02-03 15:00,25767,19029,6738,25311
2018-02-03 14:00,24528,16712,7816,24251
2018-02-03 13:00,23692,14994,8698,23434
2018-02-03 12:00,23546,14529,9017,23257
2018-02-03 11:00,23855,14511,9344,23570
2018-02-03 10:00,24405,14866,9539,24194
2018-02-03 09:00,25423,15870,9553,25271
2018-02-03 08:00,26878,17099,9779,26919
2018-02-03 07:00,28796,18216,10580,28829
2018-02-03 06:00,30687,19653,11034,30830
2018-02-03 05:00,32114,21047,11067,32460
2018-02-03 04:00,33196,22267,10929,33714
2018-02-03 03:00,34116,23203,10913,34589
2018-02-03 02:00,33587,22523,11064,33806
2018-02-03 01:00,32163,21631,10532,31990
2018-02-03 00:00,31969,23023,8946,31034
2018-02-02 23:00,31887,24033,7854,30649
2018-02-02 22:00,31326,23813,7513,30198
2018-02-02 21:00,30844,23478,7366,29787
2018-02-02 20:00,30660,23481,7179,29687
2018-02-02 19:00,30862,23588,7274,29781
2018-02-02 18:00,31146,23607,7539,30016
2018-02-02 17:00,31132,22522,8610,30391
2018-02-02 16:00,31245,21289,9956,30686
2018-02-02 15:00,30104,19789,10315,29530
2018-02-02 14:00,26986,17241,9745,26598
2018-02-02 13:00,25094,15952,9142,24711
2018-02-02 12:00,24407,15550,8857,23970
2018-02-02 11:00,24443,15401,9042,24042
2018-02-02 10:00,25036,15550,9486,24556
2018-02-02 09:00,25969,16025,9944,25480
2018-02-02 08:00,27085,17018,10067,27256
2018-02-02 07:00,28928,18521,10407,29308
2018-02-02 06:00,31168,20021,11147,31658
2018-02-02 05:00,32885,21459,11426,33471
2018-02-02 04:00,33955,22523,11432,34729
2018-02-02 03:00,34728,23678,11050,35448
2018-02-02 02:00,33824,22553,11271,34261
2018-02-02 01:00,31965,21661,10304,32258
2018-02-02 00:00,31351,23590,7761,31280
2018-02-01 23:00,31077,24618,6459,30822
2018-02-01 22:00,30694,24600,6094,30416
2018-02-01 21:00,30128,24220,5908,30088
2018-02-01 20:00,30170,24149,6021,30118
2018-02-01 19:00,30388,23935,6453,30440
2018-02-01 18:00,30838,23417,7421,30724
2018-02-01 17:00,31069,22545,8524,31170
2018-02-01 16:00,31288,21291,9997,31522
2018-02-01 15:00,29926,19748,10178,30271
2018-02-01 14:00,26784,17162,9622,27175
2018-02-01 13:00,24964,15434,9530,25066
2018-02-01 12:00,24376,15015,9361,24261
2018-02-01 11:00,24445,14918,9527,24285
2018-02-01 10:00,24982,15184,9798,24824
2018-02-01 09:00,25956,15549,10407,25699
2018-02-01 08:00,27026,17045,9981,27175
2018-02-01 07:00,28990,18742,10248,29391
2018-02-01 06:00,31277,20532,10745,31826
2018-02-01 05:00,33091,22093,10998,33685
2018-02-01 04:00,34157,22643,11514,34888
2018-02-01 03:00,34942,23438,11504,35662
2018-02-01 02:00,33912,22683,11229,34858
2018-02-01 01:00,31951,21495,10456,32777
2018-02-01 00:00,31330,22515,8815,31694
2018-01-31 23:00,31215,23262,7953,31082
2018-01-31 22:00,30726,23297,7429,30648
2018-01-31 21:00,30294,23195,7099,30256
2018-01-31 20:00,30387,22908,7479,30234
2018-01-31 19:00,30224,22401,7823,30405
2018-01-31 18:00,30579,21520,9059,30654
2018-01-31 17:00,31305,21219,10086,31127
2018-01-31 16:00,31762,20436,11326,31422
2018-01-31 15:00,30497,19166,11331,30319
2018-01-31 14:00,27357,16426,10931,27095
2018-01-31 13:00,25505,14986,10519,24986
2018-01-31 12:00,24789,14662,10127,24078
2018-01-31 11:00,24829,14781,10048,24017
2018-01-31 10:00,25326,15040,10286,24461
2018-01-31 09:00,25886,15857,10029,25227
2018-01-31 08:00,27115,17154,9961,26996
2018-01-31 07:00,29206,18877,10329,29103
2018-01-31 06:00,31598,20790,10808,31629
2018-01-31 05:00,33349,21928,11421,33557
2018-01-31 04:00,34417,23577,10840,34814
2018-01-31 03:00,35152,24260,10892,35548
2018-01-31 02:00,34390,24273,10117,34642
2018-01-31 01:00,32171,22855,9316,32808
2018-01-31 00:00,31269,23026,8243,31791
2018-01-30 23:00,31297,24209,7088,31243
2018-01-30 22:00,30992,24615,6377,30845
2018-01-30 21:00,30829,24283,6546,30434
2018-01-30 20:00,30770,23974,6796,30328
2018-01-30 19:00,30881,23597,7284,30500
2018-01-30 18:00,31173,22734,8439,30725
2018-01-30 17:00,31572,21834,9738,31043
2018-01-30 16:00,31876,20566,11310,31343
2018-01-30 15:00,30298,19046,11252,30142
2018-01-30 14:00,27036,16877,10159,26956
2018-01-30 13:00,25121,15437,9684,24981
2018-01-30 12:00,24399,14610,9789,24242
2018-01-30 11:00,24439,14456,9983,24301
2018-01-30 10:00,25027,14697,10330,24833
2018-01-30 09:00,25855,15443,10412,25692
2018-01-30 08:00,27267,13657,13610,24296
2018-01-30 07:00,29537,14463,15074,26251
2018-01-30 06:00,32072,15887,16185,28418
2018-01-30 05:00,34021,16451,17570,30315
2018-01-30 04:00,35268,17102,18166,31600
2018-01-30 03:00,36189,17798,18391,32303
2018-01-30 02:00,35668,17171,18497,31542
2018-01-30 01:00,33594,16527,17067,29621
2018-01-30 00:00,32841,18010,14831,28895
2018-01-29 23:00,32365,19010,13355,28479
2018-01-29 22:00,32186,19010,13176,28208
2018-01-29 21:00,31702,18763,12939,27881
2018-01-29 20:00,31533,18671,12862,27775
2018-01-29 19:00,31471,18583,12888,27770
2018-01-29 18:00,31274,17981,13293,27811
2018-01-29 17:00,31255,16390,14865,27805
2018-01-29 16:00,31181,14159,17022,27725
2018-01-29 15:00,29670,13215,16455,26523
2018-01-29 14:00,26706,12496,14210,23738
2018-01-29 13:00,24655,12070,12585,21930
2018-01-29 12:00,23775,11759,12016,21207
2018-01-29 11:00,23680,12008,11672,21205
2018-01-29 10:00,24107,12281,11826,21489
2018-01-29 09:00,24737,12940,11797,22165
2018-01-29 08:00,23401,16127,7274,25773
2018-01-29 07:00,24922,17155,7767,27656
2018-01-29 06:00,26636,18049,8587,29662
2018-01-29 05:00,27911,18649,9262,31318
2018-01-29 04:00,28688,19414,9274,32420
2018-01-29 03:00,29089,20035,9054,32948
2018-01-29 02:00,27805,18877,8928,32140
2018-01-29 01:00,25206,17671,7535,29295
2018-01-29 00:00,23833,19235,4598,27543
2018-01-28 23:00,23219,19893,3326,26518
2018-01-28 22:00,22955,20013,2942,25723
2018-01-28 21:00,22660,20008,2652,25222
2018-01-28 20:00,22871,19899,2972,25014
2018-01-28 19:00,23261,20091,3170,25055
2018-01-28 18:00,23636,19884,3752,25210
2018-01-28 17:00,23819,18944,4875,25183
2018-01-28 16:00,23795,17759,6036,24903
2018-01-28 15:00,23391,16711,6680,24746
2018-01-28 14:00,22519,15816,6703,24030
2018-01-28 13:00,22066,15230,6836,23481
2018-01-28 12:00,21966,14977,6989,23385
2018-01-28 11:00,22241,15175,7066,23657
2018-01-28 10:00,22753,15580,7173,24286
2018-01-28 09:00,23483,16198,7285,25275
2018-01-28 08:00,27025,17052,9973,26795
2018-01-28 07:00,28499,18722,9777,28533
2018-01-28 06:00,29833,20236,9597,30190
2018-01-28 05:00,30865,21053,9812,31411
2018-01-28 04:00,31466,22224,9242,32263
2018-01-28 03:00,31909,22555,9354,32699
2018-01-28 02:00,30599,21873,8726,31625
2018-01-28 01:00,27705,20042,7663,28381
2018-01-28 00:00,26544,21073,5471,26399
2018-01-27 23:00,26150,21726,4424,25627
2018-01-27 22:00,26209,21804,4405,25333
2018-01-27 21:00,26382,21614,4768,25425
2018-01-27 20:00,26774,21696,5078,25918
2018-01-27 19:00,27027,22362,4665,26720
2018-01-27 18:00,27791,4385,23406,27488
2018-01-27 17:00,28440,22716,5724,27941
2018-01-27 16:00,28197,21599,6598,27895
2018-01-27 15:00,27519,19925,7594,27298
2018-01-27 14:00,26373,17799,8574,25968
2018-01-27 13:00,25601,16530,9071,24968
2018-01-27 12:00,25320,16261,9059,24682
2018-01-27 11:00,25556,16260,9296,24828
2018-01-27 10:00,26187,16642,9545,25459
2018-01-27 09:00,27182,17253,9929,26559
2018-01-27 08:00,28287,17753,10534,28301
2018-01-27 07:00,30171,18893,11278,30301
2018-01-27 06:00,31948,20743,11205,32178
2018-01-27 05:00,33158,22493,10665,33541
2018-01-27 04:00,33855,23370,10485,34438
2018-01-27 03:00,34352,23833,10519,34841
2018-01-27 02:00,33336,22865,10471,33438
2018-01-27 01:00,30846,21020,9826,30754
2018-01-27 00:00,29882,22110,7772,29320
2018-01-26 23:00,29910,23423,6487,28797
2018-01-26 22:00,29687,24014,5673,28551
2018-01-26 21:00,29725,23867,5858,28599
2018-01-26 20:00,30328,24113,6215,29333
2018-01-26 19:00,31114,24173,6941,30159
2018-01-26 18:00,5999,23843,-17844,30848
2018-01-26 17:00,32555,23279,9276,31735
2018-01-26 16:00,33016,21862,11154,32363
2018-01-26 15:00,31497,20538,10959,31311
2018-01-26 14:00,28137,18074,10063,28067
2018-01-26 13:00,26439,16387,10052,25958
2018-01-26 12:00,25982,15980,10002,25097
2018-01-26 11:00,26116,15970,10146,25074
2018-01-26 10:00,26557,16287,10270,25545
2018-01-26 09:00,26930,16787,10143,26420
2018-01-26 08:00,27993,17750,10243,27792
2018-01-26 07:00,30114,19118,10996,30024
2018-01-26 06:00,32524,21000,11524,32482
2018-01-26 05:00,34165,22811,11354,34365
2018-01-26 04:00,34974,24065,10909,35454
2018-01-26 03:00,35399,24778,10621,35843
2018-01-26 02:00,34146,23837,10309,34842
2018-01-26 01:00,31433,21362,10071,32042
2018-01-26 00:00,30596,21780,8816,30507
2018-01-25 23:00,31081,22649,8432,30096
2018-01-25 22:00,31335,22636,8699,30274
2018-01-25 21:00,31492,22659,8833,30374
2018-01-25 20:00,31582,22610,8972,30671
2018-01-25 19:00,31606,22867,8739,31266
2018-01-25 18:00,32056,22978,9078,31743
2018-01-25 17:00,32497,22558,9939,32147
2018-01-25 16:00,32600,21317,11283,32415
2018-01-25 15:00,31034,20051,10983,30925
2018-01-25 14:00,27681,18384,9297,27737
2018-01-25 13:00,25922,17038,8884,25708
2018-01-25 12:00,25200,16549,8651,24914
2018-01-25 11:00,25268,16533,8735,24943
2018-01-25 10:00,25671,17007,8664,25457
2018-01-25 09:00,26465,17389,9076,26362
2018-01-25 08:00,27711,18470,9241,27409
2018-01-25 07:00,29763,20001,9762,29489
2018-01-25 06:00,32094,21892,10202,31999
2018-01-25 05:00,33816,23250,10566,33906
2018-01-25 04:00,34740,24415,10325,35031
2018-01-25 03:00,35239,24917,10322,35526
2018-01-25 02:00,34510,23917,10593,34515
2018-01-25 01:00,32114,22164,9950,31914
2018-01-25 00:00,31050,22724,8326,30794
2018-01-24 23:00,30886,23586,7300,30320
2018-01-24 22:00,30498,23661,6837,30074
2018-01-24 21:00,30554,23438,7116,30018
2018-01-24 20:00,30822,23219,7603,30211
2018-01-24 19:00,31235,23327,7908,30751
2018-01-24 18:00,31356,23581,7775,31366
2018-01-24 17:00,31958,23255,8703,31859
2018-01-24 16:00,32471,22255,10216,32051
2018-01-24 15:00,31136,21119,10017,30900
2018-01-24 14:00,27879,18765,9114,27645
2018-01-24 13:00,26095,17043,9052,25456
2018-01-24 12:00,25335,16140,9195,24622
2018-01-24 11:00,25318,16233,9085,24606
2018-01-24 10:00,25653,16516,9137,25035
2018-01-24 09:00,26396,17062,9334,25853
2018-01-24 08:00,27825,18063,9762,27950
2018-01-24 07:00,29980,19538,10442,30172
2018-01-24 06:00,32362,21847,10515,32683
2018-01-24 05:00,33979,23310,10669,34559
2018-01-24 04:00,34792,24122,10670,35707
2018-01-24 03:00,35313,24556,10757,36220
2018-01-24 02:00,34271,23651,10620,35446
2018-01-24 01:00,31418,21639,9779,32696
2018-01-24 00:00,29953,22674,7279,31300
2018-01-23 23:00,29576,23633,5943,30699
2018-01-23 22:00,29655,23712,5943,30326
2018-01-23 21:00,29749,23488,6261,30097
2018-01-23 20:00,30072,23421,6651,30248
2018-01-23 19:00,30506,23856,6650,30751
2018-01-23 18:00,31333,23763,7570,31390
2018-01-23 17:00,32065,22865,9200,32074
2018-01-23 16:00,32714,21714,11000,32596
2018-01-23 15:00,31268,20767,10501,31257
2018-01-23 14:00,27794,18161,9633,28038
2018-01-23 13:00,25764,16359,9405,25932
2018-01-23 12:00,25145,15495,9650,25136
2018-01-23 11:00,25145,15435,9710,25143
2018-01-23 10:00,25701,15509,10192,25599
2018-01-23 09:00,26389,15859,10530,26482
2018-01-23 08:00,27889,16667,11222,28093
2018-01-23 07:00,30028,17992,12036,30420
2018-01-23 06:00,32480,19185,13295,32894
2018-01-23 05:00,34274,20374,13900,34617
2018-01-23 04:00,35172,21312,13860,35640
2018-01-23 03:00,35654,21526,14128,36162
2018-01-23 02:00,34649,20467,14182,34970
2018-01-23 01:00,31790,18193,13597,32258
2018-01-23 00:00,30627,18566,12061,30878
2018-01-22 23:00,30650,19927,10723,30550
2018-01-22 22:00,30699,20398,10301,30487
2018-01-22 21:00,30736,20328,10408,30540
2018-01-22 20:00,30903,20266,10637,30833
2018-01-22 19:00,31596,20069,11527,31437
2018-01-22 18:00,31853,19858,11995,32000
2018-01-22 17:00,32413,18561,13852,32523
2018-01-22 16:00,32596,16922,15674,32782
2018-01-22 15:00,31001,15902,15099,31306
2018-01-22 14:00,27527,14942,12585,28058
2018-01-22 13:00,25642,14670,10972,25778
2018-01-22 12:00,24807,14630,10177,24844
2018-01-22 11:00,24725,15162,9563,24778
2018-01-22 10:00,25001,15486,9515,25099
2018-01-22 09:00,25448,15844,9604,25898
2018-01-22 08:00,26800,16926,9874,27150
2018-01-22 07:00,28833,18671,10162,29204
2018-01-22 06:00,31036,19801,11235,31225
2018-01-22 05:00,32492,20661,11831,32617
2018-01-22 04:00,33205,21455,11750,33343
2018-01-22 03:00,33475,21582,11893,33390
2018-01-22 02:00,32349,20723,11626,32239
2018-01-22 01:00,28896,18994,9902,28744
2018-01-22 00:00,27030,20454,6576,27120
2018-01-21 23:00,26241,21067,5174,26505
2018-01-21 22:00,25777,20884,4893,26271
2018-01-21 21:00,25631,20786,4845,26437
2018-01-21 20:00,25773,21169,4604,26930
2018-01-21 19:00,26210,21303,4907,27357
2018-01-21 18:00,26602,21076,5526,27654
2018-01-21 17:00,27085,19872,7213,27429
2018-01-21 16:00,27032,17882,9150,26992
2018-01-21 15:00,26609,17107,9502,26275
2018-01-21 14:00,25691,16145,9546,25501
2018-01-21 13:00,25192,15831,9361,24840
2018-01-21 12:00,25013,15552,9461,24619
2018-01-21 11:00,25248,15790,9458,24821
2018-01-21 10:00,25747,16387,9360,25421
2018-01-21 09:00,26451,17177,9274,26398
2018-01-21 08:00,27722,18291,9431,27208
2018-01-21 07:00,29382,19564,9818,28939
2018-01-21 06:00,30915,20970,9945,30622
2018-01-21 05:00,31824,21948,9876,31830
2018-01-21 04:00,32381,22787,9594,32590
2018-01-21 03:00,32746,23122,9624,32955
2018-01-21 02:00,31646,22865,8781,32303
2018-01-21 01:00,28379,21562,6817,29388
2018-01-21 00:00,27016,21364,5652,27772
2018-01-20 23:00,26428,21942,4486,27239
2018-01-20 22:00,26223,22808,3415,27292
2018-01-20 21:00,26533,22972,3561,27625
2018-01-20 20:00,26901,22972,3929,28198
2018-01-20 19:00,27373,23000,4373,28710
2018-01-20 18:00,27847,22948,4899,28865
2018-01-20 17:00,28001,22125,5876,28518
2018-01-20 16:00,27734,20186,7548,27799
2018-01-20 15:00,26955,18785,8170,26933
2018-01-20 14:00,25819,17135,8684,25780
2018-01-20 13:00,25071,16054,9017,24924
2018-01-20 12:00,24830,15222,9608,24726
2018-01-20 11:00,25081,15070,10011,24959
2018-01-20 10:00,25710,15346,10364,25641
2018-01-20 09:00,26775,16144,10631,26679
2018-01-20 08:00,27851,17385,10466,27898
2018-01-20 07:00,29833,18909,10924,29965
2018-01-20 06:00,31748,20739,11009,31911
2018-01-20 05:00,32905,22560,10345,33451
2018-01-20 04:00,33637,23365,10272,34448
2018-01-20 03:00,34303,24226,10077,35070
2018-01-20 02:00,33760,23676,10084,34478
2018-01-20 01:00,31322,22105,9217,32227
2018-01-20 00:00,30443,22439,8004,31104
2018-01-19 23:00,30369,23100,7269,30947
2018-01-19 22:00,30869,23180,7689,30841
2018-01-19 21:00,30274,22820,7454,30901
2018-01-19 20:00,30266,22620,7646,31171
2018-01-19 19:00,30651,22269,8382,31590
2018-01-19 18:00,31156,21972,9184,31975
2018-01-19 17:00,31439,21635,9804,32057
2018-01-19 16:00,31112,20505,10607,31769
2018-01-19 15:00,29475,19295,10180,29942
2018-01-19 14:00,26656,17466,9190,27074
2018-01-19 13:00,25181,15868,9313,25260
2018-01-19 12:00,24511,15327,9184,24491
2018-01-19 11:00,24605,15259,9346,24608
2018-01-19 10:00,25211,15556,9655,25108
2018-01-19 09:00,25901,15939,9962,26050
2018-01-19 08:00,27235,17407,9828,27016
2018-01-19 07:00,29308,19518,9790,29019
2018-01-19 06:00,31501,20678,10823,31366
2018-01-19 05:00,33221,22237,10984,33131
2018-01-19 04:00,34252,22925,11327,34330
2018-01-19 03:00,35005,23905,11100,35035
2018-01-19 02:00,34675,23890,10785,34348
2018-01-19 01:00,32331,22010,10321,32008
2018-01-19 00:00,31433,21830,9603,31043
2018-01-18 23:00,31070,22279,8791,30846
2018-01-18 22:00,31079,22376,8703,30579
2018-01-18 21:00,30698,22444,8254,30398
2018-01-18 20:00,30824,22292,8532,30400
2018-01-18 19:00,31165,22111,9054,30658
2018-01-18 18:00,31162,22161,9001,30873
2018-01-18 17:00,31024,21754,9270,31042
2018-01-18 16:00,31114,20754,10360,31105
2018-01-18 15:00,29556,19567,9989,29510
2018-01-18 14:00,26909,17539,9370,26559
2018-01-18 13:00,25159,15775,9384,24680
2018-01-18 12:00,24443,15014,9429,24021
2018-01-18 11:00,24566,14970,9596,24082
2018-01-18 10:00,25078,15420,9658,24623
2018-01-18 09:00,25642,16065,9577,25544
2018-01-18 08:00,27083,17043,10040,27333
2018-01-18 07:00,29314,18765,10549,29555
2018-01-18 06:00,31578,20493,11085,31892
2018-01-18 05:00,33373,22225,11148,33714
2018-01-18 04:00,34345,23273,11072,34929
2018-01-18 03:00,35106,24089,11017,35610
2018-01-18 02:00,34757,23915,10842,35092
2018-01-18 01:00,32349,22122,10227,32662
2018-01-18 00:00,31431,22101,9330,31418
2018-01-17 23:00,31074,22850,8224,31091
2018-01-17 22:00,30824,22942,7882,30937
2018-01-17 21:00,30600,22671,7929,30716
2018-01-17 20:00,30737,22369,8368,30789
2018-01-17 19:00,30838,22613,8225,31011
2018-01-17 18:00,31003,22097,8906,31258
2018-01-17 17:00,31136,21404,9732,31522
2018-01-17 16:00,31197,20551,10646,31651
2018-01-17 15:00,29588,19217,10371,30052
2018-01-17 14:00,26500,17341,9159,26875
2018-01-17 13:00,24659,16088,8571,24947
2018-01-17 12:00,24004,15577,8427,24181
2018-01-17 11:00,24080,15446,8634,24240
2018-01-17 10:00,24634,15615,9019,24699
2018-01-17 09:00,25587,16406,9181,25631
2018-01-17 08:00,27019,16931,10088,26842
2018-01-17 07:00,29087,18501,10586,29041
2018-01-17 06:00,31433,20212,11221,31433
2018-01-17 05:00,33175,21954,11221,33338
2018-01-17 04:00,34181,23100,11081,34535
2018-01-17 03:00,34898,23289,11609,35173
2018-01-17 02:00,34513,23417,11096,34497
2018-01-17 01:00,31918,20945,10973,32040
2018-01-17 00:00,31076,21084,9992,31127
2018-01-16 23:00,30882,22010,8872,30811
2018-01-16 22:00,30882,22442,8440,30665
2018-01-16 21:00,30501,22796,7705,30388
2018-01-16 20:00,30412,22728,7684,30429
2018-01-16 19:00,30831,22690,8141,30748
2018-01-16 18:00,31172,22450,8722,31033
2018-01-16 17:00,31149,20595,10554,31282
2018-01-16 16:00,30996,18574,12422,31403
2018-01-16 15:00,29320,17931,11389,29580
2018-01-16 14:00,26613,16767,9846,26618
2018-01-16 13:00,24847,15452,9395,24673
2018-01-16 12:00,24118,14944,9174,23925
2018-01-16 11:00,24207,14806,9401,24025
2018-01-16 10:00,24469,15087,9382,24503
2018-01-16 09:00,25437,15820,9617,25401
2018-01-16 08:00,26933,16421,10512,26301
2018-01-16 07:00,29101,17285,11816,28525
2018-01-16 06:00,31329,18722,12607,30875
2018-01-16 05:00,33103,19463,13640,32710
2018-01-16 04:00,34158,20153,14005,33883
2018-01-16 03:00,34981,20755,14226,34591
2018-01-16 02:00,34743,20598,14145,33692
2018-01-16 01:00,31983,18436,13547,30853
2018-01-16 00:00,30934,19038,11896,29852
2018-01-15 23:00,30968,19523,11445,29650
2018-01-15 22:00,30681,19703,10978,29523
2018-01-15 21:00,30313,20295,10018,29491
2018-01-15 20:00,30299,20365,9934,29594
2018-01-15 19:00,30626,19822,10804,29840
2018-01-15 18:00,30450,19068,11382,29901
2018-01-15 17:00,29816,17773,12043,29815
2018-01-15 16:00,29086,16077,13009,29084
2018-01-15 15:00,28166,15391,12775,27846
2018-01-15 14:00,25950,15156,10794,25527
2018-01-15 13:00,24297,14472,9825,23816
2018-01-15 12:00,23666,14551,9115,23111
2018-01-15 11:00,23686,14748,8938,23147
2018-01-15 10:00,24108,15038,9070,23622
2018-01-15 09:00,24902,15525,9377,24421
2018-01-15 08:00,26127,16407,9720,25215
2018-01-15 07:00,27744,17300,10444,27065
2018-01-15 06:00,29298,18409,10889,28833
2018-01-15 05:00,30590,19375,11215,30207
2018-01-15 04:00,31463,20152,11311,31082
2018-01-15 03:00,32035,20791,11244,31569
2018-01-15 02:00,31445,20893,10552,30906
2018-01-15 01:00,28533,18791,9742,27721
2018-01-15 00:00,27269,19178,8091,26382
2018-01-14 23:00,26842,20561,6281,25584
2018-01-14 22:00,26381,20654,5727,25240
2018-01-14 21:00,26331,22184,4147,25076
2018-01-14 20:00,26191,21862,4329,25045
2018-01-14 19:00,26310,21468,4842,25192
2018-01-14 18:00,26208,20837,5371,25183
2018-01-14 17:00,25774,20215,5559,24998
2018-01-14 16:00,25189,18281,6908,24537
2018-01-14 15:00,24749,17360,7389,24159
2018-01-14 14:00,23800,16813,6987,23325
2018-01-14 13:00,23314,16302,7012,22817
2018-01-14 12:00,23336,16022,7314,22762
2018-01-14 11:00,23648,16194,7454,23009
2018-01-14 10:00,24314,16485,7829,23598
2018-01-14 09:00,25100,17365,7735,24539
2018-01-14 08:00,26216,14772,11444,26027
2018-01-14 07:00,28036,15963,12073,27782
2018-01-14 06:00,29723,16646,13077,29392
2018-01-14 05:00,30839,17465,13374,30512
2018-01-14 04:00,31642,18080,13562,31331
2018-01-14 03:00,32260,18970,13290,31924
2018-01-14 02:00,31925,19220,12705,31360
2018-01-14 01:00,29257,17577,11680,28422
2018-01-14 00:00,28292,21768,6524,27071
2018-01-13 23:00,28007,23147,4860,26556
2018-01-13 22:00,27920,23451,4469,26374
2018-01-13 21:00,27997,22973,5024,26420
2018-01-13 20:00,27903,23291,4612,26686
2018-01-13 19:00,28010,23559,4451,26935
2018-01-13 18:00,28010,23158,4852,27004
2018-01-13 17:00,27636,21821,5815,26887
2018-01-13 16:00,27170,21037,6133,26265
2018-01-13 15:00,26511,19496,7015,25537
2018-01-13 14:00,25217,17759,7458,24446
2018-01-13 13:00,24518,16450,8068,23677
2018-01-13 12:00,24297,15981,8316,23549
2018-01-13 11:00,24419,15925,8494,23854
2018-01-13 10:00,24974,15930,9044,24508
2018-01-13 09:00,26014,16309,9705,25458
2018-01-13 08:00,24559,14129,10430,26933
2018-01-13 07:00,26373,15664,10709,28916
2018-01-13 06:00,27924,16938,10986,30858
2018-01-13 05:00,29003,18129,10874,32094
2018-01-13 04:00,29839,18643,11196,33109
2018-01-13 03:00,30548,19478,11070,33756
2018-01-13 02:00,30397,19302,11095,33450
2018-01-13 01:00,28066,17373,10693,30718
2018-01-13 00:00,30131,17969,12162,29426
2018-01-12 23:00,30327,19002,11325,28913
2018-01-12 22:00,30238,18957,11281,28794
2018-01-12 21:00,29735,21475,8260,28751
2018-01-12 20:00,30048,21595,8453,29074
2018-01-12 19:00,30604,21948,8656,29516
2018-01-12 18:00,31146,21681,9465,30101
2018-01-12 17:00,31521,20553,10968,30531
2018-01-12 16:00,31575,20064,11511,30762
2018-01-12 15:00,30069,18767,11302,29278
2018-01-12 14:00,27333,16216,11117,26360
2018-01-12 13:00,25920,14912,11008,24434
2018-01-12 12:00,25366,14573,10793,23636
2018-01-12 11:00,25336,14812,10524,23753
2018-01-12 10:00,25484,14886,10598,24260
2018-01-12 09:00,26313,15546,10767,25263
2018-01-12 08:00,24208,16624,7584,27047
2018-01-12 07:00,26141,18253,7888,29316
2018-01-12 06:00,28070,19891,8179,31620
2018-01-12 05:00,29423,21478,7945,33329
2018-01-12 04:00,30258,22411,7847,34382
2018-01-12 03:00,30813,23079,7734,34889
2018-01-12 02:00,30467,22997,7470,34341
2018-01-12 01:00,27966,21031,6935,31504
2018-01-12 00:00,26932,21576,5356,30218
2018-01-11 23:00,26591,22670,3921,29742
2018-01-11 22:00,26795,23362,3433,29545
2018-01-11 21:00,29979,23254,6725,29468
2018-01-11 20:00,30228,22749,7479,29832
2018-01-11 19:00,30833,22580,8253,30333
2018-01-11 18:00,31000,22443,8557,30906
2018-01-11 17:00,31137,21238,9899,31378
2018-01-11 16:00,31432,19578,11854,31572
2018-01-11 15:00,29869,18489,11380,29869
2018-01-11 14:00,26686,17526,9160,26722
2018-01-11 13:00,24676,16020,8656,24670
2018-01-11 12:00,23997,15491,8506,23856
2018-01-11 11:00,24160,15678,8482,23860
2018-01-11 10:00,24703,16263,8440,24339
2018-01-11 09:00,25774,16547,9227,25298
2018-01-11 08:00,27330,18239,9091,27195
2018-01-11 07:00,29527,19769,9758,29551
2018-01-11 06:00,31923,20897,11026,31924
2018-01-11 05:00,33407,22840,10567,33673
2018-01-11 04:00,34287,23251,11036,34705
2018-01-11 03:00,34939,23728,11211,35195
2018-01-11 02:00,34468,23722,10746,34676
2018-01-11 01:00,31677,21780,9897,31970
2018-01-11 00:00,30856,21766,9090,30644
2018-01-10 23:00,30634,22148,8486,30394
2018-01-10 22:00,30853,22125,8728,30371
2018-01-10 21:00,30975,22189,8786,30435
2018-01-10 20:00,30845,22095,8750,30610
2018-01-10 19:00,31507,22218,9289,30905
2018-01-10 18:00,31709,22072,9637,31165
2018-01-10 17:00,31525,21809,9716,31397
2018-01-10 16:00,31305,21026,10279,31301
2018-01-10 15:00,29647,19870,9777,29661
2018-01-10 14:00,26536,18252,8284,26481
2018-01-10 13:00,24675,17336,7339,24543
2018-01-10 12:00,23951,16507,7444,23803
2018-01-10 11:00,23982,16258,7724,23860
2018-01-10 10:00,24495,16358,8137,24376
2018-01-10 09:00,25510,17243,8267,25362
2018-01-10 08:00,27465,18625,8840,27077
2018-01-10 07:00,29676,20238,9438,29336
2018-01-10 06:00,32075,21518,10557,31647
2018-01-10 05:00,33813,22909,10904,33492
2018-01-10 04:00,34918,23943,10975,34665
2018-01-10 03:00,35607,24866,10741,35197
2018-01-10 02:00,35479,25321,10158,34632
2018-01-10 01:00,33279,23757,9522,32392
2018-01-10 00:00,32474,22854,9620,31235
2018-01-09 23:00,32550,23145,9405,31215
2018-01-09 22:00,32448,23163,9285,31456
2018-01-09 21:00,32299,23124,9175,31684
2018-01-09 20:00,32049,23077,8972,31911
2018-01-09 19:00,32232,22791,9441,32113
2018-01-09 18:00,32081,22123,9958,32210
2018-01-09 17:00,31636,21963,9673,32045
2018-01-09 16:00,30956,20856,10100,31437
2018-01-09 15:00,29282,19230,10052,29402
2018-01-09 14:00,26345,17646,8699,26108
2018-01-09 13:00,24565,16557,8008,24271
2018-01-09 12:00,23913,16067,7846,23641
2018-01-09 11:00,24075,15950,8125,23771
2018-01-09 10:00,24647,16075,8572,24335
2018-01-09 09:00,25689,16386,9303,25257
2018-01-09 08:00,27292,17238,10054,27374
2018-01-09 07:00,29502,17975,11527,29582
2018-01-09 06:00,32078,19256,12822,32072
2018-01-09 05:00,33820,20479,13341,34104
2018-01-09 04:00,34884,21523,13361,35212
2018-01-09 03:00,35670,21829,13841,35978
2018-01-09 02:00,35885,21502,14383,35192
2018-01-09 01:00,34174,19383,14791,32779
2018-01-09 00:00,33308,19802,13506,31608
2018-01-08 23:00,33367,20983,12384,31320
2018-01-08 22:00,33547,20717,12830,31491
2018-01-08 21:00,33502,20787,12715,31577
2018-01-08 20:00,33285,20676,12609,31755
2018-01-08 19:00,33138,20386,12752,32123
2018-01-08 18:00,32557,19637,12920,32172
2018-01-08 17:00,31891,18217,13674,32004
2018-01-08 16:00,30897,16432,14465,31619
2018-01-08 15:00,28966,15756,13210,29738
2018-01-08 14:00,26013,15484,10529,26691
2018-01-08 13:00,24232,15182,9050,24657
2018-01-08 12:00,23436,15253,8183,23861
2018-01-08 11:00,23372,15858,7514,23856
2018-01-08 10:00,23786,16407,7379,24302
2018-01-08 09:00,24597,16827,7770,25209
2018-01-08 08:00,25974,17601,8373,26183
2018-01-08 07:00,27773,18603,9170,27977
2018-01-08 06:00,29683,19656,10027,29763
2018-01-08 05:00,31276,20326,10950,30977
2018-01-08 04:00,32196,20485,11711,31915
2018-01-08 03:00,32733,21077,11656,32428
2018-01-08 02:00,32367,20977,11390,31634
2018-01-08 01:00,29300,19619,9681,28437
2018-01-08 00:00,28183,19822,8361,26728
2018-01-07 23:00,27757,20050,7707,25928
2018-01-07 22:00,27630,20330,7300,25395
2018-01-07 21:00,27426,20401,7025,25191
2018-01-07 20:00,27355,20229,7126,25228
2018-01-07 19:00,27142,20033,7109,25465
2018-01-07 18:00,26880,19663,7217,25670
2018-01-07 17:00,26123,18797,7326,25639
2018-01-07 16:00,25540,17514,8026,25317
2018-01-07 15:00,25035,16588,8447,24869
2018-01-07 14:00,24089,16244,7845,23917
2018-01-07 13:00,23557,15677,7880,23322
2018-01-07 12:00,23483,15154,8329,23136
2018-01-07 11:00,23746,15705,8041,23441
2018-01-07 10:00,24390,16523,7867,24076
2018-01-07 09:00,25206,17143,8063,25148
2018-01-07 08:00,26932,17205,9727,26186
2018-01-07 07:00,28564,18434,10130,27954
2018-01-07 06:00,30289,19952,10337,29516
2018-01-07 05:00,31199,21340,9859,30646
2018-01-07 04:00,31567,22023,9544,31478
2018-01-07 03:00,32198,22915,9283,32033
2018-01-07 02:00,31910,23549,8361,31852
2018-01-07 01:00,29454,21702,7752,29793
2018-01-07 00:00,28574,21754,6820,28628
2018-01-06 23:00,28249,22883,5366,28255
2018-01-06 22:00,28062,23339,4723,28081
2018-01-06 21:00,28045,23222,4823,27888
2018-01-06 20:00,28186,23029,5157,27748
2018-01-06 19:00,28426,23145,5281,27726
2018-01-06 18:00,28214,23125,5089,27683
2018-01-06 17:00,27773,21440,6333,27464
2018-01-06 16:00,27055,20110,6945,26762
2018-01-06 15:00,26069,18720,7349,26001
2018-01-06 14:00,24621,17151,7470,24730
2018-01-06 13:00,23790,15687,8103,23844
2018-01-06 12:00,23726,15692,8034,23531
2018-01-06 11:00,24225,15635,8590,23746
2018-01-06 10:00,25150,15552,9598,24335
2018-01-06 09:00,25897,16305,9592,25360
2018-01-06 08:00,27056,17940,9116,26951
2018-01-06 07:00,29171,20020,9151,28978
2018-01-06 06:00,31052,21683,9369,30864
2018-01-06 05:00,32332,23067,9265,32261
2018-01-06 04:00,33343,23990,9353,33363
2018-01-06 03:00,34183,25006,9177,34133
2018-01-06 02:00,34469,24912,9557,34090
2018-01-06 01:00,32419,22869,9550,31834
2018-01-06 00:00,31598,22673,8925,30603
2018-01-05 23:00,32155,23349,8806,30188
2018-01-05 22:00,31902,23237,8665,30055
2018-01-05 21:00,30699,23281,7418,29946
2018-01-05 20:00,30397,23374,7023,30068
2018-01-05 19:00,30351,23346,7005,30317
2018-01-05 18:00,30246,22430,7816,30541
2018-01-05 17:00,30448,21482,8966,30662
2018-01-05 16:00,30158,21042,9116,30573
2018-01-05 15:00,28819,20117,8702,28871
2018-01-05 14:00,26398,18165,8233,26241
2018-01-05 13:00,24904,16594,8310,24447
2018-01-05 12:00,24522,15815,8707,23701
2018-01-05 11:00,24704,15973,8731,23818
2018-01-05 10:00,24798,16620,8178,24354
2018-01-05 09:00,25666,17478,8188,25238
2018-01-05 08:00,27287,18625,8662,27182
2018-01-05 07:00,29438,20532,8906,29336
2018-01-05 06:00,31648,21978,9670,31660
2018-01-05 05:00,33196,23730,9466,33436
2018-01-05 04:00,34152,24627,9525,34563
2018-01-05 03:00,34936,25249,9687,35275
2018-01-05 02:00,34947,25788,9159,34788
2018-01-05 01:00,32416,23652,8764,32409
2018-01-05 00:00,31340,22561,8779,31270
2018-01-04 23:00,30672,22510,8162,30936
2018-01-04 22:00,30282,22649,7633,30766
2018-01-04 21:00,30181,22581,7600,30604
2018-01-04 20:00,30328,22769,7559,30659
2018-01-04 19:00,30586,23178,7408,30952
2018-01-04 18:00,30732,22684,8048,31172
2018-01-04 17:00,30785,21370,9415,31390
2018-01-04 16:00,30488,20863,9625,31376
2018-01-04 15:00,29109,19633,9476,29630
2018-01-04 14:00,26611,17874,8737,26555
2018-01-04 13:00,24914,16379,8535,24701
2018-01-04 12:00,24276,15868,8408,24014
2018-01-04 11:00,24463,15789,8674,24054
2018-01-04 10:00,25144,16194,8950,24607
2018-01-04 09:00,26133,17240,8893,25536
2018-01-04 08:00,27528,18758,8770,27483
2018-01-04 07:00,29692,20663,9029,29622
2018-01-04 06:00,32034,22505,9529,31923
2018-01-04 05:00,33588,23994,9594,33752
2018-01-04 04:00,34638,24681,9957,34827
2018-01-04 03:00,35375,25340,10035,35425
2018-01-04 02:00,35417,25482,9935,34628
2018-01-04 01:00,33148,23444,9704,32205
2018-01-04 00:00,32226,23292,8934,30919
2018-01-03 23:00,32156,23694,8462,30485
2018-01-03 22:00,32220,23679,8541,30220
2018-01-03 21:00,32056,23530,8526,29983
2018-01-03 20:00,31812,23233,8579,30060
2018-01-03 19:00,31704,22897,8807,30408
2018-01-03 18:00,31410,22900,8510,30847
2018-01-03 17:00,31008,21954,9054,31285
2018-01-03 16:00,30580,20087,10493,31652
2018-01-03 15:00,29108,18749,10359,30146
2018-01-03 14:00,26449,17435,9014,27085
2018-01-03 13:00,24895,15840,9055,25066
2018-01-03 12:00,24433,15352,9081,24337
2018-01-03 11:00,24565,15204,9361,24341
2018-01-03 10:00,25139,15407,9732,24830
2018-01-03 09:00,26144,15857,10287,25758
2018-01-03 08:00,27419,17093,10326,27334
2018-01-03 07:00,29451,18897,10554,29555
2018-01-03 06:00,31718,20236,11482,31959
2018-01-03 05:00,33275,20932,12343,33684
2018-01-03 04:00,34351,21666,12685,34789
2018-01-03 03:00,35169,22175,12994,35429
2018-01-03 02:00,35131,21992,13139,34706
2018-01-03 01:00,32424,19194,13230,32095
2018-01-03 00:00,31374,19215,12159,30955
2018-01-02 23:00,30924,20335,10589,30505
2018-01-02 22:00,30599,20465,10134,30251
2018-01-02 21:00,30400,20294,10106,30034
2018-01-02 20:00,30225,20145,10080,30037
2018-01-02 19:00,30278,19996,10282,30422
2018-01-02 18:00,30435,19111,11324,30894
2018-01-02 17:00,30344,18086,12258,31528
2018-01-02 16:00,29639,16790,12849,31953
2018-01-02 15:00,28116,16036,12080,30357
2018-01-02 14:00,25541,15397,10144,27131
2018-01-02 13:00,23926,15198,8728,25129
2018-01-02 12:00,23332,15225,8107,24312
2018-01-02 11:00,23284,15285,7999,24317
2018-01-02 10:00,23654,15570,8084,24718
2018-01-02 09:00,24514,16362,8152,25511
2018-01-02 08:00,25970,17655,8315,26091
2018-01-02 07:00,27891,19024,8867,27942
2018-01-02 06:00,29668,19909,9759,29740
2018-01-02 05:00,30937,20904,10033,30986
2018-01-02 04:00,31688,21582,10106,31775
2018-01-02 03:00,32117,21722,10395,32216
2018-01-02 02:00,31668,21542,10126,31539
2018-01-02 01:00,28178,19119,9059,27749
2018-01-02 00:00,26479,18942,7537,26287
2017-12-31 23:00,26426,20120,6306,26009
2017-12-31 22:00,26053,20773,5280,25862
2017-12-31 21:00,25807,20717,5090,25922
2017-12-31 20:00,25794,20642,5152,26050
2017-12-31 19:00,26056,20820,5236,26288
2017-12-31 18:00,26313,20680,5633,26388
2017-12-31 17:00,26349,18999,7350,26221
2017-12-31 16:00,26091,17195,8896,25789
2017-12-31 15:00,25541,16292,9249,25236
2017-12-31 14:00,24637,15454,9183,24327
2017-12-31 13:00,24129,14931,9198,23764
2017-12-31 12:00,24069,14819,9250,23644
2017-12-31 11:00,24366,15089,9277,23910
2017-12-31 10:00,24832,15282,9550,24603
2017-12-31 09:00,25743,16382,9361,25730
2017-12-31 08:00,27149,18673,8476,27272
2017-12-31 07:00,29011,20027,8984,29175
2017-12-31 06:00,30605,21233,9372,30749
2017-12-31 05:00,31600,22462,9138,31830
2017-12-31 04:00,32235,23119,9116,32646
2017-12-31 03:00,32551,24006,8545,33095
2017-12-31 02:00,32204,24053,8151,32825
2017-12-31 01:00,29067,21882,7185,29745
2017-12-31 00:00,27471,22053,5418,27638
2017-12-30 23:00,27076,22713,4363,26639
2017-12-30 22:00,26607,22825,3782,26206
2017-12-30 21:00,26735,22573,4162,26154
2017-12-30 20:00,26977,22696,4281,26437
2017-12-30 19:00,27354,22736,4618,26884
2017-12-30 18:00,27595,22530,5065,27304
2017-12-30 17:00,27408,21022,6386,27470
2017-12-30 16:00,27043,19314,7729,27046
2017-12-30 15:00,26511,18048,8463,26440
2017-12-30 14:00,25473,17202,8271,25395
2017-12-30 13:00,24801,16473,8328,24521
2017-12-30 12:00,24607,16034,8573,24285
2017-12-30 11:00,24928,16160,8768,24531
2017-12-30 10:00,25603,16351,9252,25211
2017-12-30 09:00,26620,17014,9606,26283
2017-12-30 08:00,28273,18504,9769,27698
2017-12-30 07:00,30167,20368,9799,29681
2017-12-30 06:00,32051,21628,10423,31403
2017-12-30 05:00,33329,22563,10766,32777
2017-12-30 04:00,34196,23245,10951,33781
2017-12-30 03:00,34936,24244,10692,34521
2017-12-30 02:00,34889,23911,10978,34395
2017-12-30 01:00,31911,22110,9801,31695
2017-12-30 00:00,30595,22586,8009,30253
2017-12-29 23:00,29941,23678,6263,29403
2017-12-29 22:00,29851,23656,6195,29036
2017-12-29 21:00,29700,23410,6290,29049
2017-12-29 20:00,29957,23477,6480,29250
2017-12-29 19:00,29950,23557,6393,29611
2017-12-29 18:00,30232,23413,6819,29968
2017-12-29 17:00,30490,22175,8315,30246
2017-12-29 16:00,30130,20456,9674,30031
2017-12-29 15:00,29065,19567,9498,29053
2017-12-29 14:00,26975,18777,8198,26803
2017-12-29 13:00,25455,17862,7593,25171
2017-12-29 12:00,24777,17767,7010,24521
2017-12-29 11:00,24860,17752,7108,24584
2017-12-29 10:00,25468,17939,7529,25070
2017-12-29 09:00,26538,18517,8021,26080
2017-12-29 08:00,28321,19109,9212,28110
2017-12-29 07:00,30487,20704,9783,30379
2017-12-29 06:00,32340,22050,10290,32442
2017-12-29 05:00,33774,22665,11109,34098
2017-12-29 04:00,34595,23155,11440,35082
2017-12-29 03:00,35219,23899,11320,35773
2017-12-29 02:00,35131,24157,10974,35524
2017-12-29 01:00,32114,22113,10001,32446
2017-12-29 00:00,30828,22467,8361,31046
2017-12-28 23:00,30454,23711,6743,30141
2017-12-28 22:00,30005,24018,5987,29642
2017-12-28 21:00,29692,24141,5551,29633
2017-12-28 20:00,29900,24236,5664,29851
2017-12-28 19:00,30414,24466,5948,30222
2017-12-28 18:00,30673,24265,6408,30564
2017-12-28 17:00,30886,23151,7735,30923
2017-12-28 16:00,30532,21588,8944,30931
2017-12-28 15:00,29539,20225,9314,29963
2017-12-28 14:00,27387,18572,8815,27528
2017-12-28 13:00,25942,17435,8507,25683
2017-12-28 12:00,25494,17145,8349,24851
2017-12-28 11:00,25574,17232,8342,24872
2017-12-28 10:00,26101,17521,8580,25369
2017-12-28 09:00,27144,18152,8992,26298
2017-12-28 08:00,28787,19294,9493,27629
2017-12-28 07:00,30803,21165,9638,29874
2017-12-28 06:00,32661,22270,10391,32079
2017-12-28 05:00,34133,23202,10931,33623
2017-12-28 04:00,34991,23810,11181,34478
2017-12-28 03:00,35527,24446,11081,34985
2017-12-28 02:00,35247,24363,10884,34471
2017-12-28 01:00,32260,21766,10494,31290
2017-12-28 00:00,30865,21315,9550,29679
2017-12-27 23:00,30340,21387,8953,29049
2017-12-27 22:00,29792,21506,8286,28631
2017-12-27 21:00,29882,21602,8280,28579
2017-12-27 20:00,30217,21939,8278,28773
2017-12-27 19:00,30712,21762,8950,29201
2017-12-27 18:00,30791,21823,8968,29676
2017-12-27 17:00,31022,21023,9999,30176
2017-12-27 16:00,30853,19408,11445,30176
2017-12-27 15:00,29798,18133,11665,29100
2017-12-27 14:00,27519,17095,10424,26937
2017-12-27 13:00,25805,15926,9879,25270
2017-12-27 12:00,25092,15429,9663,24488
2017-12-27 11:00,25180,15399,9781,24470
2017-12-27 10:00,25680,15511,10169,24925
2017-12-27 09:00,26724,15911,10813,25935
2017-12-27 08:00,28320,17146,11174,28219
2017-12-27 07:00,30470,18579,11891,30515
2017-12-27 06:00,32461,19877,12584,32854
2017-12-27 05:00,33886,20588,13298,34536
2017-12-27 04:00,34626,20611,14015,35484
2017-12-27 03:00,35071,20677,14394,36145
2017-12-27 02:00,34780,20538,14242,35524
2017-12-27 01:00,31454,18247,13207,32647
2017-12-27 00:00,29848,17883,11965,30962
2017-12-26 23:00,28834,19009,9825,30137
2017-12-26 22:00,28496,19761,8735,29750
2017-12-26 21:00,28591,19759,8832,29592
2017-12-26 20:00,29053,19706,9347,29815
2017-12-26 19:00,29474,19693,9781,30254
2017-12-26 18:00,29854,19588,10266,30772
2017-12-26 17:00,29851,18842,11009,31394
2017-12-26 16:00,29118,17666,11452,31741
2017-12-26 15:00,27920,17117,10803,30406
2017-12-26 14:00,26060,16224,9836,27525
2017-12-26 13:00,24739,15963,8776,25528
2017-12-26 12:00,24073,16044,8029,24726
2017-12-26 11:00,24037,16168,7869,24801
2017-12-26 10:00,24460,16513,7947,25270
2017-12-26 09:00,25016,17564,7452,26142
2017-12-26 08:00,26558,18747,7811,27254
2017-12-26 07:00,28334,19584,8750,29083
2017-12-26 06:00,29804,20341,9463,30464
2017-12-26 05:00,30440,20974,9466,31699
2017-12-26 04:00,30739,21119,9620,32242
2017-12-26 03:00,30891,21707,9184,32257
2017-12-26 02:00,30665,21858,8807,31513
2017-12-26 01:00,27741,19770,7971,28265
2017-12-26 00:00,26384,19446,6938,26389
2017-12-25 23:00,26058,20253,5805,25715
2017-12-25 22:00,26059,20630,5429,25329
2017-12-25 21:00,26124,21072,5052,25327
2017-12-25 20:00,26212,20926,5286,25526
2017-12-25 19:00,26586,20653,5933,26022
2017-12-25 18:00,27244,20327,6917,26554
2017-12-25 17:00,27596,19395,8201,26824
2017-12-25 16:00,27141,17705,9436,26853
2017-12-25 15:00,26366,16868,9498,26364
2017-12-25 14:00,25337,16055,9282,25322
2017-12-25 13:00,24745,15507,9238,24662
2017-12-25 12:00,24562,15390,9172,24426
2017-12-25 11:00,24878,15600,9278,24774
2017-12-25 10:00,25297,16053,9244,25420
2017-12-25 09:00,26063,17185,8878,26436
2017-12-25 08:00,27419,18492,8927,27481
2017-12-25 07:00,28956,20415,8541,29438
2017-12-25 06:00,30000,21471,8529,31114
2017-12-25 05:00,30735,22856,7879,32452
2017-12-25 04:00,31338,23261,8077,33667
2017-12-25 03:00,32041,23109,8932,33874
2017-12-25 02:00,32284,22927,9357,33214
2017-12-25 01:00,29571,20172,9399,29740
2017-12-25 00:00,28302,19479,8823,27433
2017-12-24 23:00,27988,20320,7668,26636
2017-12-24 22:00,28101,20582,7519,26300
2017-12-24 21:00,27953,20491,7462,26537
2017-12-24 20:00,27642,20664,6978,26870
2017-12-24 19:00,27720,20891,6829,27252
2017-12-24 18:00,27900,21130,6770,27621
2017-12-24 17:00,27590,20029,7561,27662
2017-12-24 16:00,26835,18490,8345,27263
2017-12-24 15:00,26174,17671,8503,26706
2017-12-24 14:00,25140,17018,8122,25730
2017-12-24 13:00,24637,16351,8286,24991
2017-12-24 12:00,24600,16244,8356,24805
2017-12-24 11:00,24983,16630,8353,25108
2017-12-24 10:00,25758,17179,8579,25809
2017-12-24 09:00,26997,18364,8633,27008
2017-12-24 08:00,28642,20652,7990,28554
2017-12-24 07:00,30682,22256,8426,30610
2017-12-24 06:00,32288,23578,8710,32025
2017-12-24 05:00,33250,24793,8457,33263
2017-12-24 04:00,33756,25626,8130,33943
2017-12-24 03:00,34001,26483,7518,34337
2017-12-24 02:00,33599,26189,7410,33647
2017-12-24 01:00,30389,23475,6914,30298
2017-12-24 00:00,28670,22862,5808,28212
2017-12-23 23:00,28254,23369,4885,27441
2017-12-23 22:00,28145,23602,4543,27128
2017-12-23 21:00,28004,23972,4032,27304
2017-12-23 20:00,28470,24326,4144,27691
2017-12-23 19:00,29063,25001,4062,28521
2017-12-23 18:00,29449,25269,4180,29295
2017-12-23 17:00,29611,24859,4752,29732
2017-12-23 16:00,28871,23696,5175,29416
2017-12-23 15:00,28089,22424,5665,28531
2017-12-23 14:00,26846,21136,5710,27159
2017-12-23 13:00,26142,19433,6709,26300
2017-12-23 12:00,26023,18771,7252,26034
2017-12-23 11:00,26330,18933,7397,26173
2017-12-23 10:00,27090,19175,7915,26769
2017-12-23 09:00,28306,20236,8070,27893
2017-12-23 08:00,30077,22041,8036,30141
2017-12-23 07:00,32266,23509,8757,32543
2017-12-23 06:00,34145,24426,9719,34536
2017-12-23 05:00,35199,25703,9496,35876
2017-12-23 04:00,35867,26636,9231,36845
2017-12-23 03:00,36377,27303,9074,37328
2017-12-23 02:00,36221,26998,9223,36723
2017-12-23 01:00,32831,23922,8909,33487
2017-12-23 00:00,31041,23656,7385,31466
2017-12-22 23:00,30505,24513,5992,30482
2017-12-22 22:00,30150,24621,5529,30196
2017-12-22 21:00,30403,24769,5634,30123
2017-12-22 20:00,31531,25052,6479,30705
2017-12-22 19:00,32203,25338,6865,31561
2017-12-22 18:00,33005,25405,7600,32413
2017-12-22 17:00,33894,25196,8698,33380
2017-12-22 16:00,33857,23627,10230,33775
2017-12-22 15:00,32606,21881,10725,32501
2017-12-22 14:00,29987,20851,9136,29502
2017-12-22 13:00,28203,19152,9051,27448
2017-12-22 12:00,27453,18374,9079,26678
2017-12-22 11:00,27488,18525,8963,26700
2017-12-22 10:00,28101,18974,9127,27170
2017-12-22 09:00,29195,19662,9533,28294
2017-12-22 08:00,30811,21164,9647,30216
2017-12-22 07:00,33107,22969,10138,32774
2017-12-22 06:00,35081,25186,9895,35218
2017-12-22 05:00,36217,26187,10030,36901
2017-12-22 04:00,37144,26952,10192,37882
2017-12-22 03:00,37489,26874,10615,38084
2017-12-22 02:00,37054,26633,10421,37347
2017-12-22 01:00,33320,24630,8690,34071
2017-12-22 00:00,31596,24256,7340,32133
2017-12-21 23:00,30998,24879,6119,31538
2017-12-21 22:00,30562,24811,5751,31485
2017-12-21 21:00,30560,24811,5749,31408
2017-12-21 20:00,31120,24920,6200,31770
2017-12-21 19:00,31763,24833,6930,32311
2017-12-21 18:00,32269,24352,7917,32899
2017-12-21 17:00,33266,23874,9392,33421
2017-12-21 16:00,33753,22354,11399,33367
2017-12-21 15:00,32405,20641,11764,31958
2017-12-21 14:00,29558,18994,10564,29092
2017-12-21 13:00,27590,17920,9670,27224
2017-12-21 12:00,26925,17329,9596,26395
2017-12-21 11:00,27033,17696,9337,26464
2017-12-21 10:00,27539,18065,9474,27017
2017-12-21 09:00,28547,18686,9861,28068
2017-12-21 08:00,30175,19889,10286,5014
2017-12-21 07:00,32596,21857,10739,5435
2017-12-21 06:00,35024,23373,11651,5845
2017-12-21 05:00,36588,24899,11689,6194
2017-12-21 04:00,37363,25880,11483,6350
2017-12-21 03:00,37640,26237,11403,6489
2017-12-21 02:00,37267,26170,11097,6499
2017-12-21 01:00,34119,23528,10591,6213
2017-12-21 00:00,31880,22597,9283,5791
2017-12-20 23:00,30882,23517,7365,5758
2017-12-20 22:00,30614,23927,6687,5679
2017-12-20 21:00,30752,23680,7072,5665
2017-12-20 20:00,30973,23892,7081,5692
2017-12-20 19:00,31353,24113,7240,5775
2017-12-20 18:00,32086,24121,7965,5849
2017-12-20 17:00,32610,23528,9082,5869
2017-12-20 16:00,32648,22112,10536,5790
2017-12-20 15:00,31085,20787,10298,5569
2017-12-20 14:00,28141,18925,9216,5070
2017-12-20 13:00,26291,17758,8533,4678
2017-12-20 12:00,25572,17020,8552,4490
2017-12-20 11:00,25702,16911,8791,4457
2017-12-20 10:00,26289,17122,9167,4530
2017-12-20 09:00,27399,19698,7701,4715
2017-12-20 08:00,29517,19871,9646,29127
2017-12-20 07:00,31928,21622,10306,31576
2017-12-20 06:00,34457,22975,11482,34156
2017-12-20 05:00,36122,24462,11660,35947
2017-12-20 04:00,37111,25397,11714,36980
2017-12-20 03:00,37676,25944,11732,37582
2017-12-20 02:00,37411,25817,11594,37326
2017-12-20 01:00,34126,22991,11135,34316
2017-12-20 00:00,32276,22121,10155,32313
2017-12-19 23:00,31535,23153,8382,31489
2017-12-19 22:00,31021,23502,7519,30953
2017-12-19 21:00,30698,23356,7342,30609
2017-12-19 20:00,30957,23562,7395,30789
2017-12-19 19:00,31571,23829,7742,31386
2017-12-19 18:00,32197,23742,8455,31977
2017-12-19 17:00,32831,23213,9618,32654
2017-12-19 16:00,33344,22011,11333,33251
2017-12-19 15:00,32037,20501,11536,32045
2017-12-19 14:00,28955,18580,10375,28966
2017-12-19 13:00,26885,17404,9481,26818
2017-12-19 12:00,26125,16654,9471,25939
2017-12-19 11:00,26158,16554,9604,25967
2017-12-19 10:00,26685,16777,9908,26457
2017-12-19 09:00,27715,17222,10493,27443
2017-12-19 08:00,29210,18266,10944,28526
2017-12-19 07:00,31585,19764,11821,30922
2017-12-19 06:00,34065,21148,12917,33497
2017-12-19 05:00,35714,22551,13163,35193
2017-12-19 04:00,36677,23044,13633,36191
2017-12-19 03:00,37190,23293,13897,36778
2017-12-19 02:00,36896,23065,13831,36565
2017-12-19 01:00,33494,20198,13296,33422
2017-12-19 00:00,31709,19758,11951,31636
2017-12-18 23:00,31305,21319,9986,30884
2017-12-18 22:00,31301,21808,9493,30376
2017-12-18 21:00,31148,22052,9096,30130
2017-12-18 20:00,31451,22209,9242,30360
2017-12-18 19:00,31859,22340,9519,30905
2017-12-18 18:00,32330,21779,10551,31615
2017-12-18 17:00,32812,20274,12538,32499
2017-12-18 16:00,32838,18086,14752,32862
2017-12-18 15:00,31225,17693,13532,31415
2017-12-18 14:00,28215,17027,11188,28167
2017-12-18 13:00,26263,16657,9606,25793
2017-12-18 12:00,25319,16999,8320,24819
2017-12-18 11:00,25218,17274,7944,24717
2017-12-18 10:00,25482,17521,7961,25073
2017-12-18 09:00,26416,18115,8301,25871
2017-12-18 08:00,27612,18797,8815,27056
2017-12-18 07:00,29769,20258,9511,29219
2017-12-18 06:00,31949,21185,10764,31316
2017-12-18 05:00,33168,21856,11312,32728
2017-12-18 04:00,33756,22800,10956,33542
2017-12-18 03:00,33972,23321,10651,33854
2017-12-18 02:00,33541,23047,10494,33148
2017-12-18 01:00,29932,20881,9051,29760
2017-12-18 00:00,27626,20339,7287,27572
2017-12-17 23:00,27042,21248,5794,26599
2017-12-17 22:00,26726,21115,5611,26157
2017-12-17 21:00,26865,21321,5544,25976
2017-12-17 20:00,26761,21339,5422,26120
2017-12-17 19:00,26914,21866,5048,26412
2017-12-17 18:00,27202,21814,5388,26740
2017-12-17 17:00,26972,21424,5548,26853
2017-12-17 16:00,26657,19504,7153,26181
2017-12-17 15:00,26268,18287,7981,25537
2017-12-17 14:00,25277,18032,7245,24572
2017-12-17 13:00,24655,17575,7080,24065
2017-12-17 12:00,24563,16707,7856,23911
2017-12-17 11:00,24881,16874,8007,24209
2017-12-17 10:00,25629,16987,8642,24879
2017-12-17 09:00,26385,17854,8531,26014
2017-12-17 08:00,27897,18924,8973,27315
2017-12-17 07:00,29896,20674,9222,29224
2017-12-17 06:00,31638,22120,9518,30939
2017-12-17 05:00,32710,23024,9686,31964
2017-12-17 04:00,33382,24260,9122,32770
2017-12-17 03:00,33891,25338,8553,33307
2017-12-17 02:00,33748,26284,7464,33014
2017-12-17 01:00,30592,24172,6420,30139
2017-12-17 00:00,28557,23747,4810,28342
2017-12-16 23:00,27926,24515,3411,27405
2017-12-16 22:00,27491,24907,2584,27104
2017-12-16 21:00,27594,24760,2834,27103
2017-12-16 20:00,28135,25107,3028,27329
2017-12-16 19:00,28917,25181,3736,27627
2017-12-16 18:00,29118,24817,4301,27982
2017-12-16 17:00,29118,24475,4643,27908
2017-12-16 16:00,28444,22673,5771,27499
2017-12-16 15:00,27560,21138,6422,26849
2017-12-16 14:00,26082,19429,6653,25610
2017-12-16 13:00,25151,18337,6814,24852
2017-12-16 12:00,25141,17488,7653,24551
2017-12-16 11:00,25297,17429,7868,24811
2017-12-16 10:00,25610,17522,8088,25501
2017-12-16 09:00,26894,18304,8590,26692
2017-12-16 08:00,28789,19579,9210,28628
2017-12-16 07:00,31147,21897,9250,30889
2017-12-16 06:00,32996,22736,10260,32991
2017-12-16 05:00,34331,24314,10017,34430
2017-12-16 04:00,35243,25192,10051,35333
2017-12-16 03:00,36021,25787,10234,36037
2017-12-16 02:00,36543,26025,10518,36323
2017-12-16 01:00,34163,23986,10177,33643
2017-12-16 00:00,32594,23957,8637,32129
2017-12-15 23:00,32511,25111,7400,31385
2017-12-15 22:00,32413,25339,7074,31022
2017-12-15 21:00,32053,25310,6743,30697
2017-12-15 20:00,32391,25615,6776,30853
2017-12-15 19:00,32461,25484,6977,31223
2017-12-15 18:00,32493,25163,7330,31655
2017-12-15 17:00,32855,24527,8328,32159
2017-12-15 16:00,32917,23235,9682,32578
2017-12-15 15:00,31649,21587,10062,31254
2017-12-15 14:00,28528,19763,8765,28274
2017-12-15 13:00,26717,18230,8487,26270
2017-12-15 12:00,26024,17848,8176,25435
2017-12-15 11:00,26080,18301,7779,25423
2017-12-15 10:00,26643,18472,8171,25948
2017-12-15 09:00,27598,19338,8260,26879
2017-12-15 08:00,29025,19800,9225,28664
2017-12-15 07:00,31486,21331,10155,31060
2017-12-15 06:00,34064,23268,10796,33612
2017-12-15 05:00,35680,24881,10799,35310
2017-12-15 04:00,36579,25969,10610,36369
2017-12-15 03:00,37094,26996,10098,37082
2017-12-15 02:00,36990,26942,10048,37108
2017-12-15 01:00,34278,24598,9680,34337
2017-12-15 00:00,32593,24292,8301,32571
2017-12-14 23:00,31629,25514,6115,31770
2017-12-14 22:00,31374,25803,5571,31316
2017-12-14 21:00,31382,25433,5949,30964
2017-12-14 20:00,31660,25704,5956,30980
2017-12-14 19:00,31856,26052,5804,31317
2017-12-14 18:00,32330,25906,6424,31795
2017-12-14 17:00,32944,24707,8237,32437
2017-12-14 16:00,33369,24149,9220,32915
2017-12-14 15:00,32023,22672,9351,31684
2017-12-14 14:00,28840,20164,8676,28614
2017-12-14 13:00,26733,18979,7754,26443
2017-12-14 12:00,25930,18625,7305,25562
2017-12-14 11:00,25894,18503,7391,25548
2017-12-14 10:00,26484,18454,8030,26085
2017-12-14 09:00,27375,18968,8407,27073
2017-12-14 08:00,29185,20175,9010,28653
2017-12-14 07:00,31455,22503,8952,31157
2017-12-14 06:00,34003,24033,9970,33748
2017-12-14 05:00,35810,25176,10634,35685
2017-12-14 04:00,36734,25965,10769,36771
2017-12-14 03:00,37389,26772,10617,37544
2017-12-14 02:00,37437,27151,10286,37540
2017-12-14 01:00,34475,24783,9692,34770
2017-12-14 00:00,32920,23935,8985,32960
2017-12-13 23:00,32518,24750,7768,32315
2017-12-13 22:00,32100,25230,6870,31737
2017-12-13 21:00,31698,24958,6740,31348
2017-12-13 20:00,31982,25042,6940,31420
2017-12-13 19:00,32389,24781,7608,31760
2017-12-13 18:00,32704,24866,7838,32065
2017-12-13 17:00,33114,24616,8498,32591
2017-12-13 16:00,33554,24343,9211,32849
2017-12-13 15:00,32222,22638,9584,31402
2017-12-13 14:00,28960,20557,8403,28206
2017-12-13 13:00,26919,18700,8219,25956
2017-12-13 12:00,26326,18161,8165,25047
2017-12-13 11:00,26322,18084,8238,25048
2017-12-13 10:00,26652,18084,8568,25550
2017-12-13 09:00,27533,18539,8994,26552
2017-12-13 08:00,29038,19408,9630,28708
2017-12-13 07:00,31482,21619,9863,31117
2017-12-13 06:00,34201,23655,10546,33708
2017-12-13 05:00,35776,25726,10050,35514
2017-12-13 04:00,36663,26563,10100,36560
2017-12-13 03:00,37205,27085,10120,37235
2017-12-13 02:00,37265,27297,9968,37238
2017-12-13 01:00,34552,24858,9694,34409
2017-12-13 00:00,33100,23655,9445,32403
2017-12-12 23:00,32532,24907,7625,31555
2017-12-12 22:00,32275,25395,6880,31001
2017-12-12 21:00,31796,25416,6380,30665
2017-12-12 20:00,31834,25074,6760,30791
2017-12-12 19:00,31580,24929,6651,31128
2017-12-12 18:00,32091,24415,7676,31617
2017-12-12 17:00,32798,23738,9060,32421
2017-12-12 16:00,33391,22966,10425,33051
2017-12-12 15:00,32021,21052,10969,31814
2017-12-12 14:00,28797,18759,10038,28679
2017-12-12 13:00,26713,17237,9476,26488
2017-12-12 12:00,26109,16676,9433,25625
2017-12-12 11:00,26126,16626,9500,25632
2017-12-12 10:00,26431,16732,9699,26113
2017-12-12 09:00,27209,17144,10065,27067
2017-12-12 08:00,29064,18568,10496,28107
2017-12-12 07:00,31436,20003,11433,30460
2017-12-12 06:00,33943,21506,12437,33105
2017-12-12 05:00,35758,22858,12900,34947
2017-12-12 04:00,36800,23341,13459,36185
2017-12-12 03:00,37458,23630,13828,36957
2017-12-12 02:00,37447,23546,13901,36873
2017-12-12 01:00,34599,21071,13528,34200
2017-12-12 00:00,33176,19881,13295,32409
2017-12-11 23:00,32965,20865,12100,31593
2017-12-11 22:00,32701,21314,11387,31128
2017-12-11 21:00,32331,21636,10695,30817
2017-12-11 20:00,32193,21581,10612,30830
2017-12-11 19:00,32305,21300,11005,30964
2017-12-11 18:00,32433,21269,11164,31328
2017-12-11 17:00,32745,20415,12330,31765
2017-12-11 16:00,32723,18360,14363,31965
2017-12-11 15:00,31188,17117,14071,30701
2017-12-11 14:00,27887,16381,11506,27641
2017-12-11 13:00,25769,16079,9690,25553
2017-12-11 12:00,25043,15982,9061,24654
2017-12-11 11:00,24955,16631,8324,24607
2017-12-11 10:00,25354,16975,8379,25061
2017-12-11 09:00,26251,17656,8595,25907
2017-12-11 08:00,27615,18370,9245,26689
2017-12-11 07:00,29609,19969,9640,28809
2017-12-11 06:00,31935,21165,10770,30922
2017-12-11 05:00,33501,22218,11283,32485
2017-12-11 04:00,34285,22730,11555,33418
2017-12-11 03:00,34598,23000,11598,33776
2017-12-11 02:00,34260,23160,11100,33344
2017-12-11 01:00,30963,21322,9641,30150
2017-12-11 00:00,28888,20618,8270,28025
2017-12-10 23:00,28109,21735,6374,27044
2017-12-10 22:00,27739,22362,5377,26367
2017-12-10 21:00,27427,22488,4939,25979
2017-12-10 20:00,27293,22467,4826,25865
2017-12-10 19:00,27411,22403,5008,25955
2017-12-10 18:00,27584,21953,5631,26025
2017-12-10 17:00,27309,20680,6629,25901
2017-12-10 16:00,27217,18873,8344,25524
2017-12-10 15:00,26913,18421,8492,25265
2017-12-10 14:00,25553,18123,7430,24462
2017-12-10 13:00,24957,17796,7161,23977
2017-12-10 12:00,24868,17526,7342,23792
2017-12-10 11:00,25137,17602,7535,24152
2017-12-10 10:00,25777,17952,7825,24828
2017-12-10 09:00,26915,18587,8328,25911
2017-12-10 08:00,28161,20048,8113,27341
2017-12-10 07:00,30136,22234,7902,29355
2017-12-10 06:00,31808,23336,8472,31097
2017-12-10 05:00,32880,24423,8457,32197
2017-12-10 04:00,33633,25329,8304,32971
2017-12-10 03:00,34250,25922,8328,33642
2017-12-10 02:00,34265,26421,7844,33453
2017-12-10 01:00,31245,24754,6491,30449
2017-12-10 00:00,29506,23479,6027,28640
2017-12-09 23:00,29109,24561,4548,27706
2017-12-09 22:00,28799,24841,3958,27412
2017-12-09 21:00,28635,24782,3853,27294
2017-12-09 20:00,28756,25219,3537,27397
2017-12-09 19:00,29009,25343,3666,27650
2017-12-09 18:00,29337,25432,3905,27750
2017-12-09 17:00,29178,24647,4531,27867
2017-12-09 16:00,28490,23937,4553,27455
2017-12-09 15:00,28260,22256,6004,26771
2017-12-09 14:00,27092,20192,6900,25568
2017-12-09 13:00,26241,18553,7688,24711
2017-12-09 12:00,25968,17979,7989,24502
2017-12-09 11:00,26032,17988,8044,24734
2017-12-09 10:00,26575,18151,8424,25430
2017-12-09 09:00,27664,18881,8783,26572
2017-12-09 08:00,28941,19947,8994,28589
2017-12-09 07:00,31179,22293,8886,30775
2017-12-09 06:00,33307,23947,9360,32800
2017-12-09 05:00,34597,25587,9010,34290
2017-12-09 04:00,35434,26392,9042,35294
2017-12-09 03:00,36178,26823,9355,36067
2017-12-09 02:00,36502,27252,9250,36166
2017-12-09 01:00,33996,24865,9131,33505
2017-12-09 00:00,32434,24288,8146,31699
2017-12-08 23:00,32037,25350,6687,31009
2017-12-08 22:00,31745,25597,6148,30563
2017-12-08 21:00,31437,25537,5900,30251
2017-12-08 20:00,31550,25297,6253,30444
2017-12-08 19:00,31848,25436,6412,30780
2017-12-08 18:00,32236,25376,6860,31281
2017-12-08 17:00,32452,24284,8168,31861
2017-12-08 16:00,32811,23173,9638,32221
2017-12-08 15:00,31487,21478,10009,30998
2017-12-08 14:00,28332,19314,9018,28033
2017-12-08 13:00,26371,17913,8458,26030
2017-12-08 12:00,25874,17170,8704,25242
2017-12-08 11:00,25985,17173,8812,25254
2017-12-08 10:00,26238,17259,8979,25792
2017-12-08 09:00,27228,17923,9305,26832
2017-12-08 08:00,28846,19406,9440,28333
2017-12-08 07:00,31241,21288,9953,30808
2017-12-08 06:00,33729,23309,10420,33400
2017-12-08 05:00,35437,24906,10531,35182
2017-12-08 04:00,36394,25748,10646,36245
2017-12-08 03:00,36964,26420,10544,36819
2017-12-08 02:00,37091,26798,10293,36516
2017-12-08 01:00,34445,24080,10365,33873
2017-12-08 00:00,32613,23434,9179,31978
2017-12-07 23:00,32163,24683,7480,31192
2017-12-07 22:00,31830,24753,7077,30679
2017-12-07 21:00,31528,24504,7024,30267
2017-12-07 20:00,31796,24676,7120,30360
2017-12-07 19:00,31978,24960,7018,30767
2017-12-07 18:00,32042,24691,7351,31214
2017-12-07 17:00,32637,24571,8066,31887
2017-12-07 16:00,33262,23452,9810,32486
2017-12-07 15:00,32034,23750,8284,31160
2017-12-07 14:00,28841,20343,8498,28121
2017-12-07 13:00,27022,18437,8585,25999
2017-12-07 12:00,26265,17654,8611,25187
2017-12-07 11:00,26320,17878,8442,25217
2017-12-07 10:00,26658,18276,8382,25725
2017-12-07 09:00,27588,18941,8647,26677
2017-12-07 08:00,29069,20006,9063,28463
2017-12-07 07:00,31498,22288,9210,30910
2017-12-07 06:00,34190,24583,9607,33550
2017-12-07 05:00,36014,26442,9572,35448
2017-12-07 04:00,36857,26892,9965,36470
2017-12-07 03:00,37399,27355,10044,37068
2017-12-07 02:00,37314,27125,10189,36908
2017-12-07 01:00,34207,24137,10070,33921
2017-12-07 00:00,32419,23458,8961,32216
2017-12-06 23:00,31521,24615,6906,31238
2017-12-06 22:00,31036,24544,6492,30703
2017-12-06 21:00,30620,24169,6451,30382
2017-12-06 20:00,30925,23795,7130,30540
2017-12-06 19:00,31391,23905,7486,30915
2017-12-06 18:00,32040,23833,8207,31419
2017-12-06 17:00,32887,23727,9160,32222
2017-12-06 16:00,33521,23147,10374,32779
2017-12-06 15:00,32027,21902,10125,31451
2017-12-06 14:00,28951,20115,8836,28230
2017-12-06 13:00,26897,18480,8417,26134
2017-12-06 12:00,26066,18200,7866,25354
2017-12-06 11:00,26100,18551,7549,25311
2017-12-06 10:00,26605,18760,7845,25804
2017-12-06 09:00,27511,18977,8534,26807
2017-12-06 08:00,29099,19604,9495,28607
2017-12-06 07:00,31550,21768,9782,31102
2017-12-06 06:00,34197,24233,9964,33769
2017-12-06 05:00,35944,25920,10024,35708
2017-12-06 04:00,36820,26996,9824,36780
2017-12-06 03:00,37317,27488,9829,37303
2017-12-06 02:00,36976,27332,9644,36805
2017-12-06 01:00,33698,24675,9023,33716
2017-12-06 00:00,31917,24050,7867,31733
2017-12-05 23:00,31081,25196,5885,30958
2017-12-05 22:00,30602,25088,5514,30489
2017-12-05 21:00,30269,25015,5254,30174
2017-12-05 20:00,30486,25071,5415,30319
2017-12-05 19:00,31075,25350,5725,30743
2017-12-05 18:00,31546,25149,6397,31272
2017-12-05 17:00,32100,23561,8539,31931
2017-12-05 16:00,32786,22336,10450,32358
2017-12-05 15:00,31546,20824,10722,31042
2017-12-05 14:00,28465,18302,10163,27885
2017-12-05 13:00,26457,16547,9910,25753
2017-12-05 12:00,25753,16350,9403,24914
2017-12-05 11:00,25825,16683,9142,24873
2017-12-05 10:00,26162,17283,8879,25406
2017-12-05 09:00,27086,17227,9859,26418
2017-12-05 08:00,28466,18129,10337,28370
2017-12-05 07:00,30880,20057,10823,30879
2017-12-05 06:00,33923,21696,12227,33539
2017-12-05 05:00,35912,23517,12395,35618
2017-12-05 04:00,36950,24211,12739,36712
2017-12-05 03:00,37491,24411,13080,37185
2017-12-05 02:00,37337,24015,13322,36550
2017-12-05 01:00,34011,20966,13045,33013
2017-12-05 00:00,31969,21058,10911,31297
2017-12-04 23:00,31317,22110,9207,30636
2017-12-04 22:00,30969,22473,8496,30391
2017-12-04 21:00,30812,22354,8458,30222
2017-12-04 20:00,30972,22058,8914,30310
2017-12-04 19:00,31333,21813,9520,30668
2017-12-04 18:00,31836,21574,10262,31130
2017-12-04 17:00,32254,20748,11506,31735
2017-12-04 16:00,32476,18000,14476,31784
2017-12-04 15:00,30937,16747,14190,30339
2017-12-04 14:00,27695,15814,11881,27233
2017-12-04 13:00,25587,15797,9790,25080
2017-12-04 12:00,25318,15595,9723,24156
2017-12-04 11:00,25331,15461,9870,24133
2017-12-04 10:00,25710,16040,9670,24501
2017-12-04 09:00,26064,16299,9765,25335
2017-12-04 08:00,26890,17554,9336,26686
2017-12-04 07:00,28955,19039,9916,28721
2017-12-04 06:00,31229,20487,10742,30932
2017-12-04 05:00,32827,21657,11170,32507
2017-12-04 04:00,33702,22118,11584,33367
2017-12-04 03:00,34043,22870,11173,33596
2017-12-04 02:00,33650,23858,9792,32786
2017-12-04 01:00,30002,21174,8828,29635
2017-12-04 00:00,28141,20427,7714,27794
2017-12-03 23:00,27332,21154,6178,27059
2017-12-03 22:00,26807,21376,5431,26662
2017-12-03 21:00,26458,21453,5005,26429
2017-12-03 20:00,26354,21323,5031,26403
2017-12-03 19:00,26629,21436,5193,26559
2017-12-03 18:00,26790,21420,5370,26569
2017-12-03 17:00,26844,20179,6665,26270
2017-12-03 16:00,26451,17869,8582,25727
2017-12-03 15:00,25377,16538,8839,25184
2017-12-03 14:00,24640,16275,8365,24304
2017-12-03 13:00,24690,16071,8619,23757
2017-12-03 12:00,24141,16175,7966,23652
2017-12-03 11:00,24435,16357,8078,23990
2017-12-03 10:00,25061,16688,8373,24693
2017-12-03 09:00,25970,17567,8403,25822
2017-12-03 08:00,27311,19112,8199,27292
2017-12-03 07:00,29299,20323,8976,29177
2017-12-03 06:00,30968,21952,9016,30928
2017-12-03 05:00,32158,23057,9101,32245
2017-12-03 04:00,32906,24309,8597,33155
2017-12-03 03:00,33422,25146,8276,33724
2017-12-03 02:00,33562,25876,7686,33397
2017-12-03 01:00,31062,23833,7229,30481
2017-12-03 00:00,29661,23624,6037,28945
2017-12-02 23:00,29064,24144,4920,28384
2017-12-02 22:00,28905,24355,4550,28082
2017-12-02 21:00,28654,24289,4365,27853
2017-12-02 20:00,28592,24592,4000,27878
2017-12-02 19:00,28742,24514,4228,27910
2017-12-02 18:00,28749,24396,4353,27953
2017-12-02 17:00,28677,23874,4803,27772
2017-12-02 16:00,28218,22602,5616,27277
2017-12-02 15:00,27046,20636,6410,26693
2017-12-02 14:00,25808,18822,6986,25427
2017-12-02 13:00,25241,17455,7786,24628
2017-12-02 12:00,25071,16727,8344,24359
2017-12-02 11:00,25316,16619,8697,24658
2017-12-02 10:00,25769,16898,8871,25352
2017-12-02 09:00,26896,17532,9364,26529
2017-12-02 08:00,28895,18428,10467,27820
2017-12-02 07:00,30747,20555,10192,29958
2017-12-02 06:00,32583,23118,9465,31998
2017-12-02 05:00,33955,24932,9023,33658
2017-12-02 04:00,34818,26200,8618,34854
2017-12-02 03:00,35599,26796,8803,35490
2017-12-02 02:00,35893,26907,8986,35481
2017-12-02 01:00,33485,24389,9096,32936
2017-12-02 00:00,32296,23493,8803,31686
2017-12-01 23:00,31960,23475,8485,31252
2017-12-01 22:00,31623,23350,8273,31009
2017-12-01 21:00,31310,23052,8258,30792
2017-12-01 20:00,31396,23165,8231,30875
2017-12-01 19:00,31471,23314,8157,31002
2017-12-01 18:00,31665,23045,8620,31181
2017-12-01 17:00,32127,23521,8606,31380
2017-12-01 16:00,32076,23264,8812,31518
2017-12-01 15:00,30753,21271,9482,30297
2017-12-01 14:00,27941,18655,9286,27468
2017-12-01 13:00,26232,16885,9347,25594
2017-12-01 12:00,25481,16807,8674,24786
2017-12-01 11:00,25578,16619,8959,24829
2017-12-01 10:00,26187,16668,9519,25339
2017-12-01 09:00,27272,17327,9945,26217
2017-12-01 08:00,28622,18550,10072,27580
2017-12-01 07:00,30622,20813,9809,29695
2017-12-01 06:00,33091,22777,10314,31942
2017-12-01 05:00,34824,24225,10599,33707
2017-12-01 04:00,35750,25666,10084,34904
2017-12-01 03:00,36297,26451,9846,35570
2017-12-01 02:00,36394,27317,9077,35450
2017-12-01 01:00,33832,24895,8937,32913
2017-12-01 00:00,32396,23818,8578,31490
2017-11-30 23:00,31845,23628,8217,30930
2017-11-30 22:00,31604,23707,7897,30571
2017-11-30 21:00,31181,23488,7693,30157
2017-11-30 20:00,31144,23041,8103,30173
2017-11-30 19:00,31332,22985,8347,30310
2017-11-30 18:00,31552,22781,8771,30529
2017-11-30 17:00,32144,22771,9373,30865
2017-11-30 16:00,32442,22173,10269,31019
2017-11-30 15:00,31095,20824,10271,29966
2017-11-30 14:00,28034,18121,9913,27270
2017-11-30 13:00,25984,16660,9324,25326
2017-11-30 12:00,25157,15995,9162,24544
2017-11-30 11:00,25230,15948,9282,24577
2017-11-30 10:00,25796,16340,9456,25113
2017-11-30 09:00,26807,16721,10086,25937
2017-11-30 08:00,28494,17936,10558,27615
2017-11-30 07:00,30807,20475,10332,29804
2017-11-30 06:00,33350,22510,10840,32107
2017-11-30 05:00,35109,24266,10843,33974
2017-11-30 04:00,36127,25401,10726,35193
2017-11-30 03:00,36735,26169,10566,35891
2017-11-30 02:00,36805,26481,10324,35786
2017-11-30 01:00,34201,24457,9744,33284
2017-11-30 00:00,32660,23740,8920,32029
2017-11-29 23:00,32023,23800,8223,31538
2017-11-29 22:00,31794,24523,7271,31155
2017-11-29 21:00,31477,24544,6933,30822
2017-11-29 20:00,31523,24354,7169,30687
2017-11-29 19:00,31565,24208,7357,30691
2017-11-29 18:00,31718,24272,7446,30765
2017-11-29 17:00,32024,23528,8496,31015
2017-11-29 16:00,32139,22347,9792,31096
2017-11-29 15:00,30844,20562,10282,29955
2017-11-29 14:00,27814,17875,9939,27204
2017-11-29 13:00,25830,16327,9503,25302
2017-11-29 12:00,25151,15854,9297,24523
2017-11-29 11:00,25271,15828,9443,24598
2017-11-29 10:00,25860,16052,9808,25122
2017-11-29 09:00,26797,16358,10439,26067
2017-11-29 08:00,28293,17566,10727,27502
2017-11-29 07:00,30589,19803,10786,29623
2017-11-29 06:00,33132,21908,11224,31918
2017-11-29 05:00,34897,23641,11256,33776
2017-11-29 04:00,35939,24333,11606,34898
2017-11-29 03:00,36664,25044,11620,35508
2017-11-29 02:00,36808,25469,11339,35377
2017-11-29 01:00,34176,23338,10838,32809
2017-11-29 00:00,32627,23229,9398,31463
2017-11-28 23:00,31919,23840,8079,30979
2017-11-28 22:00,31374,23760,7614,30694
2017-11-28 21:00,30774,23587,7187,30382
2017-11-28 20:00,30591,23274,7317,30392
2017-11-28 19:00,30648,23294,7354,30596
2017-11-28 18:00,30911,23093,7818,30847
2017-11-28 17:00,31269,22049,9220,31144
2017-11-28 16:00,31599,20742,10857,31207
2017-11-28 15:00,30326,18873,11453,29886
2017-11-28 14:00,27330,17602,9728,27085
2017-11-28 13:00,25347,16375,8972,25012
2017-11-28 12:00,24677,15563,9114,24176
2017-11-28 11:00,24773,15667,9106,24166
2017-11-28 10:00,25631,15569,10062,24693
2017-11-28 09:00,26512,16269,10243,25569
2017-11-28 08:00,27936,17141,10795,27381
2017-11-28 07:00,30204,18075,12129,29580
2017-11-28 06:00,32628,19196,13432,31905
2017-11-28 05:00,34439,20649,13790,33825
2017-11-28 04:00,35470,21349,14121,34985
2017-11-28 03:00,36081,22416,13665,35497
2017-11-28 02:00,36053,22493,13560,35350
2017-11-28 01:00,33163,20470,12693,32617
2017-11-28 00:00,31865,20912,10953,31312
2017-11-27 23:00,31583,21951,9632,31189
2017-11-27 22:00,31367,22178,9189,31134
2017-11-27 21:00,30723,22033,8690,30964
2017-11-27 20:00,30781,21570,9211,30991
2017-11-27 19:00,30922,21100,9822,31141
2017-11-27 18:00,30829,20450,10379,31019
2017-11-27 17:00,30937,19247,11690,30795
2017-11-27 16:00,30556,16371,14185,30325
2017-11-27 15:00,28892,14769,14123,28815
2017-11-27 14:00,26112,14521,11591,26125
2017-11-27 13:00,24272,14207,10065,24196
2017-11-27 12:00,23577,14026,9551,23358
2017-11-27 11:00,23573,14193,9380,23362
2017-11-27 10:00,24125,14539,9586,23862
2017-11-27 09:00,24987,15422,9565,24664
2017-11-27 08:00,26317,16993,9324,25685
2017-11-27 07:00,28161,18271,9890,27532
2017-11-27 06:00,30040,18964,11076,29563
2017-11-27 05:00,31688,20414,11274,31323
2017-11-27 04:00,32767,21507,11260,32564
2017-11-27 03:00,33322,22257,11065,33334
2017-11-27 02:00,33523,23038,10485,33160
2017-11-27 01:00,31190,21501,9689,30522
2017-11-27 00:00,29727,21171,8556,29008
2017-11-26 23:00,29183,21770,7413,28181
2017-11-26 22:00,28690,22058,6632,27628
2017-11-26 21:00,28055,21811,6244,27131
2017-11-26 20:00,27394,21329,6065,26718
2017-11-26 19:00,27036,20868,6168,26347
2017-11-26 18:00,26366,20352,6014,25852
2017-11-26 17:00,25499,18921,6578,25281
2017-11-26 16:00,24594,16169,8425,24586
2017-11-26 15:00,24381,14256,10125,24110
2017-11-26 14:00,23729,14120,9609,23550
2017-11-26 13:00,23288,14212,9076,23064
2017-11-26 12:00,23297,14066,9231,22970
2017-11-26 11:00,23475,14079,9396,23297
2017-11-26 10:00,24100,14865,9235,23965
2017-11-26 09:00,25171,15913,9258,25079
2017-11-26 08:00,26591,16910,9681,26394
2017-11-26 07:00,28443,18147,10296,28240
2017-11-26 06:00,30218,19448,10770,29970
2017-11-26 05:00,31478,20225,11253,31450
2017-11-26 04:00,32330,21101,11229,32455
2017-11-26 03:00,33109,22174,10935,33436
2017-11-26 02:00,33616,23064,10552,33447
2017-11-26 01:00,31669,21949,9720,30869
2017-11-26 00:00,30691,22147,8544,29338
2017-11-25 23:00,30012,23143,6869,28557
2017-11-25 22:00,29425,22875,6550,28019
2017-11-25 21:00,28842,22454,6388,27719
2017-11-25 20:00,28135,22056,6079,27564
2017-11-25 19:00,27661,21265,6396,27493
2017-11-25 18:00,26943,21384,5559,27263
2017-11-25 17:00,25950,20214,5736,26897
2017-11-25 16:00,25293,17215,8078,26107
2017-11-25 15:00,24816,15659,9157,25527
2017-11-25 14:00,24048,15555,8493,24667
2017-11-25 13:00,23393,15175,8218,23953
2017-11-25 12:00,23325,15012,8313,23741
2017-11-25 11:00,23719,14964,8755,24103
2017-11-25 10:00,24405,15116,9289,24834
2017-11-25 09:00,25554,15317,10237,25882
2017-11-25 08:00,26830,16080,10750,27004
2017-11-25 07:00,28591,16952,11639,28879
2017-11-25 06:00,30388,17842,12546,30754
2017-11-25 05:00,31743,18698,13045,32258
2017-11-25 04:00,32681,19188,13493,33562
2017-11-25 03:00,33671,20431,13240,34793
2017-11-25 02:00,34397,21955,12442,35178
2017-11-25 01:00,32726,22351,10375,32752
2017-11-25 00:00,31942,22867,9075,31081
2017-11-24 23:00,31159,24166,6993,30333
2017-11-24 22:00,30541,24116,6425,29852
2017-11-24 21:00,29739,23294,6445,29159
2017-11-24 20:00,28752,22354,6398,28673
2017-11-24 19:00,28179,21921,6258,28232
2017-11-24 18:00,27673,21233,6440,27648
2017-11-24 17:00,26414,19700,6714,26897
2017-11-24 16:00,25571,16670,8901,26098
2017-11-24 15:00,25476,15021,10455,25713
2017-11-24 14:00,24423,14920,9503,24767
2017-11-24 13:00,23817,14854,8963,23783
2017-11-24 12:00,23484,14740,8744,23530
2017-11-24 11:00,23760,14816,8944,23771
2017-11-24 10:00,24429,15551,8878,24349
2017-11-24 09:00,25114,16668,8446,25350
2017-11-24 08:00,26381,18257,8124,25902
2017-11-24 07:00,27985,20479,7506,27413
2017-11-24 06:00,28925,22098,6827,28840
2017-11-24 05:00,29890,23772,6118,29801
2017-11-24 04:00,30709,24866,5843,30798
2017-11-24 03:00,31827,26355,5472,31873
2017-11-24 02:00,33203,27600,5603,32786
2017-11-24 01:00,33042,26958,6084,31733
2017-11-24 00:00,33426,27091,6335,31028
2017-11-23 23:00,33403,27478,5925,30567
2017-11-23 22:00,33060,27452,5608,30085
2017-11-23 21:00,31933,26571,5362,29460
2017-11-23 20:00,30730,25585,5145,28800
2017-11-23 19:00,29445,25114,4331,28021
2017-11-23 18:00,28038,24377,3661,27333
2017-11-23 17:00,26824,22844,3980,26635
2017-11-23 16:00,25819,20662,5157,25820
2017-11-23 15:00,25231,18723,6508,25276
2017-11-23 14:00,24646,17331,7315,24677
2017-11-23 13:00,24174,16209,7965,24033
2017-11-23 12:00,24254,15822,8432,23961
2017-11-23 11:00,24747,16026,8721,24408
2017-11-23 10:00,25589,16425,9164,25189
2017-11-23 09:00,26763,17455,9308,26503
2017-11-23 08:00,28221,19391,8830,28020
2017-11-23 07:00,30497,20950,9547,30317
2017-11-23 06:00,32689,22048,10641,33023
2017-11-23 05:00,34389,24158,10231,35275
2017-11-23 04:00,35819,25092,10727,36898
2017-11-23 03:00,37214,26131,11083,38300
2017-11-23 02:00,38325,26940,11385,38901
2017-11-23 01:00,37208,25597,11611,36922
2017-11-23 00:00,36776,24997,11779,35970
2017-11-22 23:00,36149,25210,10939,35369
2017-11-22 22:00,35278,25432,9846,34627
2017-11-22 21:00,34245,24980,9265,33661
2017-11-22 20:00,33262,24719,8543,32930
2017-11-22 19:00,32419,24401,8018,32171
2017-11-22 18:00,31560,23508,8052,31470
2017-11-22 17:00,30795,22438,8357,30893
2017-11-22 16:00,29867,21394,8473,30356
2017-11-22 15:00,28698,19694,9004,29050
2017-11-22 14:00,26663,18442,8221,26503
2017-11-22 13:00,25053,17051,8002,24741
2017-11-22 12:00,24458,16362,8096,24089
2017-11-22 11:00,24609,16403,8206,24251
2017-11-22 10:00,25253,16946,8307,24863
2017-11-22 09:00,26324,17624,8700,25795
2017-11-22 08:00,27944,18516,9428,27131
2017-11-22 07:00,30075,20157,9918,29456
2017-11-22 06:00,32350,21842,10508,32072
2017-11-22 05:00,33908,23182,10726,34096
2017-11-22 04:00,34974,23676,11298,35592
2017-11-22 03:00,35920,24514,11406,36620
2017-11-22 02:00,36515,25423,11092,36873
2017-11-22 01:00,34749,24233,10516,34711
2017-11-22 00:00,34038,23910,10128,33499
2017-11-21 23:00,33489,24914,8575,33079
2017-11-21 22:00,32825,25150,7675,32539
2017-11-21 21:00,32156,24715,7441,31828
2017-11-21 20:00,31789,24532,7257,31479
2017-11-21 19:00,31830,24360,7470,31071
2017-11-21 18:00,31541,23831,7710,30768
2017-11-21 17:00,31004,22623,8381,30479
2017-11-21 16:00,29970,21037,8933,30151
2017-11-21 15:00,28717,18697,10020,28785
2017-11-21 14:00,26691,17309,9382,26143
2017-11-21 13:00,24955,15987,8968,24244
2017-11-21 12:00,24206,15311,8895,23532
2017-11-21 11:00,24536,15375,9161,23649
2017-11-21 10:00,25125,15631,9494,24215
2017-11-21 09:00,26072,16032,10040,25149
2017-11-21 08:00,27250,17195,10055,26593
2017-11-21 07:00,29327,18595,10732,28765
2017-11-21 06:00,31664,19989,11675,31284
2017-11-21 05:00,33368,21084,12284,33278
2017-11-21 04:00,34472,21797,12675,34699
2017-11-21 03:00,35416,22404,13012,35610
2017-11-21 02:00,35759,22730,13029,35770
2017-11-21 01:00,33590,20653,12937,33489
2017-11-21 00:00,32456,20365,12091,32528
2017-11-20 23:00,32566,21246,11320,32374
2017-11-20 22:00,32333,21864,10469,32177
2017-11-20 21:00,31753,21698,10055,31890
2017-11-20 20:00,31513,21439,10074,31582
2017-11-20 19:00,31288,21460,9828,31367
2017-11-20 18:00,31242,21284,9958,31052
2017-11-20 17:00,30577,20034,10543,30619
2017-11-20 16:00,29847,17858,11989,30059
2017-11-20 15:00,28431,16657,11774,28577
2017-11-20 14:00,25946,16043,9903,25937
2017-11-20 13:00,24316,15648,8668,23971
2017-11-20 12:00,23631,15371,8260,23110
2017-11-20 11:00,23654,15776,7878,23133
2017-11-20 10:00,24090,16546,7544,23502
2017-11-20 09:00,24951,17559,7392,24279
2017-11-20 08:00,25898,18559,7339,25471
2017-11-20 07:00,27802,19629,8173,27295
2017-11-20 06:00,29707,20235,9472,29296
2017-11-20 05:00,31008,21152,9856,30983
2017-11-20 04:00,31944,21612,10332,32064
2017-11-20 03:00,32488,22826,9662,32633
2017-11-20 02:00,32459,23164,9295,32014
2017-11-20 01:00,29510,21413,8097,28893
2017-11-20 00:00,27580,21163,6417,27454
2017-11-19 23:00,27085,22978,4107,26605
2017-11-19 22:00,26718,23145,3573,25940
2017-11-19 21:00,26203,22805,3398,25421
2017-11-19 20:00,26398,22647,3751,25150
2017-11-19 19:00,26119,22699,3420,25068
2017-11-19 18:00,26188,22172,4016,24988
2017-11-19 17:00,26346,21155,5191,24792
2017-11-19 16:00,25371,18769,6602,24428
2017-11-19 15:00,24949,17674,7275,24231
2017-11-19 14:00,24394,17340,7054,23624
2017-11-19 13:00,23823,16822,7001,23176
2017-11-19 12:00,23737,16474,7263,23021
2017-11-19 11:00,24086,16870,7216,23272
2017-11-19 10:00,24663,17307,7356,23871
2017-11-19 09:00,25596,18316,7280,24904
2017-11-19 08:00,26569,18968,7601,25923
2017-11-19 07:00,28200,20696,7504,27676
2017-11-19 06:00,29885,22225,7660,29337
2017-11-19 05:00,31085,23362,7723,30553
2017-11-19 04:00,31832,24357,7475,31416
2017-11-19 03:00,32467,26287,6180,32109
2017-11-19 02:00,32640,26875,5765,31930
2017-11-19 01:00,30075,24722,5353,29164
2017-11-19 00:00,28737,24713,4024,27643
2017-11-18 23:00,28415,25685,2730,26864
2017-11-18 22:00,28320,25710,2610,26547
2017-11-18 21:00,28110,25241,2869,26414
2017-11-18 20:00,28069,24977,3092,26526
2017-11-18 19:00,28121,24408,3713,26636
2017-11-18 18:00,27856,23654,4202,26730
2017-11-18 17:00,28154,23256,4898,26574
2017-11-18 16:00,27256,22469,4787,25897
2017-11-18 15:00,26425,20810,5615,25315
2017-11-18 14:00,25509,19830,5679,24419
2017-11-18 13:00,24821,18353,6468,23599
2017-11-18 12:00,24613,17739,6874,23411
2017-11-18 11:00,24970,17753,7217,23751
2017-11-18 10:00,25670,18127,7543,24423
2017-11-18 09:00,26661,18871,7790,25383
2017-11-18 08:00,27665,19590,8075,26958
2017-11-18 07:00,29615,21826,7789,28822
2017-11-18 06:00,31460,23512,7948,30659
2017-11-18 05:00,32870,25572,7298,32028
2017-11-18 04:00,33754,26349,7405,33058
2017-11-18 03:00,34630,27373,7257,33975
2017-11-18 02:00,35114,28436,6678,34277
2017-11-18 01:00,33126,26580,6546,31990
2017-11-18 00:00,32381,25928,6453,31022
2017-11-17 23:00,32540,25872,6668,30877
2017-11-17 22:00,32260,25952,6308,30855
2017-11-17 21:00,31948,25536,6412,30816
2017-11-17 20:00,31956,25977,5979,31041
2017-11-17 19:00,31477,24970,6507,31155
2017-11-17 18:00,31311,24741,6570,31255
2017-11-17 17:00,31231,23767,7464,31212
2017-11-17 16:00,30935,22324,8611,30779
2017-11-17 15:00,29307,20823,8484,28982
2017-11-17 14:00,27022,19355,7667,26413
2017-11-17 13:00,25505,17412,8093,24659
2017-11-17 12:00,24900,16824,8076,24014
2017-11-17 11:00,25150,17139,8011,24130
2017-11-17 10:00,25773,18187,7586,24710
2017-11-17 09:00,26547,18780,7767,25688
2017-11-17 08:00,27512,19410,8102,26867
2017-11-17 07:00,29521,21479,8042,28964
2017-11-17 06:00,31924,23078,8846,31397
2017-11-17 05:00,33681,25092,8589,33365
2017-11-17 04:00,34741,26441,8300,34694
2017-11-17 03:00,35543,27675,7868,35632
2017-11-17 02:00,36032,27746,8286,35979
2017-11-17 01:00,34410,25597,8813,34196
2017-11-17 00:00,33520,25506,8014,33563
2017-11-16 23:00,33599,25605,7994,33386
2017-11-16 22:00,33751,25266,8485,33191
2017-11-16 21:00,33613,25288,8325,32808
2017-11-16 20:00,33222,25039,8183,32525
2017-11-16 19:00,32537,24591,7946,32182
2017-11-16 18:00,32167,23990,8177,31756
2017-11-16 17:00,31555,23502,8053,31208
2017-11-16 16:00,30751,21521,9230,30350
2017-11-16 15:00,29290,20106,9184,28768
2017-11-16 14:00,26543,18571,7972,26174
2017-11-16 13:00,24802,17311,7491,24400
2017-11-16 12:00,24221,16523,7698,23689
2017-11-16 11:00,24629,16622,8007,23859
2017-11-16 10:00,25300,17277,8023,24442
2017-11-16 09:00,25987,18153,7834,25394
2017-11-16 08:00,27348,19486,7862,26764
2017-11-16 07:00,29414,21237,8177,28962
2017-11-16 06:00,31855,22585,9270,31480
2017-11-16 05:00,33616,24548,9068,33469
2017-11-16 04:00,34816,25603,9213,34879
2017-11-16 03:00,35801,26685,9116,35806
2017-11-16 02:00,36199,27076,9123,36094
2017-11-16 01:00,34081,25559,8522,33781
2017-11-16 00:00,33353,25989,7364,33109
2017-11-15 23:00,33171,26616,6555,32899
2017-11-15 22:00,32544,26398,6146,32519
2017-11-15 21:00,32281,25776,6505,32098
2017-11-15 20:00,32155,25243,6912,31703
2017-11-15 19:00,32142,24783,7359,31370
2017-11-15 18:00,31721,24521,7200,31035
2017-11-15 17:00,31416,23725,7691,30716
2017-11-15 16:00,30753,21953,8800,30404
2017-11-15 15:00,29146,20226,8920,29133
2017-11-15 14:00,26348,18602,7746,26331
2017-11-15 13:00,24536,17343,7193,24420
2017-11-15 12:00,23834,16862,6972,23757
2017-11-15 11:00,24039,16962,7077,23887
2017-11-15 10:00,24691,17573,7118,24452
2017-11-15 09:00,25593,18370,7223,25368
2017-11-15 08:00,26809,20038,6771,26590
2017-11-15 07:00,28886,21350,7536,28721
2017-11-15 06:00,31387,22864,8523,31060
2017-11-15 05:00,33163,24991,8172,33147
2017-11-15 04:00,34373,25628,8745,34614
2017-11-15 03:00,35261,26954,8307,35537
2017-11-15 02:00,35553,27573,7980,35742
2017-11-15 01:00,33295,25651,7644,33449
2017-11-15 00:00,32558,25487,7071,32317
2017-11-14 23:00,32047,25348,6699,32020
2017-11-14 22:00,31735,24956,6779,31619
2017-11-14 21:00,31121,24521,6600,31125
2017-11-14 20:00,30721,23758,6963,30806
2017-11-14 19:00,30548,23865,6683,30530
2017-11-14 18:00,30303,23844,6459,30285
2017-11-14 17:00,30120,22839,7281,30130
2017-11-14 16:00,30116,21502,8614,29875
2017-11-14 15:00,28869,20229,8640,28755
2017-11-14 14:00,26208,18550,7658,26172
2017-11-14 13:00,24379,16885,7494,24292
2017-11-14 12:00,23837,16322,7515,23542
2017-11-14 11:00,24022,16712,7310,23629
2017-11-14 10:00,24593,16763,7830,24161
2017-11-14 09:00,25407,17291,8116,25023
2017-11-14 08:00,26732,18570,8162,26566
2017-11-14 07:00,28914,20203,8711,28829
2017-11-14 06:00,31430,21563,9867,31416
2017-11-14 05:00,33269,22917,10352,33436
2017-11-14 04:00,34562,23571,10991,34897
2017-11-14 03:00,35417,23592,11825,35895
2017-11-14 02:00,35697,23737,11960,35967
2017-11-14 01:00,33490,21838,11652,33454
2017-11-14 00:00,32511,20953,11558,32105
2017-11-13 23:00,32092,20727,11365,31648
2017-11-13 22:00,31707,20444,11263,31293
2017-11-13 21:00,31125,20142,10983,30913
2017-11-13 20:00,30754,19855,10899,30659
2017-11-13 19:00,30930,19149,11781,30516
2017-11-13 18:00,30875,18892,11983,30241
2017-11-13 17:00,30265,18579,11686,29924
2017-11-13 16:00,29945,17990,11955,29549
2017-11-13 15:00,28595,17024,11571,28235
2017-11-13 14:00,25750,16659,9091,25750
2017-11-13 13:00,23865,16195,7670,23694
2017-11-13 12:00,23026,16264,6762,22847
2017-11-13 11:00,22912,16735,6177,22834
2017-11-13 10:00,23284,17985,5299,23180
2017-11-13 09:00,24052,18624,5428,23958
2017-11-13 08:00,25268,19556,5712,25549
2017-11-13 07:00,27173,20896,6277,27418
2017-11-13 06:00,29192,22255,6937,29427
2017-11-13 05:00,30749,23936,6813,31097
2017-11-13 04:00,31765,24929,6836,32079
2017-11-13 03:00,32305,25447,6858,32718
2017-11-13 02:00,32126,25990,6136,32132
2017-11-13 01:00,29452,24498,4954,28823
2017-11-13 00:00,27707,23841,3866,27406
2017-11-12 23:00,26976,23578,3398,26696
2017-11-12 22:00,26580,23150,3430,26179
2017-11-12 21:00,26311,22396,3915,25936
2017-11-12 20:00,26167,22437,3730,25730
2017-11-12 19:00,26065,22430,3635,25474
2017-11-12 18:00,25739,21915,3824,25204
2017-11-12 17:00,25304,21399,3905,25115
2017-11-12 16:00,24399,20162,4237,24630
2017-11-12 15:00,23922,19045,4877,23953
2017-11-12 14:00,23373,18774,4599,23412
2017-11-12 13:00,22896,18377,4519,22919
2017-11-12 12:00,22947,17012,5935,22869
2017-11-12 11:00,23217,17126,6091,23253
2017-11-12 10:00,23762,17553,6209,23867
2017-11-12 09:00,24665,18083,6582,24808
2017-11-12 08:00,25892,19227,6665,26086
2017-11-12 07:00,27613,21020,6593,27791
2017-11-12 06:00,29338,22140,7198,29422
2017-11-12 05:00,30589,23355,7234,30706
2017-11-12 04:00,31296,24655,6641,31561
2017-11-12 03:00,31977,25650,6327,32171
2017-11-12 02:00,31979,26282,5697,31665
2017-11-12 01:00,29527,24425,5102,28733
2017-11-12 00:00,28174,25241,2933,27633
2017-11-11 23:00,27233,26087,1146,27139
2017-11-11 22:00,26781,26088,693,26946
2017-11-11 21:00,26586,25812,774,26971
2017-11-11 20:00,26517,25642,875,27102
2017-11-11 19:00,26662,25439,1223,27226
2017-11-11 18:00,26660,24910,1750,27079
2017-11-11 17:00,26273,23471,2802,26713
2017-11-11 16:00,25574,22028,3546,25988
2017-11-11 15:00,24970,20078,4892,25412
2017-11-11 14:00,24091,18911,5180,24476
2017-11-11 13:00,23378,17606,5772,23687
2017-11-11 12:00,23240,17153,6087,23534
2017-11-11 11:00,23619,17395,6224,23829
2017-11-11 10:00,24292,17709,6583,24543
2017-11-11 09:00,25307,18600,6707,25534
2017-11-11 08:00,26839,19363,7476,26872
2017-11-11 07:00,28816,21146,7670,28688
2017-11-11 06:00,30663,22944,7719,30590
2017-11-11 05:00,32042,24744,7298,32176
2017-11-11 04:00,33126,25536,7590,33342
2017-11-11 03:00,34212,26140,8072,34167
2017-11-11 02:00,34607,26683,7924,34216
2017-11-11 01:00,32413,25180,7233,32157
2017-11-11 00:00,31576,26321,5255,31620
2017-11-10 23:00,31202,27354,3848,31501
2017-11-10 22:00,30810,26791,4019,31229
2017-11-10 21:00,30572,26219,4353,30891
2017-11-10 20:00,30565,25923,4642,31029
2017-11-10 19:00,30592,25116,5476,31000
2017-11-10 18:00,30587,24738,5849,30920
2017-11-10 17:00,30268,23841,6427,30575
2017-11-10 16:00,29243,22254,6989,30045
2017-11-10 15:00,27964,20570,7394,28477
2017-11-10 14:00,26036,18911,7125,26139
2017-11-10 13:00,24444,17898,6546,24430
2017-11-10 12:00,23896,17467,6429,23838
2017-11-10 11:00,24163,17585,6578,23960
2017-11-10 10:00,24743,18014,6729,24582
2017-11-10 09:00,25766,19224,6542,25529
2017-11-10 08:00,27256,20999,6257,26674
2017-11-10 07:00,29380,22688,6692,28712
2017-11-10 06:00,31653,23880,7773,30954
2017-11-10 05:00,33402,24947,8455,32888
2017-11-10 04:00,34425,26016,8409,34087
2017-11-10 03:00,35338,26774,8564,34762
2017-11-10 02:00,35611,27631,7980,34960
2017-11-10 01:00,33588,26138,7450,33241
2017-11-10 00:00,32910,26463,6447,32395
2017-11-09 23:00,32526,27000,5526,31933
2017-11-09 22:00,32142,27251,4891,31766
2017-11-09 21:00,31755,27487,4268,31477
2017-11-09 20:00,31552,27256,4296,31440
2017-11-09 19:00,31600,26526,5074,31418
2017-11-09 18:00,31539,26325,5214,31199
2017-11-09 17:00,31140,25397,5743,30905
2017-11-09 16:00,30635,24070,6565,30505
2017-11-09 15:00,29341,22211,7130,29123
2017-11-09 14:00,26685,21316,5369,26375
2017-11-09 13:00,25140,20099,5041,24532
2017-11-09 12:00,24588,19505,5083,23828
2017-11-09 11:00,24762,19437,5325,23907
2017-11-09 10:00,25167,20047,5120,24473
2017-11-09 09:00,26045,20747,5298,25378
2017-11-09 08:00,27426,21811,5615,26923
2017-11-09 07:00,29633,23681,5952,29134
2017-11-09 06:00,32085,25133,6952,31651
2017-11-09 05:00,33962,26062,7900,33725
2017-11-09 04:00,35187,27484,7703,35200
2017-11-09 03:00,36070,28422,7648,36138
2017-11-09 02:00,36326,28675,7651,36130
2017-11-09 01:00,34290,27112,7178,33653
2017-11-09 00:00,33571,27114,6457,32639
2017-11-08 23:00,33475,27244,6231,32292
2017-11-08 22:00,33591,26729,6862,32065
2017-11-08 21:00,33253,26074,7179,31746
2017-11-08 20:00,32885,25792,7093,31691
2017-11-08 19:00,31874,25592,6282,31549
2017-11-08 18:00,31263,25502,5761,31296
2017-11-08 17:00,30792,25380,5412,31081
2017-11-08 16:00,30464,24936,5528,30729
2017-11-08 15:00,29320,23628,5692,29332
2017-11-08 14:00,26652,22163,4489,26925
2017-11-08 13:00,24797,20578,4219,24894
2017-11-08 12:00,24138,19645,4493,24153
2017-11-08 11:00,24208,19780,4428,24229
2017-11-08 10:00,24701,20248,4453,24772
2017-11-08 09:00,25595,21066,4529,25724
2017-11-08 08:00,26932,22420,4512,27022
2017-11-08 07:00,29099,23982,5117,29058
2017-11-08 06:00,31547,25076,6471,31449
2017-11-08 05:00,33495,26491,7004,33367
2017-11-08 04:00,34622,27318,7304,34541
2017-11-08 03:00,35303,28307,6996,35231
2017-11-08 02:00,35503,28339,7164,34931
2017-11-08 01:00,33429,26918,6511,32435
2017-11-08 00:00,32481,26646,5835,31487
2017-11-07 23:00,31917,26716,5201,31010
2017-11-07 22:00,31743,26703,5040,30694
2017-11-07 21:00,31112,26471,4641,30387
2017-11-07 20:00,30905,26138,4767,30500
2017-11-07 19:00,30665,25537,5128,30640
2017-11-07 18:00,30659,25389,5270,30824
2017-11-07 17:00,30745,24899,5846,30966
2017-11-07 16:00,30849,24131,6718,30797
2017-11-07 15:00,29564,22714,6850,29241
2017-11-07 14:00,26841,21166,5675,26551
2017-11-07 13:00,24784,19783,5001,24684
2017-11-07 12:00,24088,18750,5338,23908
2017-11-07 11:00,24085,18715,5370,23995
2017-11-07 10:00,24625,19135,5490,24523
2017-11-07 09:00,25474,19894,5580,25370
2017-11-07 08:00,26789,17795,8994,26952
2017-11-07 07:00,28895,17648,11247,29021
2017-11-07 06:00,31420,21430,9990,31220
2017-11-07 05:00,33337,22981,10356,33171
2017-11-07 04:00,34612,23996,10616,34406
2017-11-07 03:00,35408,24668,10740,35117
2017-11-07 02:00,35361,24689,10672,34767
2017-11-07 01:00,33139,22735,10404,32063
2017-11-07 00:00,32167,22635,9532,30959
2017-11-06 23:00,31392,23402,7990,30618
2017-11-06 22:00,31048,23338,7710,30432
2017-11-06 21:00,30683,22648,8035,30090
2017-11-06 20:00,30614,22396,8218,30263
2017-11-06 19:00,30121,22580,7541,30456
2017-11-06 18:00,30059,22041,8018,30567
2017-11-06 17:00,30416,21675,8741,30523
2017-11-06 16:00,30258,20366,9892,30259
2017-11-06 15:00,28903,18737,10166,28710
2017-11-06 14:00,26070,18054,8016,26227
2017-11-06 13:00,24031,17211,6820,24213
2017-11-06 12:00,23080,16909,6171,23337
2017-11-06 11:00,23059,17429,5630,23285
2017-11-06 10:00,23328,17747,5581,23687
2017-11-06 09:00,24028,17925,6103,24368
2017-11-06 08:00,22484,19243,3241,22542
2017-11-06 07:00,24367,22774,1593,24361
2017-11-06 06:00,29068,21995,7073,26136
2017-11-06 05:00,30842,22394,8448,27605
2017-11-06 04:00,31748,23152,8596,28501
2017-11-06 03:00,32397,24414,7983,28804
2017-11-06 02:00,31970,25311,6659,28071
2017-11-06 01:00,29072,24001,5071,25234
2017-11-06 00:00,27405,24057,3348,24221
2017-11-05 23:00,26446,24662,1784,23793
2017-11-05 22:00,26041,25080,961,23624
2017-11-05 21:00,25765,25451,314,23417
2017-11-05 20:00,25960,25500,460,23400
2017-11-05 19:00,25966,25608,358,23591
2017-11-05 18:00,26125,25099,1026,23579
2017-11-05 17:00,25937,24242,1695,23338
2017-11-05 16:00,25279,23237,2042,22730
2017-11-05 15:00,24407,22097,2310,22035
2017-11-05 14:00,23719,20654,3065,21183
2017-11-05 13:00,23033,19202,3831,20683
2017-11-05 12:00,22819,18201,4618,20505
2017-11-05 11:00,22929,18140,4789,20668
2017-11-05 10:00,23277,18303,4974,21216
2017-11-05 09:00,23801,18724,5077,21243
2017-11-05 08:00,25147,19686,5461,24283
2017-11-05 07:00,29791,20426,9365,6984
2017-11-05 06:00,26448,21793,4655,26254
2017-11-05 05:00,29355,22400,6955,29206
2017-11-05 04:00,30575,23486,7089,30453
2017-11-05 03:00,31377,24754,6623,31284
2017-11-05 02:00,31326,25609,5717,31293
2017-11-05 01:00,29976,24420,5556,30106
2017-11-05 00:00,28488,24537,3951,28591
2017-11-04 23:00,27765,25170,2595,27960
2017-11-04 22:00,27539,25602,1937,27775
2017-11-04 21:00,27513,26030,1483,27759
2017-11-04 20:00,27605,26067,1538,27853
2017-11-04 19:00,27686,26173,1513,27966
2017-11-04 18:00,27745,25778,1967,28037
2017-11-04 17:00,27378,24859,2519,27706
2017-11-04 16:00,26822,23827,2995,27215
2017-11-04 15:00,26241,22862,3379,26687
2017-11-04 14:00,25203,21407,3796,25675
2017-11-04 13:00,23865,19770,4095,24157
2017-11-04 12:00,23239,18494,4745,23336
2017-11-04 11:00,23107,18246,4861,23122
2017-11-04 10:00,23516,18392,5124,23438
2017-11-04 09:00,24156,18710,5446,24066
2017-11-04 08:00,24839,19385,5454,24941
2017-11-04 07:00,27398,20803,6595,26984
2017-11-04 06:00,29250,22722,6528,28989
2017-11-04 05:00,31004,23968,7036,30883
2017-11-04 04:00,32335,25312,7023,32261
2017-11-04 03:00,33305,26463,6842,33366
2017-11-04 02:00,33723,26795,6928,33293
2017-11-04 01:00,32283,25289,6994,31734
2017-11-04 00:00,31663,25439,6224,31182
2017-11-03 23:00,31372,25721,5651,30921
2017-11-03 22:00,31278,26289,4989,30917
2017-11-03 21:00,31241,26679,4562,30942
2017-11-03 20:00,30904,26382,4522,31033
2017-11-03 19:00,30973,26333,4640,31398
2017-11-03 18:00,30918,26010,4908,31609
2017-11-03 17:00,31013,25404,5609,31675
2017-11-03 16:00,31100,24436,6664,31433
2017-11-03 15:00,30963,23389,7574,30972
2017-11-03 14:00,28887,21589,7298,29058
2017-11-03 13:00,25928,19761,6167,26152
2017-11-03 12:00,24351,18514,5837,24530
2017-11-03 11:00,23812,18255,5557,23919
2017-11-03 10:00,23995,18347,5648,24066
2017-11-03 09:00,24631,18827,5804,24556
2017-11-03 08:00,25631,19707,5924,25372
2017-11-03 07:00,27123,20779,6344,26941
2017-11-03 06:00,29345,22306,7039,29142
2017-11-03 05:00,31714,24310,7404,31511
2017-11-03 04:00,33430,25700,7730,33169
2017-11-03 03:00,34405,26646,7759,34225
2017-11-03 02:00,34543,27216,7327,33960
2017-11-03 01:00,32699,25728,6971,32662
2017-11-03 00:00,31896,25973,5923,31998
2017-11-02 23:00,31729,26228,5501,31775
2017-11-02 22:00,31771,26221,5550,31751
2017-11-02 21:00,31871,26109,5762,31839
2017-11-02 20:00,31804,25767,6037,31911
2017-11-02 19:00,31995,25778,6217,31932
2017-11-02 18:00,32276,25997,6279,31783
2017-11-02 17:00,32246,25522,6724,31678
2017-11-02 16:00,31930,24499,7431,31551
2017-11-02 15:00,31678,23349,8329,31397
2017-11-02 14:00,29526,21739,7787,29361
2017-11-02 13:00,26456,19658,6798,26210
2017-11-02 12:00,24826,18079,6747,24402
2017-11-02 11:00,24176,17672,6504,23748
2017-11-02 10:00,24398,17851,6547,23901
2017-11-02 09:00,24882,18234,6648,24528
2017-11-02 08:00,25788,19151,6637,25492
2017-11-02 07:00,27383,20415,6968,26828
2017-11-02 06:00,29537,22383,7154,28992
2017-11-02 05:00,32012,23506,8506,31445
2017-11-02 04:00,33738,24287,9451,33253
2017-11-02 03:00,34753,24576,10177,34466
2017-11-02 02:00,34900,25160,9740,34270
2017-11-02 01:00,33168,24453,8715,32517
2017-11-02 00:00,32276,24777,7499,31691
2017-11-01 23:00,31712,25080,6632,30839
2017-11-01 22:00,31418,25046,6372,30466
2017-11-01 21:00,31078,25528,5550,30223
2017-11-01 20:00,30970,25438,5532,30017
2017-11-01 19:00,31244,25414,5830,30210
2017-11-01 18:00,31376,25442,5934,30526
2017-11-01 17:00,31484,25293,6191,30728
2017-11-01 16:00,31503,24802,6701,30948
2017-11-01 15:00,31338,24241,7097,30998
2017-11-01 14:00,29341,22473,6868,29360
2017-11-01 13:00,26327,20549,5778,26300
2017-11-01 12:00,24640,19279,5361,24452
2017-11-01 11:00,24006,19244,4762,23918
2017-11-01 10:00,24188,19258,4930,24040
2017-11-01 09:00,24771,19753,5018,24604
2017-11-01 08:00,25678,20623,5055,25504
2017-11-01 07:00,27264,21687,5577,27141
2017-11-01 06:00,29357,23004,6353,29269
2017-11-01 05:00,31473,24500,6973,31562
2017-11-01 04:00,32430,26076,6354,33359
2017-11-01 03:00,33089,27206,5883,34325
2017-11-01 02:00,33617,27536,6081,34051
2017-11-01 01:00,32624,26038,6586,32242
2017-11-01 00:00,31973,26577,5396,31586
2017-10-31 23:00,31450,27295,4155,31117
2017-10-31 22:00,31346,26982,4364,30712
2017-10-31 21:00,31492,27159,4333,30427
2017-10-31 20:00,31520,27117,4403,30259
2017-10-31 19:00,31743,27156,4587,30452
2017-10-31 18:00,31951,26900,5051,30738
2017-10-31 17:00,32070,26375,5695,30896
2017-10-31 16:00,31934,24924,7010,31027
2017-10-31 15:00,31731,23466,8265,31192
2017-10-31 14:00,29648,22095,7553,29636
2017-10-31 13:00,26502,20037,6465,26520
2017-10-31 12:00,24690,18611,6079,24630
2017-10-31 11:00,24240,18092,6148,24006
2017-10-31 10:00,24397,18426,5971,24149
2017-10-31 09:00,24994,18404,6590,24659
2017-10-31 08:00,25958,19429,6529,25604
2017-10-31 07:00,27468,20776,6692,27795
2017-10-31 06:00,29632,22344,7288,30065
2017-10-31 05:00,32273,23624,8649,32437
2017-10-31 04:00,33958,24458,9500,34338
2017-10-31 03:00,35030,25781,9249,35604
2017-10-31 02:00,35147,26310,8837,35441
2017-10-31 01:00,33329,24469,8860,33688
2017-10-31 00:00,32362,24551,7811,33441
2017-10-30 23:00,31906,24209,7697,33131
2017-10-30 22:00,31811,23773,8038,32734
2017-10-30 21:00,31824,23201,8623,32371
2017-10-30 20:00,31807,22945,8862,31964
2017-10-30 19:00,32237,23007,9230,31924
2017-10-30 18:00,32442,22990,9452,31919
2017-10-30 17:00,32373,22255,10118,31796
2017-10-30 16:00,31810,20194,11616,31467
2017-10-30 15:00,31268,18660,12608,30804
2017-10-30 14:00,29243,18023,11220,29027
2017-10-30 13:00,26209,17739,8470,26275
2017-10-30 12:00,24369,17588,6781,24578
2017-10-30 11:00,23647,17704,5943,23934
2017-10-30 10:00,23825,18259,5566,24022
2017-10-30 09:00,24247,18869,5378,24595
2017-10-30 08:00,25235,19774,5461,25558
2017-10-30 07:00,26714,20893,5821,26761
2017-10-30 06:00,28903,22410,6493,28889
2017-10-30 05:00,30829,23771,7058,31071
2017-10-30 04:00,32395,25129,7266,32864
2017-10-30 03:00,33417,26075,7342,34195
2017-10-30 02:00,33308,27387,5921,34153
2017-10-30 01:00,31451,27106,4345,32097
2017-10-30 00:00,30393,27795,2598,30851
2017-10-29 23:00,29364,27521,1843,29718
2017-10-29 22:00,28298,26656,1642,28807
2017-10-29 21:00,27422,25367,2055,27902
2017-10-29 20:00,26694,24767,1927,27250
2017-10-29 19:00,26382,24193,2189,26796
2017-10-29 18:00,26300,23795,2505,26428
2017-10-29 17:00,26092,22917,3175,26072
2017-10-29 16:00,25505,21073,4432,25532
2017-10-29 15:00,24944,19971,4973,25090
2017-10-29 14:00,24391,19299,5092,24668
2017-10-29 13:00,23841,18764,5077,24042
2017-10-29 12:00,23689,18300,5389,23697
2017-10-29 11:00,23790,18532,5258,23820
2017-10-29 10:00,24321,18796,5525,24351
2017-10-29 09:00,25097,19786,5311,25166
2017-10-29 08:00,26298,21036,5262,26428
2017-10-29 07:00,27840,22316,5524,28256
2017-10-29 06:00,29897,24349,5548,30379
2017-10-29 05:00,31956,26278,5678,32508
2017-10-29 04:00,33611,28243,5368,34223
2017-10-29 03:00,35012,29653,5359,35809
2017-10-29 02:00,35716,30787,4929,36257
2017-10-29 01:00,35055,31478,3577,35033
2017-10-29 00:00,34627,32390,2237,34444
2017-10-28 23:00,33561,32153,1408,33629
2017-10-28 22:00,32132,31681,451,32496
2017-10-28 21:00,30802,30655,147,31327
2017-10-28 20:00,29754,29589,165,30277
2017-10-28 19:00,28977,28521,456,29539
2017-10-28 18:00,28565,28026,539,28876
2017-10-28 17:00,28248,26926,1322,28236
2017-10-28 16:00,27775,25428,2347,27365
2017-10-28 15:00,27137,23600,3537,26607
2017-10-28 14:00,26479,22285,4194,26167
2017-10-28 13:00,25430,20166,5264,25243
2017-10-28 12:00,24914,19220,5694,24810
2017-10-28 11:00,24925,18840,6085,24864
2017-10-28 10:00,25475,19301,6174,25368
2017-10-28 09:00,26382,19898,6484,26331
2017-10-28 08:00,27852,21191,6661,27823
2017-10-28 07:00,29777,22789,6988,29893
2017-10-28 06:00,32289,25010,7279,32505
2017-10-28 05:00,34807,27804,7003,35187
2017-10-28 04:00,36754,30001,6753,37324
2017-10-28 03:00,38537,32071,6466,39261
2017-10-28 02:00,39676,33084,6592,40101
2017-10-28 01:00,40081,33669,6412,39776
2017-10-28 00:00,40575,35157,5418,39864
2017-10-27 23:00,39723,35179,4544,39308
2017-10-27 22:00,38346,33857,4489,38454
2017-10-27 21:00,36837,32451,4386,37335
2017-10-27 20:00,35485,30691,4794,35942
2017-10-27 19:00,34450,29926,4524,34969
2017-10-27 18:00,33635,29212,4423,34104
2017-10-27 17:00,32851,27919,4932,33333
2017-10-27 16:00,32123,26344,5779,32470
2017-10-27 15:00,31744,24057,7687,31789
2017-10-27 14:00,30320,22736,7584,30294
2017-10-27 13:00,27545,20780,6765,27389
2017-10-27 12:00,26023,19769,6254,25929
2017-10-27 11:00,25678,19002,6676,25505
2017-10-27 10:00,26069,19325,6744,25902
2017-10-27 09:00,26995,19891,7104,26793
2017-10-27 08:00,28460,21643,6817,28199
2017-10-27 07:00,30401,23091,7310,30758
2017-10-27 06:00,33206,26035,7171,33650
2017-10-27 05:00,36494,29207,7287,36931
2017-10-27 04:00,39014,32164,6850,39583
2017-10-27 03:00,41037,34633,6404,41710
2017-10-27 02:00,42040,35972,6068,42348
2017-10-27 01:00,42555,37124,5431,41392
2017-10-27 00:00,43194,38663,4531,41518
2017-10-26 23:00,42446,37966,4480,41183
2017-10-26 22:00,40929,36335,4594,40365
2017-10-26 21:00,39236,34690,4546,39171
2017-10-26 20:00,37279,32734,4545,37639
2017-10-26 19:00,36057,31038,5019,36528
2017-10-26 18:00,34912,29956,4956,35556
2017-10-26 17:00,33883,28418,5465,34561
2017-10-26 16:00,32971,26566,6405,33470
2017-10-26 15:00,32300,24862,7438,32562
2017-10-26 14:00,30861,23343,7518,31090
2017-10-26 13:00,27969,21520,6449,28409
2017-10-26 12:00,26547,20478,6069,26859
2017-10-26 11:00,26254,20219,6035,26488
2017-10-26 10:00,26765,20742,6023,26978
2017-10-26 09:00,27824,21481,6343,28004
2017-10-26 08:00,29359,22948,6411,29607
2017-10-26 07:00,31848,25629,6219,32057
2017-10-26 06:00,35010,28921,6089,35281
2017-10-26 05:00,38672,32558,6114,38806
2017-10-26 04:00,41606,35980,5626,41666
2017-10-26 03:00,44189,37276,6913,43932
2017-10-26 02:00,45639,38086,7553,44727
2017-10-26 01:00,46545,38843,7702,44306
2017-10-26 00:00,47374,40184,7190,44589
2017-10-25 23:00,46648,40136,6512,44025
2017-10-25 22:00,45062,38780,6282,42619
2017-10-25 21:00,43193,36753,6440,41110
2017-10-25 20:00,40893,34977,5916,39411
2017-10-25 19:00,39036,33347,5689,38061
2017-10-25 18:00,37278,31678,5600,36760
2017-10-25 17:00,35709,29651,6058,35402
2017-10-25 16:00,34429,27578,6851,34015
2017-10-25 15:00,33679,26399,7280,33085
2017-10-25 14:00,32206,24707,7499,31571
2017-10-25 13:00,29356,22238,7118,28898
2017-10-25 12:00,28058,20594,7464,27446
2017-10-25 11:00,27834,20102,7732,27066
2017-10-25 10:00,28471,20108,8363,27524
2017-10-25 09:00,29465,20802,8663,28550
2017-10-25 08:00,31166,21974,9192,30213
2017-10-25 07:00,33717,24387,9330,32346
2017-10-25 06:00,36959,27053,9906,35776
2017-10-25 05:00,40901,29718,11183,39579
2017-10-25 04:00,43916,32075,11841,42769
2017-10-25 03:00,46427,34313,12114,44879
2017-10-25 02:00,47705,35473,12232,45803
2017-10-25 01:00,48346,35901,12445,45658
2017-10-25 00:00,48702,36871,11831,45769
2017-10-24 23:00,47836,36170,11666,45060
2017-10-24 22:00,46458,34488,11970,43658
2017-10-24 21:00,44479,32434,12045,41976
2017-10-24 20:00,42334,30696,11638,40001
2017-10-24 19:00,40550,29680,10870,38341
2017-10-24 18:00,38826,29191,9635,36862
2017-10-24 17:00,37090,26794,10296,35416
2017-10-24 16:00,35601,24969,10632,33993
2017-10-24 15:00,34465,22939,11526,33033
2017-10-24 14:00,32798,21440,11358,31188
2017-10-24 13:00,29575,19296,10279,28464
2017-10-24 12:00,28022,17683,10339,26862
2017-10-24 11:00,27545,17227,10318,26396
2017-10-24 10:00,27732,17336,10396,26750
2017-10-24 09:00,28480,17550,10930,27657
2017-10-24 08:00,29939,18235,11704,29019
2017-10-24 07:00,32092,19629,12463,31795
2017-10-24 06:00,35165,21755,13410,35026
2017-10-24 05:00,38703,23878,14825,38580
2017-10-24 04:00,41479,25673,15806,41408
2017-10-24 03:00,43696,26999,16697,43446
2017-10-24 02:00,44541,26864,17677,43956
2017-10-24 01:00,44768,25855,18913,43447
2017-10-24 00:00,44818,25876,18942,43402
2017-10-23 23:00,43812,25119,18693,42720
2017-10-23 22:00,41911,24129,17782,41590
2017-10-23 21:00,39940,23252,16688,40135
2017-10-23 20:00,37869,22785,15084,38526
2017-10-23 19:00,36242,22631,13611,37058
2017-10-23 18:00,34852,22173,12679,35630
2017-10-23 17:00,33621,21141,12480,34161
2017-10-23 16:00,32570,19196,13374,32969
2017-10-23 15:00,31755,17384,14371,31996
2017-10-23 14:00,29989,16894,13095,30318
2017-10-23 13:00,26808,16088,10720,27525
2017-10-23 12:00,25035,15762,9273,25537
2017-10-23 11:00,24584,15961,8623,24940
2017-10-23 10:00,24734,16401,8333,25094
2017-10-23 09:00,25296,17307,7989,25826
2017-10-23 08:00,26157,18171,7986,26765
2017-10-23 07:00,27661,19683,7978,27723
2017-10-23 06:00,29898,21081,8817,30017
2017-10-23 05:00,32417,22210,10207,32475
2017-10-23 04:00,34229,23135,11094,34436
2017-10-23 03:00,35516,24029,11487,35909
2017-10-23 02:00,35429,23951,11478,35667
2017-10-23 01:00,34154,22958,11196,34422
2017-10-23 00:00,32936,23582,9354,33366
2017-10-22 23:00,31282,24132,7150,31934
2017-10-22 22:00,29601,23873,5728,30406
2017-10-22 21:00,28110,23577,4533,28994
2017-10-22 20:00,27074,23868,3206,27758
2017-10-22 19:00,26636,23690,2946,27092
2017-10-22 18:00,26252,23546,2706,26516
2017-10-22 17:00,25894,23020,2874,25865
2017-10-22 16:00,25386,21730,3656,25193
2017-10-22 15:00,24811,20444,4367,24773
2017-10-22 14:00,24498,19520,4978,24558
2017-10-22 13:00,23827,18124,5703,23851
2017-10-22 12:00,23433,17670,5763,23502
2017-10-22 11:00,23456,17765,5691,23527
2017-10-22 10:00,23857,18103,5754,23933
2017-10-22 09:00,24545,18435,6110,24673
2017-10-22 08:00,25617,19129,6488,25735
2017-10-22 07:00,27168,20800,6368,26861
2017-10-22 06:00,29097,22667,6430,28738
2017-10-22 05:00,30838,23812,7026,30523
2017-10-22 04:00,32067,25202,6865,31819
2017-10-22 03:00,32864,26032,6832,32815
2017-10-22 02:00,32432,25692,6740,32342
2017-10-22 01:00,30814,25265,5549,30836
2017-10-22 00:00,29680,26422,3258,29935
2017-10-21 23:00,28615,27063,1552,29010
2017-10-21 22:00,27795,27458,337,27931
2017-10-21 21:00,27236,27937,-701,27207
2017-10-21 20:00,27263,27678,-415,26737
2017-10-21 19:00,27349,28113,-764,26661
2017-10-21 18:00,27595,27000,595,26789
2017-10-21 17:00,27399,25936,1463,26714
2017-10-21 16:00,27179,24887,2292,26633
2017-10-21 15:00,26552,23536,3016,26330
2017-10-21 14:00,26055,22249,3806,25908
2017-10-21 13:00,24880,20687,4193,24829
2017-10-21 12:00,24217,19553,4664,24245
2017-10-21 11:00,24153,19361,4792,24121
2017-10-21 10:00,24579,19707,4872,24494
2017-10-21 09:00,25253,20110,5143,25185
2017-10-21 08:00,26322,20892,5430,26202
2017-10-21 07:00,27927,22190,5737,27666
2017-10-21 06:00,30151,24394,5757,29620
2017-10-21 05:00,32291,26120,6171,31617
2017-10-21 04:00,33583,27725,5858,33137
2017-10-21 03:00,34512,29042,5470,34256
2017-10-21 02:00,34226,29536,4690,33687
2017-10-21 01:00,32884,28802,4082,32598
2017-10-21 00:00,32451,30417,2034,32611
2017-10-20 23:00,32105,30963,1142,32313
2017-10-20 22:00,32153,31177,976,32155
2017-10-20 21:00,32393,30642,1751,31990
2017-10-20 20:00,32420,30596,1824,31762
2017-10-20 19:00,32796,30082,2714,31929
2017-10-20 18:00,32926,29492,3434,32023
2017-10-20 17:00,32734,28404,4330,31949
2017-10-20 16:00,32348,26932,5416,31719
2017-10-20 15:00,31829,24908,6921,31324
2017-10-20 14:00,30249,23564,6685,29890
2017-10-20 13:00,27318,21565,5753,27036
2017-10-20 12:00,25654,20221,5433,25459
2017-10-20 11:00,25182,19940,5242,24889
2017-10-20 10:00,25477,20181,5296,25120
2017-10-20 09:00,26198,20544,5654,25739
2017-10-20 08:00,27465,21147,6318,26832
2017-10-20 07:00,29204,22546,6658,28387
2017-10-20 06:00,31563,24889,6674,30761
2017-10-20 05:00,34191,27419,6772,33410
2017-10-20 04:00,35896,29687,6209,35458
2017-10-20 03:00,36973,31197,5776,36889
2017-10-20 02:00,36772,31731,5041,36453
2017-10-20 01:00,35556,31744,3812,35449
2017-10-20 00:00,35296,31982,3314,35433
2017-10-19 23:00,35242,32305,2937,35075
2017-10-19 22:00,34980,31794,3186,34463
2017-10-19 21:00,34544,30397,4147,33833
2017-10-19 20:00,34148,29348,4800,33278
2017-10-19 19:00,33804,28161,5643,32989
2017-10-19 18:00,33486,27607,5879,32859
2017-10-19 17:00,33034,27152,5882,32437
2017-10-19 16:00,32519,26083,6436,32047
2017-10-19 15:00,32110,24633,7477,31615
2017-10-19 14:00,30603,23205,7398,30261
2017-10-19 13:00,27607,20932,6675,27462
2017-10-19 12:00,26217,19608,6609,25908
2017-10-19 11:00,25744,19328,6416,25375
2017-10-19 10:00,26020,19463,6557,25661
2017-10-19 09:00,26592,19942,6650,26414
2017-10-19 08:00,27861,20556,7305,27642
2017-10-19 07:00,29852,22096,7756,29536
2017-10-19 06:00,32398,24384,8014,32218
2017-10-19 05:00,35336,27076,8260,35201
2017-10-19 04:00,37576,29649,7927,37685
2017-10-19 03:00,39035,31467,7568,39035
2017-10-19 02:00,39073,32120,6953,38967
2017-10-19 01:00,38862,32199,6663,38468
2017-10-19 00:00,39232,33450,5782,38581
2017-10-18 23:00,38770,33249,5521,38112
2017-10-18 22:00,38047,32629,5418,37232
2017-10-18 21:00,37020,31580,5440,36197
2017-10-18 20:00,35700,30152,5548,35037
2017-10-18 19:00,34942,29026,5916,34222
2017-10-18 18:00,34331,28298,6033,33510
2017-10-18 17:00,33723,27125,6598,32747
2017-10-18 16:00,33179,25629,7550,32162
2017-10-18 15:00,32463,23840,8623,31557
2017-10-18 14:00,30789,22071,8718,30219
2017-10-18 13:00,27878,20217,7661,27487
2017-10-18 12:00,26386,18704,7682,25949
2017-10-18 11:00,25989,18382,7607,25443
2017-10-18 10:00,26296,18477,7819,25726
2017-10-18 09:00,26791,19033,7758,26495
2017-10-18 08:00,28004,20446,7558,27772
2017-10-18 07:00,29967,22488,7479,30228
2017-10-18 06:00,32601,24970,7631,33096
2017-10-18 05:00,35736,27278,8458,36387
2017-10-18 04:00,38064,29673,8391,38906
2017-10-18 03:00,39690,31768,7922,40826
2017-10-18 02:00,40087,33046,7041,40858
2017-10-18 01:00,40166,32981,7185,40208
2017-10-18 00:00,40514,34124,6390,40311
2017-10-17 23:00,40073,33613,6460,39702
2017-10-17 22:00,39063,32658,6405,38678
2017-10-17 21:00,37991,31515,6476,37407
2017-10-17 20:00,36445,30125,6320,35990
2017-10-17 19:00,35301,28817,6484,34974
2017-10-17 18:00,34318,27751,6567,34094
2017-10-17 17:00,33314,26521,6793,33162
2017-10-17 16:00,32497,24625,7872,32286
2017-10-17 15:00,31990,23054,8936,31581
2017-10-17 14:00,30475,21568,8907,30192
2017-10-17 13:00,27534,19983,7551,27441
2017-10-17 12:00,26106,18505,7601,25854
2017-10-17 11:00,25677,17938,7739,25351
2017-10-17 10:00,26027,17896,8131,25707
2017-10-17 09:00,26731,18338,8393,26536
2017-10-17 08:00,27938,19404,8534,27827
2017-10-17 07:00,29865,20994,8871,29977
2017-10-17 06:00,32608,22958,9650,33001
2017-10-17 05:00,35845,24915,10930,36214
2017-10-17 04:00,38414,26703,11711,38919
2017-10-17 03:00,40460,28183,12277,40951
2017-10-17 02:00,40970,28230,12740,41056
2017-10-17 01:00,41250,28114,13136,40334
2017-10-17 00:00,41246,28920,12326,40253
2017-10-16 23:00,40393,27807,12586,39601
2017-10-16 22:00,39135,26784,12351,38456
2017-10-16 21:00,37649,25777,11872,37103
2017-10-16 20:00,36043,25172,10871,35646
2017-10-16 19:00,34852,24789,10063,34506
2017-10-16 18:00,33884,24460,9424,33492
2017-10-16 17:00,32660,23301,9359,32473
2017-10-16 16:00,31507,21022,10485,31664
2017-10-16 15:00,30915,18577,12338,30950
2017-10-16 14:00,29425,18371,11054,29445
2017-10-16 13:00,26655,17845,8810,26659
2017-10-16 12:00,24967,17640,7327,24918
2017-10-16 11:00,24290,17607,6683,24303
2017-10-16 10:00,24406,17980,6426,24507
2017-10-16 09:00,24921,18784,6137,25185
2017-10-16 08:00,26005,19725,6280,26310
2017-10-16 07:00,27635,21154,6481,27785
2017-10-16 06:00,30007,22871,7136,30225
2017-10-16 05:00,32557,23835,8722,32794
2017-10-16 04:00,34576,25018,9558,34827
2017-10-16 03:00,36070,26389,9681,36318
2017-10-16 02:00,35963,26303,9660,35652
2017-10-16 01:00,35385,26178,9207,34154
2017-10-16 00:00,34603,26291,8312,33282
2017-10-15 23:00,33015,25994,7021,32250
2017-10-15 22:00,31246,25128,6118,30923
2017-10-15 21:00,29483,24677,4806,29581
2017-10-15 20:00,28162,24506,3656,28390
2017-10-15 19:00,27373,24506,2867,27495
2017-10-15 18:00,26709,23993,2716,26778
2017-10-15 17:00,25901,22993,2908,26003
2017-10-15 16:00,25212,21215,3997,25280
2017-10-15 15:00,24612,19824,4788,24642
2017-10-15 14:00,24443,19082,5361,24434
2017-10-15 13:00,23743,18538,5205,23913
2017-10-15 12:00,23418,18322,5096,23621
2017-10-15 11:00,23549,18289,5260,23761
2017-10-15 10:00,24138,17792,6346,24259
2017-10-15 09:00,24966,18197,6769,25068
2017-10-15 08:00,26220,19001,7219,26252
2017-10-15 07:00,27770,20459,7311,27503
2017-10-15 06:00,29789,22151,7638,29550
2017-10-15 05:00,31733,23616,8117,31589
2017-10-15 04:00,33298,24811,8487,33146
2017-10-15 03:00,34429,25779,8650,34398
2017-10-15 02:00,34085,25534,8551,33921
2017-10-15 01:00,33188,25572,7616,32818
2017-10-15 00:00,32419,26018,6401,32239
2017-10-14 23:00,31208,26551,4657,31295
2017-10-14 22:00,29994,26756,3238,30206
2017-10-14 21:00,28973,26251,2722,29216
2017-10-14 20:00,28301,25763,2538,28415
2017-10-14 19:00,28156,25597,2559,27941
2017-10-14 18:00,28056,25410,2646,27579
2017-10-14 17:00,27803,24724,3079,27090
2017-10-14 16:00,27270,23511,3759,26586
2017-10-14 15:00,26563,21691,4872,26066
2017-10-14 14:00,26067,20215,5852,25668
2017-10-14 13:00,24952,18597,6355,24680
2017-10-14 12:00,24401,17159,7242,24075
2017-10-14 11:00,24429,16731,7698,24026
2017-10-14 10:00,24908,16856,8052,24426
2017-10-14 09:00,25707,17585,8122,25216
2017-10-14 08:00,26949,18570,8379,26392
2017-10-14 07:00,28617,19333,9284,27832
2017-10-14 06:00,30838,21692,9146,30052
2017-10-14 05:00,32973,23751,9222,32243
2017-10-14 04:00,34465,25192,9273,33935
2017-10-14 03:00,35595,26644,8951,35322
2017-10-14 02:00,35229,26184,9045,34886
2017-10-14 01:00,34702,25604,9098,34203
2017-10-14 00:00,34386,26422,7964,34012
2017-10-13 23:00,33819,26694,7125,33352
2017-10-13 22:00,33129,26663,6466,32661
2017-10-13 21:00,32483,26248,6235,31959
2017-10-13 20:00,31862,25982,5880,31212
2017-10-13 19:00,31869,25828,6041,30998
2017-10-13 18:00,31831,25780,6051,30923
2017-10-13 17:00,31756,25389,6367,30771
2017-10-13 16:00,31480,24470,7010,30809
2017-10-13 15:00,31080,22499,8581,30870
2017-10-13 14:00,29643,20982,8661,29705
2017-10-13 13:00,26915,18982,7933,26757
2017-10-13 12:00,25412,17698,7714,25074
2017-10-13 11:00,24902,17624,7278,24521
2017-10-13 10:00,25119,17883,7236,24700
2017-10-13 09:00,25810,18081,7729,25292
2017-10-13 08:00,26922,19342,7580,26227
2017-10-13 07:00,28594,19954,8640,27477
2017-10-13 06:00,30917,21749,9168,29780
2017-10-13 05:00,33544,23858,9686,32335
2017-10-13 04:00,35232,25705,9527,34257
2017-10-13 03:00,36278,27288,8990,35429
2017-10-13 02:00,35736,27437,8299,34682
2017-10-13 01:00,34857,27352,7505,33541
2017-10-13 00:00,34397,27600,6797,33314
2017-10-12 23:00,33723,27882,5841,32727
2017-10-12 22:00,33055,27586,5469,32097
2017-10-12 21:00,32466,26873,5593,31478
2017-10-12 20:00,31937,26415,5522,30891
2017-10-12 19:00,31802,26035,5767,30741
2017-10-12 18:00,31728,25268,6460,30641
2017-10-12 17:00,31730,24426,7304,30523
2017-10-12 16:00,31652,22601,9051,30501
2017-10-12 15:00,31370,21277,10093,30543
2017-10-12 14:00,29962,19643,10319,29072
2017-10-12 13:00,27109,18137,8972,26430
2017-10-12 12:00,25406,16919,8487,24821
2017-10-12 11:00,24873,16612,8261,24279
2017-10-12 10:00,25107,16694,8413,24459
2017-10-12 09:00,25876,17192,8684,25199
2017-10-12 08:00,26911,18043,8868,26244
2017-10-12 07:00,28638,19591,9047,27692
2017-10-12 06:00,30985,21757,9228,30136
2017-10-12 05:00,33683,24168,9515,32729
2017-10-12 04:00,35482,26560,8922,34722
2017-10-12 03:00,36638,28417,8221,36036
2017-10-12 02:00,36183,27945,8238,35374
2017-10-12 01:00,35657,28109,7548,34308
2017-10-12 00:00,35319,28965,6354,34140
2017-10-11 23:00,34576,28775,5801,33610
2017-10-11 22:00,33668,28111,5557,32865
2017-10-11 21:00,32895,27521,5374,32169
2017-10-11 20:00,32181,26907,5274,31448
2017-10-11 19:00,31989,26868,5121,31189
2017-10-11 18:00,31505,26379,5126,30985
2017-10-11 17:00,31043,25489,5554,30741
2017-10-11 16:00,30755,24063,6692,30592
2017-10-11 15:00,30425,22033,8392,30550
2017-10-11 14:00,29352,20627,8725,29268
2017-10-11 13:00,26823,19054,7769,26745
2017-10-11 12:00,25296,17685,7611,25079
2017-10-11 11:00,24890,17394,7496,24589
2017-10-11 10:00,25082,17351,7731,24793
2017-10-11 09:00,25938,17863,8075,25435
2017-10-11 08:00,27152,19207,7945,26567
2017-10-11 07:00,28995,20390,8605,28451
2017-10-11 06:00,31487,22739,8748,31078
2017-10-11 05:00,34344,25003,9341,34019
2017-10-11 04:00,36414,27420,8994,36411
2017-10-11 03:00,37877,29197,8680,37893
2017-10-11 02:00,37583,28652,8931,37257
2017-10-11 01:00,37205,28541,8664,36550
2017-10-11 00:00,37048,29546,7502,36358
2017-10-10 23:00,36310,29195,7115,35712
2017-10-10 22:00,35202,28243,6959,34731
2017-10-10 21:00,34081,27563,6518,33694
2017-10-10 20:00,33024,27277,5747,32573
2017-10-10 19:00,32532,26949,5583,31945
2017-10-10 18:00,32041,26753,5288,31471
2017-10-10 17:00,31597,26072,5525,31097
2017-10-10 16:00,31162,23795,7367,30836
2017-10-10 15:00,30894,21172,9722,30786
2017-10-10 14:00,29596,19696,9900,29647
2017-10-10 13:00,26801,18187,8614,26898
2017-10-10 12:00,25235,17325,7910,25216
2017-10-10 11:00,24797,17030,7767,24641
2017-10-10 10:00,25110,16880,8230,24866
2017-10-10 09:00,25835,16981,8854,25510
2017-10-10 08:00,27040,17718,9322,26667
2017-10-10 07:00,28725,19656,9069,28952
2017-10-10 06:00,31244,21901,9343,31667
2017-10-10 05:00,34030,23445,10585,34537
2017-10-10 04:00,36164,24744,11420,36857
2017-10-10 03:00,37636,25457,12179,38554
2017-10-10 02:00,37324,25192,12132,37799
2017-10-10 01:00,36915,25385,11530,37329
2017-10-10 00:00,36637,27263,9374,37236
2017-10-09 23:00,35843,27893,7950,36650
2017-10-09 22:00,34791,26930,7861,35492
2017-10-09 21:00,33793,25924,7869,34332
2017-10-09 20:00,32927,25348,7579,33172
2017-10-09 19:00,32487,24783,7704,32539
2017-10-09 18:00,32104,24378,7726,32070
2017-10-09 17:00,31688,23238,8450,31568
2017-10-09 16:00,31292,20777,10515,31099
2017-10-09 15:00,30615,17687,12928,30573
2017-10-09 14:00,29331,16626,12705,29319
2017-10-09 13:00,26773,15988,10785,26619
2017-10-09 12:00,25238,15904,9334,24892
2017-10-09 11:00,24591,16006,8585,24227
2017-10-09 10:00,24742,16560,8182,24378
2017-10-09 09:00,25141,17648,7493,24984
2017-10-09 08:00,26183,18890,7293,25946
2017-10-09 07:00,27601,20489,7112,27262
2017-10-09 06:00,29807,22645,7162,29661
2017-10-09 05:00,32175,24528,7647,32276
2017-10-09 04:00,33872,25936,7936,34292
2017-10-09 03:00,34855,27589,7266,35556
2017-10-09 02:00,33981,28145,5836,34526
2017-10-09 01:00,33061,28486,4575,33547
2017-10-09 00:00,31960,29098,2862,32599
2017-10-08 23:00,30767,28106,2661,31542
2017-10-08 22:00,29530,26611,2919,30278
2017-10-08 21:00,28401,25192,3209,29224
2017-10-08 20:00,27518,24290,3228,28297
2017-10-08 19:00,27149,23585,3564,27619
2017-10-08 18:00,26695,23034,3661,26918
2017-10-08 17:00,26201,22251,3950,26272
2017-10-08 16:00,25587,20395,5192,25572
2017-10-08 15:00,25037,18265,6772,24788
2017-10-08 14:00,24944,17642,7302,24944
2017-10-08 13:00,24344,16475,7869,24575
2017-10-08 12:00,24136,15728,8408,24296
2017-10-08 11:00,24352,15793,8559,24422
2017-10-08 10:00,24952,16207,8745,25015
2017-10-08 09:00,25897,17293,8604,25941
2017-10-08 08:00,27275,18836,8439,27247
2017-10-08 07:00,29049,20430,8619,29193
2017-10-08 06:00,31451,23251,8200,31542
2017-10-08 05:00,33797,25068,8729,33909
2017-10-08 04:00,35756,26864,8892,35900
2017-10-08 03:00,37422,28651,8771,37300
2017-10-08 02:00,37658,28795,8863,37089
2017-10-08 01:00,38052,29987,8065,36996
2017-10-08 00:00,37651,30682,6969,36572
2017-10-07 23:00,36510,30303,6207,35566
2017-10-07 22:00,34792,29549,5243,34173
2017-10-07 21:00,33122,28657,4465,32721
2017-10-07 20:00,31572,27684,3888,31395
2017-10-07 19:00,30521,27167,3354,30269
2017-10-07 18:00,29696,26497,3199,29329
2017-10-07 17:00,28824,25376,3448,28408
2017-10-07 16:00,27812,23441,4371,27392
2017-10-07 15:00,27011,20903,6108,26371
2017-10-07 14:00,26560,19333,7227,26320
2017-10-07 13:00,25609,18016,7593,25556
2017-10-07 12:00,25129,16929,8200,24990
2017-10-07 11:00,25254,16824,8430,25017
2017-10-07 10:00,25872,17209,8663,25628
2017-10-07 09:00,26856,17719,9137,26594
2017-10-07 08:00,28305,18655,9650,28072
2017-10-07 07:00,30276,20260,10016,29778
2017-10-07 06:00,32829,22493,10336,32450
2017-10-07 05:00,35390,24782,10608,35197
2017-10-07 04:00,37536,27006,10530,37416
2017-10-07 03:00,39203,28788,10415,39116
2017-10-07 02:00,39395,28526,10869,38912
2017-10-07 01:00,40080,28610,11470,39067
2017-10-07 00:00,39831,28968,10863,39244
2017-10-06 23:00,38679,28738,9941,38602
2017-10-06 22:00,37197,28142,9055,37359
2017-10-06 21:00,35546,27664,7882,36028
2017-10-06 20:00,34053,26758,7295,34539
2017-10-06 19:00,33289,26428,6861,33513
2017-10-06 18:00,32692,26008,6684,32666
2017-10-06 17:00,32048,25109,6939,31855
2017-10-06 16:00,31681,23355,8326,31251
2017-10-06 15:00,31002,21282,9720,30783
2017-10-06 14:00,29819,19405,10414,29430
2017-10-06 13:00,27152,18020,9132,26702
2017-10-06 12:00,25561,17318,8243,25271
2017-10-06 11:00,25091,16998,8093,24820
2017-10-06 10:00,25502,17255,8247,25124
2017-10-06 09:00,26228,17619,8609,25809
2017-10-06 08:00,27445,18372,9073,27028
2017-10-06 07:00,29152,19658,9494,28739
2017-10-06 06:00,31717,21909,9808,31425
2017-10-06 05:00,34582,23528,11054,34419
2017-10-06 04:00,36740,25717,11023,36767
2017-10-06 03:00,37958,27241,10717,38268
2017-10-06 02:00,37374,27108,10266,37409
2017-10-06 01:00,37282,27026,10256,36814
2017-10-06 00:00,36947,27717,9230,36783
2017-10-05 23:00,36129,27744,8385,36170
2017-10-05 22:00,35051,27318,7733,35094
2017-10-05 21:00,33926,26863,7063,34043
2017-10-05 20:00,32789,26388,6401,32875
2017-10-05 19:00,32152,26252,5900,32169
2017-10-05 18:00,31669,26220,5449,31661
2017-10-05 17:00,31276,25283,5993,31221
2017-10-05 16:00,30984,23138,7846,30963
2017-10-05 15:00,30716,21474,9242,30764
2017-10-05 14:00,29607,20136,9471,29563
2017-10-05 13:00,26778,18434,8344,26779
2017-10-05 12:00,25246,17607,7639,25086
2017-10-05 11:00,24728,17577,7151,24616
2017-10-05 10:00,25058,17861,7197,24817
2017-10-05 09:00,25745,18207,7538,25484
2017-10-05 08:00,26931,18631,8300,26602
2017-10-05 07:00,28642,20350,8292,28295
2017-10-05 06:00,31088,22175,8913,30965
2017-10-05 05:00,33926,24076,9850,33895
2017-10-05 04:00,35969,25721,10248,36027
2017-10-05 03:00,37267,26912,10355,37316
2017-10-05 02:00,36367,25872,10495,36380
2017-10-05 01:00,36023,25753,10270,35531
2017-10-05 00:00,35526,27351,8175,35369
2017-10-04 23:00,34659,28028,6631,34684
2017-10-04 22:00,33722,27731,5991,33867
2017-10-04 21:00,32775,27477,5298,33123
2017-10-04 20:00,31909,27399,4510,32319
2017-10-04 19:00,31749,27642,4107,32030
2017-10-04 18:00,31583,27191,4392,31658
2017-10-04 17:00,31416,26255,5161,31450
2017-10-04 16:00,31291,24480,6811,31314
2017-10-04 15:00,30976,21667,9309,31171
2017-10-04 14:00,29724,19861,9863,29815
2017-10-04 13:00,26923,18528,8395,26994
2017-10-04 12:00,25247,17565,7682,25208
2017-10-04 11:00,24796,17184,7612,24597
2017-10-04 10:00,25059,17396,7663,24755
2017-10-04 09:00,25716,18238,7478,25396
2017-10-04 08:00,26821,19125,7696,26547
2017-10-04 07:00,28465,20416,8049,28256
2017-10-04 06:00,30793,22246,8547,30692
2017-10-04 05:00,33470,24281,9189,33584
2017-10-04 04:00,35373,26306,9067,35872
2017-10-04 03:00,36336,27507,8829,37195
2017-10-04 02:00,35109,26252,8857,36014
2017-10-04 01:00,34353,27155,7198,35430
2017-10-04 00:00,33961,28464,5497,35212
2017-10-03 23:00,33378,28347,5031,34594
2017-10-03 22:00,32859,27366,5493,33747
2017-10-03 21:00,32553,26844,5709,33142
2017-10-03 20:00,32177,26233,5944,32482
2017-10-03 19:00,32324,26080,6244,32204
2017-10-03 18:00,32397,26108,6289,31984
2017-10-03 17:00,32465,24915,7550,31794
2017-10-03 16:00,32381,22893,9488,31440
2017-10-03 15:00,31887,20844,11043,31009
2017-10-03 14:00,30463,19490,10973,29567
2017-10-03 13:00,27635,18184,9451,26927
2017-10-03 12:00,26023,17473,8550,25198
2017-10-03 11:00,25435,17497,7938,24544
2017-10-03 10:00,25657,17394,8263,24671
2017-10-03 09:00,26339,17807,8532,25353
2017-10-03 08:00,27564,18579,8985,26362
2017-10-03 07:00,29427,19257,10170,28695
2017-10-03 06:00,31849,20878,10971,31302
2017-10-03 05:00,34506,22819,11687,34142
2017-10-03 04:00,36596,24113,12483,36414
2017-10-03 03:00,37807,24518,13289,37572
2017-10-03 02:00,36891,24142,12749,36791
2017-10-03 01:00,36518,25234,11284,36657
2017-10-03 00:00,36227,26843,9384,36454
2017-10-02 23:00,35462,26796,8666,35581
2017-10-02 22:00,34818,26062,8756,34396
2017-10-02 21:00,34161,25213,8948,33610
2017-10-02 20:00,33523,24807,8716,32830
2017-10-02 19:00,33086,24324,8762,32583
2017-10-02 18:00,32817,23267,9550,32334
2017-10-02 17:00,32381,22979,9402,31936
2017-10-02 16:00,32006,21286,10720,31484
2017-10-02 15:00,31374,17789,13585,30924
2017-10-02 14:00,29984,16171,13813,29348
2017-10-02 13:00,27267,15985,11282,27049
2017-10-02 12:00,25443,16041,9402,25292
2017-10-02 11:00,24811,16312,8499,24699
2017-10-02 10:00,24887,16792,8095,24921
2017-10-02 09:00,25482,17939,7543,25538
2017-10-02 08:00,26523,19615,6908,26558
2017-10-02 07:00,28030,20907,7123,28056
2017-10-02 06:00,30338,22826,7512,30396
2017-10-02 05:00,32786,24005,8781,33069
2017-10-02 04:00,34580,25261,9319,35279
2017-10-02 03:00,35531,26039,9492,36475
2017-10-02 02:00,34302,25695,8607,35205
2017-10-02 01:00,33583,27585,5998,34464
2017-10-02 00:00,32536,28743,3793,33480
2017-10-01 23:00,31282,28665,2617,32235
2017-10-01 22:00,29923,27528,2395,30811
2017-10-01 21:00,28817,26516,2301,29648
2017-10-01 20:00,28058,25966,2092,28828
2017-10-01 19:00,27503,25571,1932,28094
2017-10-01 18:00,27069,24904,2165,27441
2017-10-01 17:00,26870,23819,3051,26823
2017-10-01 16:00,26481,21851,4630,26114
2017-10-01 15:00,25887,18915,6972,25455
2017-10-01 14:00,25750,18018,7732,25440
2017-10-01 13:00,25124,17667,7457,25004
2017-10-01 12:00,24792,17564,7228,24778
2017-10-01 11:00,24951,17801,7150,24880
2017-10-01 10:00,25512,18320,7192,25440
2017-10-01 09:00,26442,19199,7243,26363
2017-10-01 08:00,27712,20650,7062,27713
2017-10-01 07:00,29554,22650,6904,30035
2017-10-01 06:00,31732,24870,6862,32530
2017-10-01 05:00,33892,26775,7117,34865
2017-10-01 04:00,35575,28446,7129,36755
2017-10-01 03:00,36826,29834,6992,37649
2017-10-01 02:00,36342,30025,6317,37653
2017-10-01 01:00,36341,31849,4492,37827
2017-10-01 00:00,35918,33166,2752,37332
2017-09-30 23:00,34886,32525,2361,36370
2017-09-30 22:00,33429,31282,2147,34940
2017-09-30 21:00,32140,30002,2138,33451
2017-09-30 20:00,31173,29091,2082,32190
2017-09-30 19:00,30495,28336,2159,31273
2017-09-30 18:00,29951,27698,2253,30399
2017-09-30 17:00,29342,26609,2733,29542
2017-09-30 16:00,28728,24961,3767,28729
2017-09-30 15:00,27913,22655,5258,27648
2017-09-30 14:00,27427,21353,6074,27084
2017-09-30 13:00,26525,19830,6695,26690
2017-09-30 12:00,25998,19147,6851,26070
2017-09-30 11:00,26040,18792,7248,26106
2017-09-30 10:00,26641,18872,7769,26697
2017-09-30 09:00,27736,19569,8167,27737
2017-09-30 08:00,29269,20583,8686,29307
2017-09-30 07:00,31311,21910,9401,31563
2017-09-30 06:00,33984,24523,9461,34424
2017-09-30 05:00,36788,27477,9311,37350
2017-09-30 04:00,39130,29654,9476,39818
2017-09-30 03:00,40818,31739,9079,41422
2017-09-30 02:00,40796,31289,9507,41515
2017-09-30 01:00,41965,33195,8770,42117
2017-09-30 00:00,42250,34393,7857,42491
2017-09-29 23:00,41448,33537,7911,41775
2017-09-29 22:00,40137,32079,8058,40437
2017-09-29 21:00,38455,30378,8077,39041
2017-09-29 20:00,36828,28911,7917,37502
2017-09-29 19:00,35672,27962,7710,36446
2017-09-29 18:00,34568,26942,7626,35349
2017-09-29 17:00,33691,25786,7905,34231
2017-09-29 16:00,32759,23731,9028,33115
2017-09-29 15:00,31994,21393,10601,32152
2017-09-29 14:00,30814,19945,10869,30852
2017-09-29 13:00,28168,19157,9011,27800
2017-09-29 12:00,26634,18644,7990,26545
2017-09-29 11:00,26329,18328,8001,26388
2017-09-29 10:00,26801,18503,8298,26983
2017-09-29 09:00,27883,19065,8818,27977
2017-09-29 08:00,29416,20181,9235,29474
2017-09-29 07:00,31578,21878,9700,32151
2017-09-29 06:00,34585,23920,10665,35202
2017-09-29 05:00,37982,26389,11593,38677
2017-09-29 04:00,40797,28965,11832,41218
2017-09-29 03:00,42734,30671,12063,42766
2017-09-29 02:00,42901,30578,12323,42431
2017-09-29 01:00,43821,32032,11789,42814
2017-09-29 00:00,43807,32775,11032,42632
2017-09-28 23:00,42497,32271,10226,41614
2017-09-28 22:00,40503,31213,9290,39964
2017-09-28 21:00,38416,29834,8582,38400
2017-09-28 20:00,36220,28705,7515,36802
2017-09-28 19:00,34935,28075,6860,35841
2017-09-28 18:00,33845,27115,6730,34875
2017-09-28 17:00,32561,25659,6902,33961
2017-09-28 16:00,31770,24464,7306,33060
2017-09-28 15:00,31110,22125,8985,32172
2017-09-28 14:00,30098,20325,9773,30968
2017-09-28 13:00,27806,18978,8828,28379
2017-09-28 12:00,26482,18227,8255,26699
2017-09-28 11:00,26239,17803,8436,26243
2017-09-28 10:00,26849,18074,8775,26591
2017-09-28 09:00,27820,18762,9058,27406
2017-09-28 08:00,29163,19652,9511,28709
2017-09-28 07:00,31338,21690,9648,31130
2017-09-28 06:00,34302,24061,10241,34230
2017-09-28 05:00,37744,26161,11583,37825
2017-09-28 04:00,40604,28249,12355,40745
2017-09-28 03:00,42416,29406,13010,42308
2017-09-28 02:00,42429,28770,13659,41977
2017-09-28 01:00,43057,30327,12730,42342
2017-09-28 00:00,42833,31393,11440,42229
2017-09-27 23:00,41514,30766,10748,41165
2017-09-27 22:00,39861,28785,11076,39637
2017-09-27 21:00,37957,27730,10227,38083
2017-09-27 20:00,36219,27291,8928,36456
2017-09-27 19:00,35191,26853,8338,35399
2017-09-27 18:00,34180,26219,7961,34384
2017-09-27 17:00,33284,24938,8346,33415
2017-09-27 16:00,32541,23313,9228,32606
2017-09-27 15:00,31888,21282,10606,31776
2017-09-27 14:00,30740,19680,11060,30601
2017-09-27 13:00,28230,18218,10012,28082
2017-09-27 12:00,26627,17101,9526,26362
2017-09-27 11:00,26195,16843,9352,25777
2017-09-27 10:00,26587,16900,9687,26008
2017-09-27 09:00,27569,17348,10221,26821
2017-09-27 08:00,28920,18505,10415,28076
2017-09-27 07:00,30865,20043,10822,31095
2017-09-27 06:00,33772,21924,11848,34234
2017-09-27 05:00,37223,24143,13080,37724
2017-09-27 04:00,39632,25981,13651,40621
2017-09-27 03:00,41128,27717,13411,42001
2017-09-27 02:00,40630,27221,13409,41590
2017-09-27 01:00,40979,27946,13033,41639
2017-09-27 00:00,40570,28717,11853,41377
2017-09-26 23:00,39495,28499,10996,40452
2017-09-26 22:00,37878,28599,9279,39142
2017-09-26 21:00,36341,28100,8241,37860
2017-09-26 20:00,34875,27137,7738,36436
2017-09-26 19:00,34047,26682,7365,35345
2017-09-26 18:00,33136,25931,7205,34283
2017-09-26 17:00,32367,24654,7713,33263
2017-09-26 16:00,31816,22621,9195,32339
2017-09-26 15:00,31355,20002,11353,31508
2017-09-26 14:00,30258,18450,11808,30354
2017-09-26 13:00,27595,17203,10392,27613
2017-09-26 12:00,25972,16186,9786,25962
2017-09-26 11:00,25522,15879,9643,25493
2017-09-26 10:00,25896,15982,9914,25781
2017-09-26 09:00,26723,16167,10556,26569
2017-09-26 08:00,27899,16910,10989,27843
2017-09-26 07:00,29594,17740,11854,30020
2017-09-26 06:00,32335,19501,12834,32909
2017-09-26 05:00,35504,21580,13924,36210
2017-09-26 04:00,37827,22417,15410,38872
2017-09-26 03:00,39085,23250,15835,40220
2017-09-26 02:00,38366,22422,15944,39402
2017-09-26 01:00,38511,23030,15481,39761
2017-09-26 00:00,38066,24597,13469,39693
2017-09-25 23:00,36995,24787,12208,38788
2017-09-25 22:00,35776,24137,11639,37321
2017-09-25 21:00,34760,23559,11201,35767
2017-09-25 20:00,33727,23252,10475,34000
2017-09-25 19:00,33056,23164,9892,32981
2017-09-25 18:00,32451,22407,10044,32258
2017-09-25 17:00,31815,21420,10395,31934
2017-09-25 16:00,31319,19912,11407,31171
2017-09-25 15:00,30724,16423,14301,30406
2017-09-25 14:00,29544,15202,14342,29337
2017-09-25 13:00,26871,14770,12101,26808
2017-09-25 12:00,25132,14678,10454,25125
2017-09-25 11:00,24446,14734,9712,24484
2017-09-25 10:00,24535,15479,9056,24614
2017-09-25 09:00,25190,16518,8672,25201
2017-09-25 08:00,25943,17573,8370,26165
2017-09-25 07:00,27285,18639,8646,27552
2017-09-25 06:00,29630,20462,9168,29857
2017-09-25 05:00,32146,21587,10559,32439
2017-09-25 04:00,33996,22283,11713,34365
2017-09-25 03:00,34721,23362,11359,35135
2017-09-25 02:00,33436,22750,10686,33942
2017-09-25 01:00,32435,23692,8743,33526
2017-09-25 00:00,30980,24880,6100,32491
2017-09-24 23:00,29505,24755,4750,31125
2017-09-24 22:00,28309,24028,4281,29582
2017-09-24 21:00,27473,23671,3802,28206
2017-09-24 20:00,26728,22946,3782,27094
2017-09-24 19:00,26242,22831,3411,26375
2017-09-24 18:00,25887,22906,2981,25899
2017-09-24 17:00,25453,22742,2711,25428
2017-09-24 16:00,25117,21164,3953,24860
2017-09-24 15:00,24766,18578,6188,24201
2017-09-24 14:00,24752,17522,7230,24245
2017-09-24 13:00,24351,17277,7074,24068
2017-09-24 12:00,24122,17008,7114,23658
2017-09-24 11:00,24184,16858,7326,23713
2017-09-24 10:00,24664,17404,7260,24096
2017-09-24 09:00,25359,18608,6751,24841
2017-09-24 08:00,26309,19349,6960,25959
2017-09-24 07:00,27796,20354,7442,27680
2017-09-24 06:00,29748,22085,7663,29792
2017-09-24 05:00,31558,23618,7940,31859
2017-09-24 04:00,32822,24377,8445,33564
2017-09-24 03:00,33285,25228,8057,34180
2017-09-24 02:00,31830,23992,7838,33023
2017-09-24 01:00,30868,25537,5331,32645
2017-09-24 00:00,29928,27275,2653,31939
2017-09-23 23:00,28973,27514,1459,30718
2017-09-23 22:00,28083,27229,854,29581
2017-09-23 21:00,27369,27309,60,28631
2017-09-23 20:00,26857,26854,3,28017
2017-09-23 19:00,26776,26723,53,27653
2017-09-23 18:00,26983,27184,-201,27535
2017-09-23 17:00,27316,26598,718,27436
2017-09-23 16:00,26922,24601,2321,27111
2017-09-23 15:00,26323,22274,4049,26545
2017-09-23 14:00,25915,20712,5203,26199
2017-09-23 13:00,25302,19664,5638,25383
2017-09-23 12:00,24708,18622,6086,24785
2017-09-23 11:00,24603,18416,6187,24599
2017-09-23 10:00,25023,18425,6598,24959
2017-09-23 09:00,25794,18742,7052,25662
2017-09-23 08:00,26896,19340,7556,26812
2017-09-23 07:00,28553,20370,8183,28589
2017-09-23 06:00,30719,22085,8634,30827
2017-09-23 05:00,32920,23960,8960,33010
2017-09-23 04:00,34326,25475,8851,34796
2017-09-23 03:00,34850,26117,8733,35438
2017-09-23 02:00,33418,25012,8406,34436
2017-09-23 01:00,33180,26628,6552,34257
2017-09-23 00:00,32835,27705,5130,34204
2017-09-22 23:00,32313,27505,4808,33526
2017-09-22 22:00,31713,28044,3669,32850
2017-09-22 21:00,31307,27946,3361,32126
2017-09-22 20:00,30850,27817,3033,31450
2017-09-22 19:00,31155,26907,4248,31468
2017-09-22 18:00,31348,26053,5295,31523
2017-09-22 17:00,31283,25624,5659,31441
2017-09-22 16:00,30980,24987,5993,31244
2017-09-22 15:00,30780,23120,7660,30927
2017-09-22 14:00,29564,21294,8270,29842
2017-09-22 13:00,27022,19465,7557,27266
2017-09-22 12:00,25446,18215,7231,25647
2017-09-22 11:00,24905,17745,7160,25048
2017-09-22 10:00,25177,17834,7343,25260
2017-09-22 09:00,25887,18386,7501,25866
2017-09-22 08:00,26907,19009,7898,26873
2017-09-22 07:00,28473,20925,7548,28597
2017-09-22 06:00,30927,22843,8084,31001
2017-09-22 05:00,33562,24746,8816,33579
2017-09-22 04:00,35432,26458,8974,35593
2017-09-22 03:00,36004,27026,8978,36136
2017-09-22 02:00,34222,26645,7577,34857
2017-09-22 01:00,33725,28446,5279,34600
2017-09-22 00:00,33426,30120,3306,34556
2017-09-21 23:00,32755,30265,2490,33976
2017-09-21 22:00,32534,30121,2413,33474
2017-09-21 21:00,32531,28977,3554,32999
2017-09-21 20:00,32609,28673,3936,32571
2017-09-21 19:00,32852,28686,4166,32640
2017-09-21 18:00,33082,28616,4466,32640
2017-09-21 17:00,33058,27384,5674,32446
2017-09-21 16:00,33038,25604,7434,32111
2017-09-21 15:00,32396,22906,9490,31824
2017-09-21 14:00,31076,21260,9816,30616
2017-09-21 13:00,28302,19673,8629,27900
2017-09-21 12:00,26614,18625,7989,26142
2017-09-21 11:00,26009,18180,7829,25586
2017-09-21 10:00,26341,18448,7893,25825
2017-09-21 09:00,27102,18738,8364,26526
2017-09-21 08:00,28169,19602,8567,27619
2017-09-21 07:00,29912,21269,8643,29597
2017-09-21 06:00,32510,23352,9158,32296
2017-09-21 05:00,35385,25362,10023,35251
2017-09-21 04:00,37420,26844,10576,37628
2017-09-21 03:00,38251,27303,10948,38438
2017-09-21 02:00,37143,26688,10455,37681
2017-09-21 01:00,37001,28309,8692,37827
2017-09-21 00:00,36800,29708,7092,37840
2017-09-20 23:00,36288,29528,6760,37176
2017-09-20 22:00,35671,29384,6287,36221
2017-09-20 21:00,34805,28688,6117,35208
2017-09-20 20:00,34093,28244,5849,34255
2017-09-20 19:00,34042,28200,5842,33782
2017-09-20 18:00,33752,27083,6669,33353
2017-09-20 17:00,33251,26150,7101,32899
2017-09-20 16:00,32739,24642,8097,32466
2017-09-20 15:00,32289,23168,9121,31854
2017-09-20 14:00,30657,21135,9522,30634
2017-09-20 13:00,27939,19662,8277,27879
2017-09-20 12:00,26325,18444,7881,26266
2017-09-20 11:00,25710,17950,7760,25716
2017-09-20 10:00,26038,18348,7690,25966
2017-09-20 09:00,26874,18936,7938,26718
2017-09-20 08:00,28157,19903,8254,27889
2017-09-20 07:00,30071,21213,8858,29434
2017-09-20 06:00,32773,23047,9726,32128
2017-09-20 05:00,35566,25750,9816,35171
2017-09-20 04:00,37693,27781,9912,37518
2017-09-20 03:00,38396,28961,9435,38281
2017-09-20 02:00,37368,28310,9058,37410
2017-09-20 01:00,37291,29741,7550,37552
2017-09-20 00:00,36891,30846,6045,37401
2017-09-19 23:00,36006,31225,4781,36604
2017-09-19 22:00,35056,30656,4400,35604
2017-09-19 21:00,34233,29663,4570,34649
2017-09-19 20:00,33660,28640,5020,33696
2017-09-19 19:00,33576,28023,5553,33398
2017-09-19 18:00,33473,27554,5919,33166
2017-09-19 17:00,33222,26524,6698,32828
2017-09-19 16:00,32831,24743,8088,32432
2017-09-19 15:00,32485,22409,10076,31874
2017-09-19 14:00,31137,20517,10620,30605
2017-09-19 13:00,28163,19060,9103,27807
2017-09-19 12:00,26508,18091,8417,26069
2017-09-19 11:00,26019,17818,8201,25557
2017-09-19 10:00,26350,17981,8369,25797
2017-09-19 09:00,27109,18419,8690,26488
2017-09-19 08:00,28271,19116,9155,27587
2017-09-19 07:00,30072,20360,9712,30664
2017-09-19 06:00,32931,22078,10853,33452
2017-09-19 05:00,36081,24276,11805,36680
2017-09-19 04:00,38362,25032,13330,39295
2017-09-19 03:00,39249,25574,13675,40260
2017-09-19 02:00,38657,24726,13931,39662
2017-09-19 01:00,39155,26081,13074,40103
2017-09-19 00:00,39166,27180,11986,40228
2017-09-18 23:00,38347,26479,11868,39647
2017-09-18 22:00,37122,25851,11271,38544
2017-09-18 21:00,36086,24895,11191,37467
2017-09-18 20:00,35076,24762,10314,36184
2017-09-18 19:00,34678,24643,10035,35554
2017-09-18 18:00,34054,24414,9640,34901
2017-09-18 17:00,33506,23872,9634,34192
2017-09-18 16:00,32843,21761,11082,33191
2017-09-18 15:00,31896,18897,12999,32140
2017-09-18 14:00,30483,17837,12646,30725
2017-09-18 13:00,27727,17236,10491,28183
2017-09-18 12:00,25844,17015,8829,26390
2017-09-18 11:00,25134,17027,8107,25697
2017-09-18 10:00,25226,17546,7680,25872
2017-09-18 09:00,25778,18636,7142,26472
2017-09-18 08:00,26894,19667,7227,27570
2017-09-18 07:00,28539,21221,7318,28580
2017-09-18 06:00,31161,22556,8605,31105
2017-09-18 05:00,33783,23565,10218,33843
2017-09-18 04:00,35849,24615,11234,35964
2017-09-18 03:00,36468,25480,10988,36648
2017-09-18 02:00,35420,25353,10067,36149
2017-09-18 01:00,34903,26479,8424,36073
2017-09-18 00:00,33517,26996,6521,35299
2017-09-17 23:00,32118,27031,5087,34179
2017-09-17 22:00,30871,26611,4260,32644
2017-09-17 21:00,30080,25692,4388,30926
2017-09-17 20:00,29399,25305,4094,29544
2017-09-17 19:00,28912,25035,3877,28526
2017-09-17 18:00,28311,24741,3570,27736
2017-09-17 17:00,27674,23666,4008,27128
2017-09-17 16:00,26973,21882,5091,26464
2017-09-17 15:00,26071,19394,6677,25678
2017-09-17 14:00,25753,18112,7641,25686
2017-09-17 13:00,25106,17932,7174,25352
2017-09-17 12:00,24724,18121,6603,25054
2017-09-17 11:00,24884,18148,6736,25164
2017-09-17 10:00,25543,18559,6984,25692
2017-09-17 09:00,26542,19162,7380,26587
2017-09-17 08:00,27950,20009,7941,27977
2017-09-17 07:00,29722,22093,7629,29577
2017-09-17 06:00,31988,23930,8058,31979
2017-09-17 05:00,33950,25107,8843,34349
2017-09-17 04:00,35621,26408,9213,36284
2017-09-17 03:00,36389,27461,8928,36925
2017-09-17 02:00,36053,27229,8824,36277
2017-09-17 01:00,36303,30180,6123,36628
2017-09-17 00:00,35706,31837,3869,36139
2017-09-16 23:00,34647,31285,3362,34921
2017-09-16 22:00,33313,30652,2661,33466
2017-09-16 21:00,32032,30393,1639,32190
2017-09-16 20:00,31172,29236,1936,31075
2017-09-16 19:00,30742,28992,1750,30345
2017-09-16 18:00,30342,29024,1318,29790
2017-09-16 17:00,29744,27785,1959,29154
2017-09-16 16:00,28998,26192,2806,28438
2017-09-16 15:00,28023,23917,4106,27447
2017-09-16 14:00,27637,21702,5935,26997
2017-09-16 13:00,26836,20328,6508,26284
2017-09-16 12:00,26191,19238,6953,25659
2017-09-16 11:00,26103,18939,7164,25627
2017-09-16 10:00,26571,19145,7426,26148
2017-09-16 09:00,27443,20183,7260,27071
2017-09-16 08:00,28802,21099,7703,28545
2017-09-16 07:00,30656,22323,8333,30660
2017-09-16 06:00,33116,24346,8770,33241
2017-09-16 05:00,35474,26544,8930,35872
2017-09-16 04:00,37183,27906,9277,37930
2017-09-16 03:00,37813,28529,9284,38662
2017-09-16 02:00,37149,28250,8899,38124
2017-09-16 01:00,37396,30534,6862,38997
2017-09-16 00:00,37138,31917,5221,38981
2017-09-15 23:00,36305,31552,4753,38113
2017-09-15 22:00,35486,31382,4104,36883
2017-09-15 21:00,34668,30702,3966,35773
2017-09-15 20:00,33816,30197,3619,34579
2017-09-15 19:00,33692,29827,3865,34124
2017-09-15 18:00,33414,29230,4184,33744
2017-09-15 17:00,32899,28442,4457,33267
2017-09-15 16:00,32470,26795,5675,32798
2017-09-15 15:00,31882,24011,7871,32114
2017-09-15 14:00,30647,22148,8499,30759
2017-09-15 13:00,28194,20864,7330,28335
2017-09-15 12:00,26729,19623,7106,26793
2017-09-15 11:00,26248,19215,7033,26275
2017-09-15 10:00,26605,19567,7038,26608
2017-09-15 09:00,27514,20413,7101,27422
2017-09-15 08:00,28665,21522,7143,28688
2017-09-15 07:00,30440,23189,7251,30746
2017-09-15 06:00,33209,25782,7427,33544
2017-09-15 05:00,36217,28371,7846,36488
2017-09-15 04:00,38397,30137,8260,39003
2017-09-15 03:00,38798,31642,7156,39669
2017-09-15 02:00,37834,32026,5808,39009
2017-09-15 01:00,37737,34246,3491,39737
2017-09-15 00:00,37409,35170,2239,39794
2017-09-14 23:00,36669,34960,1709,39195
2017-09-14 22:00,36137,34190,1947,38308
2017-09-14 21:00,35748,32688,3060,37198
2017-09-14 20:00,35102,31576,3526,36018
2017-09-14 19:00,35009,30769,4240,35490
2017-09-14 18:00,34809,29740,5069,34935
2017-09-14 17:00,34214,29157,5057,34378
2017-09-14 16:00,33531,27721,5810,33749
2017-09-14 15:00,32821,25729,7092,33044
2017-09-14 14:00,31544,24136,7408,31798
2017-09-14 13:00,28972,22171,6801,29222
2017-09-14 12:00,27263,20728,6535,27610
2017-09-14 11:00,26713,20437,6276,27147
2017-09-14 10:00,27374,20984,6390,27555
2017-09-14 09:00,28317,21850,6467,28466
2017-09-14 08:00,29777,23489,6288,29875
2017-09-14 07:00,31946,25579,6367,31972
2017-09-14 06:00,34994,28375,6619,35164
2017-09-14 05:00,38328,31820,6508,38739
2017-09-14 04:00,40787,35001,5786,41625
2017-09-14 03:00,41820,37544,4276,42832
2017-09-14 02:00,41791,38644,3147,42531
2017-09-14 01:00,42964,41243,1721,43697
2017-09-14 00:00,43094,41847,1247,44299
2017-09-13 23:00,42506,41726,780,43751
2017-09-13 22:00,41356,40157,1199,42774
2017-09-13 21:00,40032,38292,1740,41492
2017-09-13 20:00,38824,36232,2592,39943
2017-09-13 19:00,38160,34372,3788,38927
2017-09-13 18:00,37305,32638,4667,37934
2017-09-13 17:00,36280,31329,4951,36831
2017-09-13 16:00,35551,29368,6183,35807
2017-09-13 15:00,34824,26965,7859,34631
2017-09-13 14:00,33536,25230,8306,33226
2017-09-13 13:00,30851,23120,7731,30498
2017-09-13 12:00,29254,21852,7402,28874
2017-09-13 11:00,28923,21497,7426,28593
2017-09-13 10:00,29549,22216,7333,29112
2017-09-13 09:00,30781,23226,7555,30294
2017-09-13 08:00,32586,25170,7416,32145
2017-09-13 07:00,35217,27105,8112,36132
2017-09-13 06:00,38992,30349,8643,40007
2017-09-13 05:00,43090,34081,9009,44088
2017-09-13 04:00,46370,37536,8834,47462
2017-09-13 03:00,48165,39419,8746,49056
2017-09-13 02:00,49272,40582,8690,49998
2017-09-13 01:00,51323,43500,7823,51767
2017-09-13 00:00,51713,44777,6936,52118
2017-09-12 23:00,50822,43962,6860,51264
2017-09-12 22:00,49152,42417,6735,49704
2017-09-12 21:00,47123,39885,7238,47693
2017-09-12 20:00,44748,36745,8003,45536
2017-09-12 19:00,42903,34479,8424,43588
2017-09-12 18:00,41095,32287,8808,41677
2017-09-12 17:00,39256,30096,9160,39819
2017-09-12 16:00,37604,28178,9426,38162
2017-09-12 15:00,36278,26167,10111,36758
2017-09-12 14:00,34750,24379,10371,35168
2017-09-12 13:00,31972,22540,9432,32404
2017-09-12 12:00,30412,21486,8926,30872
2017-09-12 11:00,30197,20993,9204,30617
2017-09-12 10:00,30913,21400,9513,31331
2017-09-12 09:00,32271,22111,10160,32592
2017-09-12 08:00,34206,23558,10648,34472
2017-09-12 07:00,37119,24858,12261,37022
2017-09-12 06:00,41077,27497,13580,41148
2017-09-12 05:00,45323,30664,14659,45707
2017-09-12 04:00,48735,33401,15334,49187
2017-09-12 03:00,50644,34973,15671,51114
2017-09-12 02:00,51538,35929,15609,52025
2017-09-12 01:00,53842,37999,15843,53651
2017-09-12 00:00,54757,38120,16637,53881
2017-09-11 23:00,53975,37651,16324,52966
2017-09-11 22:00,52201,35654,16547,51289
2017-09-11 21:00,49824,33035,16789,48848
2017-09-11 20:00,46497,30503,15994,46328
2017-09-11 19:00,44049,28995,15054,44117
2017-09-11 18:00,41925,26800,15125,41806
2017-09-11 17:00,39809,24837,14972,39543
2017-09-11 16:00,37996,22029,15967,37660
2017-09-11 15:00,36367,19053,17314,35894
2017-09-11 14:00,34572,17824,16748,33943
2017-09-11 13:00,31703,17833,13870,31149
2017-09-11 12:00,29780,17565,12215,29515
2017-09-11 11:00,29251,17859,11392,29139
2017-09-11 10:00,29792,18588,11204,29695
2017-09-11 09:00,31007,19548,11459,30799
2017-09-11 08:00,32819,20829,11990,32498
2017-09-11 07:00,35528,22923,12605,35426
2017-09-11 06:00,39159,25186,13973,38937
2017-09-11 05:00,43271,27270,16001,42624
2017-09-11 04:00,46401,29026,17375,45067
2017-09-11 03:00,47760,30072,17688,45921
2017-09-11 02:00,48182,30709,17473,47032
2017-09-11 01:00,49154,32032,17122,47451
2017-09-11 00:00,48963,32306,16657,46651
2017-09-10 23:00,47554,31328,16226,45120
2017-09-10 22:00,45183,29623,15560,43075
2017-09-10 21:00,42101,28020,14081,40722
2017-09-10 20:00,38798,27036,11762,38291
2017-09-10 19:00,35797,25448,10349,35995
2017-09-10 18:00,33187,24233,8954,33752
2017-09-10 17:00,31019,23429,7590,31730
2017-09-10 16:00,29288,21738,7550,30000
2017-09-10 15:00,27891,19775,8116,28674
2017-09-10 14:00,27581,18737,8844,28306
2017-09-10 13:00,27324,18410,8914,28333
2017-09-10 12:00,27181,18294,8887,28271
2017-09-10 11:00,27503,18497,9006,28732
2017-09-10 10:00,28255,19107,9148,29662
2017-09-10 09:00,29543,20290,9253,31123
2017-09-10 08:00,31309,21723,9586,32461
2017-09-10 07:00,33620,23549,10071,33001
2017-09-10 06:00,36569,26062,10507,35803
2017-09-10 05:00,39413,28200,11213,38594
2017-09-10 04:00,41702,30089,11613,40634
2017-09-10 03:00,42844,31152,11692,41511
2017-09-10 02:00,43330,32321,11009,42088
2017-09-10 01:00,44156,34317,9839,42594
2017-09-10 00:00,43582,35019,8563,42178
2017-09-09 23:00,42149,34370,7779,41132
2017-09-09 22:00,40140,33449,6691,39570
2017-09-09 21:00,38134,32978,5156,37957
2017-09-09 20:00,36285,31168,5117,36260
2017-09-09 19:00,34622,30132,4490,34664
2017-09-09 18:00,33135,29409,3726,33094
2017-09-09 17:00,32080,28308,3772,31785
2017-09-09 16:00,31070,26584,4486,30456
2017-09-09 15:00,29882,24422,5460,29313
2017-09-09 14:00,29345,22464,6881,28847
2017-09-09 13:00,28427,21221,7206,28370
2017-09-09 12:00,27919,20154,7765,27942
2017-09-09 11:00,28011,19744,8267,28212
2017-09-09 10:00,28642,20202,8440,29060
2017-09-09 09:00,29822,21297,8525,30391
2017-09-09 08:00,31549,22321,9228,32078
2017-09-09 07:00,33917,24338,9579,34342
2017-09-09 06:00,36966,27201,9765,37453
2017-09-09 05:00,40035,30848,9187,40550
2017-09-09 04:00,42523,33616,8907,43080
2017-09-09 03:00,43562,35431,8131,44168
2017-09-09 02:00,44274,36200,8074,44764
2017-09-09 01:00,45851,37904,7947,46246
2017-09-09 00:00,46275,38635,7640,46477
2017-09-08 23:00,45225,38572,6653,45596
2017-09-08 22:00,43922,37871,6051,44187
2017-09-08 21:00,42328,36337,5991,42602
2017-09-08 20:00,40493,34893,5600,40766
2017-09-08 19:00,39172,33699,5473,39492
2017-09-08 18:00,37893,32440,5453,38254
2017-09-08 17:00,36582,30789,5793,36964
2017-09-08 16:00,35350,28739,6611,35760
2017-09-08 15:00,34305,26874,7431,34541
2017-09-08 14:00,32936,24206,8730,33049
2017-09-08 13:00,30586,22388,8198,30508
2017-09-08 12:00,29294,21424,7870,29043
2017-09-08 11:00,28976,21003,7973,28740
2017-09-08 10:00,29538,21273,8265,29306
2017-09-08 09:00,30772,22329,8443,30460
2017-09-08 08:00,32149,23965,8184,32192
2017-09-08 07:00,34646,26166,8480,35567
2017-09-08 06:00,38106,29313,8793,39192
2017-09-08 05:00,41799,32933,8866,42956
2017-09-08 04:00,44694,35802,8892,45556
2017-09-08 03:00,45673,38077,7596,46669
2017-09-08 02:00,46193,39181,7012,47858
2017-09-08 01:00,47669,41698,5971,49021
2017-09-08 00:00,47926,43248,4678,49131
2017-09-07 23:00,47122,42901,4221,48139
2017-09-07 22:00,45611,41705,3906,46660
2017-09-07 21:00,44064,40227,3837,44997
2017-09-07 20:00,42061,38243,3818,43056
2017-09-07 19:00,40163,36169,3994,41403
2017-09-07 18:00,39439,33843,5596,39769
2017-09-07 17:00,37686,32284,5402,38110
2017-09-07 16:00,35923,30424,5499,36639
2017-09-07 15:00,34985,28039,6946,35229
2017-09-07 14:00,33704,26250,7454,33571
2017-09-07 13:00,31492,24498,6994,31379
2017-09-07 12:00,30274,23645,6629,29926
2017-09-07 11:00,29966,23565,6401,29649
2017-09-07 10:00,30680,24108,6572,30297
2017-09-07 09:00,31918,25013,6905,31554
2017-09-07 08:00,33590,26279,7311,33316
2017-09-07 07:00,35734,28855,6879,35528
2017-09-07 06:00,39383,32002,7381,39332
2017-09-07 05:00,43533,36671,6862,43405
2017-09-07 04:00,46862,39370,7492,46531
2017-09-07 03:00,48452,41217,7235,47811
2017-09-07 02:00,49687,42931,6756,48564
2017-09-07 01:00,51678,44779,6899,50185
2017-09-07 00:00,52164,45651,6513,50571
2017-09-06 23:00,51515,45066,6449,49653
2017-09-06 22:00,50048,43959,6089,48065
2017-09-06 21:00,48124,41804,6320,46114
2017-09-06 20:00,46158,39495,6663,43874
2017-09-06 19:00,43793,37224,6569,42042
2017-09-06 18:00,41677,34866,6811,40309
2017-09-06 17:00,39758,32817,6941,38576
2017-09-06 16:00,38181,30659,7522,37143
2017-09-06 15:00,36787,28426,8361,35820
2017-09-06 14:00,35212,26526,8686,34059
2017-09-06 13:00,32979,24799,8180,31719
2017-09-06 12:00,31723,23315,8408,30370
2017-09-06 11:00,31461,22976,8485,30139
2017-09-06 10:00,32201,23027,9174,30788
2017-09-06 09:00,33350,23686,9664,32039
2017-09-06 08:00,35193,25063,10130,33452
2017-09-06 07:00,37738,27024,10714,37198
2017-09-06 06:00,41743,29721,12022,41116
2017-09-06 05:00,46124,33210,12914,45474
2017-09-06 04:00,49508,35210,14298,48871
2017-09-06 03:00,51062,35548,15514,50301
2017-09-06 02:00,52193,36141,16052,51420
2017-09-06 01:00,53863,38304,15559,53107
2017-09-06 00:00,53921,39274,14647,53414
2017-09-05 23:00,52684,38946,13738,52513
2017-09-05 22:00,50892,38704,12188,50935
2017-09-05 21:00,48766,38065,10701,49225
2017-09-05 20:00,46308,36793,9515,46871
2017-09-05 19:00,44422,34564,9858,44883
2017-09-05 18:00,42534,32369,10165,42803
2017-09-05 17:00,40892,29708,11184,40589
2017-09-05 16:00,39194,26905,12289,38659
2017-09-05 15:00,37228,24761,12467,37032
2017-09-05 14:00,35265,24184,11081,35263
2017-09-05 13:00,32655,24036,8619,32602
2017-09-05 12:00,30997,23874,7123,31150
2017-09-05 11:00,30489,24122,6367,30956
2017-09-05 10:00,30590,24743,5847,31701
2017-09-05 09:00,31642,25979,5663,33160
2017-09-05 08:00,33396,27857,5539,35333
2017-09-05 07:00,35610,30147,5463,37227
2017-09-05 06:00,38951,32842,6109,40984
2017-09-05 05:00,42564,34973,7591,45288
2017-09-05 04:00,45078,37489,7589,48514
2017-09-05 03:00,45627,38027,7600,49496
2017-09-05 02:00,45744,39341,6403,50761
2017-09-05 01:00,46542,42194,4348,52144
2017-09-05 00:00,46364,43051,3313,52024
2017-09-04 23:00,45978,43357,2621,50903
2017-09-04 22:00,45502,42330,3172,48940
2017-09-04 21:00,45153,41307,3846,46485
2017-09-04 20:00,44104,40257,3847,43749
2017-09-04 19:00,42281,38825,3456,41206
2017-09-04 18:00,40077,36263,3814,38649
2017-09-04 17:00,37590,33759,3831,35816
2017-09-04 16:00,35354,30435,4919,33642
2017-09-04 15:00,33869,27559,6310,31839
2017-09-04 14:00,33313,26076,7237,31184
2017-09-04 13:00,32466,25690,6776,30493
2017-09-04 12:00,31830,25402,6428,30163
2017-09-04 11:00,32125,25972,6153,30486
2017-09-04 10:00,33114,27515,5599,31542
2017-09-04 09:00,34560,29548,5012,33172
2017-09-04 08:00,36541,32043,4498,35424
2017-09-04 07:00,39121,34259,4862,38645
2017-09-04 06:00,42042,38221,3821,42949
2017-09-04 05:00,45382,41535,3847,47491
2017-09-04 04:00,47756,43828,3928,50880
2017-09-04 03:00,49070,44560,4510,52492
2017-09-04 02:00,50069,45666,4403,54156
2017-09-04 01:00,51903,47426,4477,55684
2017-09-04 00:00,52751,48098,4653,55670
2017-09-03 23:00,52592,48576,4016,54650
2017-09-03 22:00,52043,45329,6714,52595
2017-09-03 21:00,50943,43274,7669,49905
2017-09-03 20:00,49241,40828,8413,46819
2017-09-03 19:00,47273,38097,9176,43299
2017-09-03 18:00,44460,35320,9140,39872
2017-09-03 17:00,41559,32508,9051,36676
2017-09-03 16:00,38300,29072,9228,33926
2017-09-03 15:00,35488,25344,10144,31827
2017-09-03 14:00,34875,23478,11397,31456
2017-09-03 13:00,34763,24677,10086,31368
2017-09-03 12:00,34997,24856,10141,31495
2017-09-03 11:00,35775,25508,10267,32179
2017-09-03 10:00,37091,26666,10425,33686
2017-09-03 09:00,38983,28092,10891,35615
2017-09-03 08:00,41421,30543,10878,38662
2017-09-03 07:00,44477,33814,10663,42832
2017-09-03 06:00,48077,37676,10401,46978
2017-09-03 05:00,52000,41274,10726,51227
2017-09-03 04:00,55052,44344,10708,54369
2017-09-03 03:00,56588,45219,11369,56544
2017-09-03 02:00,57854,46907,10947,58936
2017-09-03 01:00,58998,50091,8907,60796
2017-09-03 00:00,59131,52156,6975,61212
2017-09-02 23:00,58087,51267,6820,60237
2017-09-02 22:00,56564,49743,6821,58221
2017-09-02 21:00,54306,47537,6769,55542
2017-09-02 20:00,51389,44624,6765,52574
2017-09-02 19:00,48064,42012,6052,48677
2017-09-02 18:00,44960,38439,6521,44668
2017-09-02 17:00,41629,35342,6287,40732
2017-09-02 16:00,38305,32020,6285,37401
2017-09-02 15:00,35497,29019,6478,34722
2017-09-02 14:00,34292,26540,7752,33611
2017-09-02 13:00,33942,24776,9166,33019
2017-09-02 12:00,34277,24246,10031,32839
2017-09-02 11:00,35098,24276,10822,33462
2017-09-02 10:00,36433,24556,11877,34809
2017-09-02 09:00,38316,25659,12657,36830
2017-09-02 08:00,40857,27506,13351,39705
2017-09-02 07:00,44621,30026,14595,44578
2017-09-02 06:00,49048,34128,14920,49059
2017-09-02 05:00,53684,39192,14492,53729
2017-09-02 04:00,56763,42396,14367,57149
2017-09-02 03:00,58488,43513,14975,59287
2017-09-02 02:00,60257,44934,15323,61705
2017-09-02 01:00,62277,47063,15214,63868
2017-09-02 00:00,62787,48003,14784,64151
2017-09-01 23:00,62537,47840,14697,62904
2017-09-01 22:00,60656,46683,13973,60814
2017-09-01 21:00,58095,44547,13548,58128
2017-09-01 20:00,54987,41573,13414,54813
2017-09-01 19:00,51933,38438,13495,51365
2017-09-01 18:00,48637,35374,13263,47713
2017-09-01 17:00,45448,32315,13133,44086
2017-09-01 16:00,42281,29949,12332,40848
2017-09-01 15:00,39700,27005,12695,38223
2017-09-01 14:00,37269,24689,12580,35912
2017-09-01 13:00,35001,22879,12122,33809
2017-09-01 12:00,33797,21739,12058,32614
2017-09-01 11:00,33679,21851,11828,32624
2017-09-01 10:00,34301,23037,11264,33641
2017-09-01 09:00,36003,24924,11079,35394
2017-09-01 08:00,38310,27002,11308,37737
2017-09-01 07:00,41497,29832,11665,41112
2017-09-01 06:00,46195,33395,12800,45812
2017-09-01 05:00,51368,38015,13353,50762
2017-09-01 04:00,54953,41642,13311,54455
2017-09-01 03:00,56586,43776,12810,56555
2017-09-01 02:00,57529,45439,12090,58412
2017-09-01 01:00,58755,47339,11416,60114
2017-09-01 00:00,59108,47297,11811,60184
2017-08-31 23:00,58355,46559,11796,58706
2017-08-31 22:00,56707,44633,12074,56416
2017-08-31 21:00,54353,42755,11598,53584
2017-08-31 20:00,51406,39952,11454,50403
2017-08-31 19:00,48526,37363,11163,47540
2017-08-31 18:00,45910,34386,11524,44640
2017-08-31 17:00,43276,31921,11355,41770
2017-08-31 16:00,40515,29731,10784,39191
2017-08-31 15:00,38204,26977,11227,37033
2017-08-31 14:00,36338,24709,11629,35084
2017-08-31 13:00,33810,23453,10357,33022
2017-08-31 12:00,32444,22537,9907,31629
2017-08-31 11:00,32396,22489,9907,31571
2017-08-31 10:00,33339,23394,9945,32436
2017-08-31 09:00,34919,25113,9806,34020
2017-08-31 08:00,37197,27178,10019,36490
2017-08-31 07:00,40449,30947,9502,39947
2017-08-31 06:00,44731,34958,9773,44517
2017-08-31 05:00,49697,40089,9608,49439
2017-08-31 04:00,53476,43822,9654,53151
2017-08-31 03:00,55244,46007,9237,54771
2017-08-31 02:00,56882,47481,9401,56401
2017-08-31 01:00,58306,49397,8909,58060
2017-08-31 00:00,58261,51088,7173,58248
2017-08-30 23:00,56972,50110,6862,56979
2017-08-30 22:00,54917,48741,6176,54967
2017-08-30 21:00,52532,46723,5809,52468
2017-08-30 20:00,49662,43185,6477,49312
2017-08-30 19:00,47362,40185,7177,46644
2017-08-30 18:00,44747,37800,6947,43952
2017-08-30 17:00,41827,35303,6524,41326
2017-08-30 16:00,39541,32896,6645,39020
2017-08-30 15:00,37412,29714,7698,36946
2017-08-30 14:00,35486,27564,7922,35039
2017-08-30 13:00,33105,26262,6843,32650
2017-08-30 12:00,31758,25329,6429,31179
2017-08-30 11:00,31766,25411,6355,30924
2017-08-30 10:00,32660,26312,6348,31739
2017-08-30 09:00,34276,27993,6283,33200
2017-08-30 08:00,36615,29921,6694,35370
2017-08-30 07:00,40002,33268,6734,40666
2017-08-30 06:00,44673,37309,7364,45433
2017-08-30 05:00,49880,42610,7270,50556
2017-08-30 04:00,53982,45888,8094,54508
2017-08-30 03:00,55881,47128,8753,56407
2017-08-30 02:00,57621,48860,8761,58465
2017-08-30 01:00,59218,51446,7772,60720
2017-08-30 00:00,59285,52308,6977,61155
2017-08-29 23:00,57989,51597,6392,59924
2017-08-29 22:00,55868,50398,5470,57756
2017-08-29 21:00,53575,48435,5140,55088
2017-08-29 20:00,50405,44702,5703,51755
2017-08-29 19:00,47511,41150,6361,48715
2017-08-29 18:00,44699,37943,6756,45620
2017-08-29 17:00,42305,34872,7433,42441
2017-08-29 16:00,40099,32525,7574,39873
2017-08-29 15:00,37606,29882,7724,37801
2017-08-29 14:00,35645,27672,7973,35820
2017-08-29 13:00,33626,25606,8020,33368
2017-08-29 12:00,32267,24751,7516,32027
2017-08-29 11:00,32272,24662,7610,31965
2017-08-29 10:00,33191,25264,7927,32958
2017-08-29 09:00,34913,26252,8661,34639
2017-08-29 08:00,37165,27770,9395,36948
2017-08-29 07:00,40460,30194,10266,40708
2017-08-29 06:00,45174,33546,11628,45425
2017-08-29 05:00,50548,37400,13148,50478
2017-08-29 04:00,54693,40581,14112,54259
2017-08-29 03:00,56216,41757,14459,56348
2017-08-29 02:00,57916,43560,14356,58447
2017-08-29 01:00,59536,45204,14332,60249
2017-08-29 00:00,59786,44553,15233,60332
2017-08-28 23:00,58478,43146,15332,58950
2017-08-28 22:00,56289,41170,15119,56834
2017-08-28 21:00,53611,38815,14796,54099
2017-08-28 20:00,49940,35820,14120,50875
2017-08-28 19:00,46803,32982,13821,47820
2017-08-28 18:00,43636,30354,13282,44781
2017-08-28 17:00,40675,27972,12703,41814
2017-08-28 16:00,38171,25750,12421,39091
2017-08-28 15:00,36047,22832,13215,36755
2017-08-28 14:00,33920,21653,12267,34530
2017-08-28 13:00,31520,22002,9518,32349
2017-08-28 12:00,30515,22126,8389,30862
2017-08-28 11:00,30331,22431,7900,30626
2017-08-28 10:00,30928,23382,7546,31378
2017-08-28 09:00,31930,24752,7178,32841
2017-08-28 08:00,33870,26536,7334,35176
2017-08-28 07:00,36923,28429,8494,38505
2017-08-28 06:00,41155,30645,10510,42643
2017-08-28 05:00,45704,34127,11577,46845
2017-08-28 04:00,49063,36539,12524,49687
2017-08-28 03:00,50388,38139,12249,50924
2017-08-28 02:00,51892,40400,11492,52227
2017-08-28 01:00,52472,42753,9719,52713
2017-08-28 00:00,51616,43398,8218,51762
2017-08-27 23:00,49793,42151,7642,49904
2017-08-27 22:00,47295,40212,7083,47489
2017-08-27 21:00,44394,37836,6558,44843
2017-08-27 20:00,41373,35045,6328,41915
2017-08-27 19:00,38535,32729,5806,38805
2017-08-27 18:00,35632,30533,5099,35902
2017-08-27 17:00,33083,28622,4461,33284
2017-08-27 16:00,30980,26617,4363,31045
2017-08-27 15:00,29349,23765,5584,29378
2017-08-27 14:00,28628,22175,6453,28848
2017-08-27 13:00,28680,21665,7015,28820
2017-08-27 12:00,28721,21669,7052,28740
2017-08-27 11:00,29229,21867,7362,29220
2017-08-27 10:00,30095,22500,7595,30199
2017-08-27 09:00,31550,23483,8067,31707
2017-08-27 08:00,33823,24789,9034,33544
2017-08-27 07:00,36714,26852,9862,36374
2017-08-27 06:00,40096,29365,10731,39604
2017-08-27 05:00,43627,32712,10915,42907
2017-08-27 04:00,46810,34177,12633,45547
2017-08-27 03:00,48530,35248,13282,46792
2017-08-27 02:00,50314,37099,13215,48264
2017-08-27 01:00,51166,38850,12316,49126
2017-08-27 00:00,50564,40155,10409,48549
2017-08-26 23:00,48823,39465,9358,46937
2017-08-26 22:00,46443,38495,7948,44720
2017-08-26 21:00,43546,36782,6764,42312
2017-08-26 20:00,40512,34611,5901,39887
2017-08-26 19:00,37898,33305,4593,37550
2017-08-26 18:00,35607,31859,3748,35276
2017-08-26 17:00,33697,29692,4005,33234
2017-08-26 16:00,31756,29551,2205,31492
2017-08-26 15:00,30081,27160,2921,30050
2017-08-26 14:00,29208,24395,4813,29429
2017-08-26 13:00,28539,22817,5722,28829
2017-08-26 12:00,28169,21784,6385,28445
2017-08-26 11:00,28401,21482,6919,28680
2017-08-26 10:00,29222,22036,7186,29569
2017-08-26 09:00,30471,22952,7519,31035
2017-08-26 08:00,32067,23945,8122,32817
2017-08-26 07:00,34691,24846,9845,35052
2017-08-26 06:00,37947,27486,10461,38450
2017-08-26 05:00,41312,30748,10564,41960
2017-08-26 04:00,43881,32888,10993,44571
2017-08-26 03:00,44982,33615,11367,45684
2017-08-26 02:00,46306,34597,11709,47169
2017-08-26 01:00,47493,36814,10679,48446
2017-08-26 00:00,47153,37490,9663,48302
2017-08-25 23:00,45579,36071,9508,47037
2017-08-25 22:00,43544,34816,8728,45141
2017-08-25 21:00,41420,33751,7669,43014
2017-08-25 20:00,39423,32568,6855,40870
2017-08-25 19:00,38100,31381,6719,39242
2017-08-25 18:00,36842,30327,6515,37705
2017-08-25 17:00,36119,29278,6841,36254
2017-08-25 16:00,34896,27573,7323,34968
2017-08-25 15:00,33686,25275,8411,33599
2017-08-25 14:00,32034,22915,9119,31803
2017-08-25 13:00,29693,21361,8332,29746
2017-08-25 12:00,28180,20416,7764,28445
2017-08-25 11:00,27858,20244,7614,28185
2017-08-25 10:00,28379,20567,7812,28794
2017-08-25 09:00,29471,21403,8068,29990
2017-08-25 08:00,31026,22888,8138,31700
2017-08-25 07:00,33523,24533,8990,34255
2017-08-25 06:00,36804,27511,9293,37644
2017-08-25 05:00,40424,31259,9165,41437
2017-08-25 04:00,42977,33690,9287,44042
2017-08-25 03:00,43582,35005,8577,44733
2017-08-25 02:00,44445,36619,7826,45900
2017-08-25 01:00,45498,38053,7445,46967
2017-08-25 00:00,45334,38618,6716,46830
2017-08-24 23:00,44126,37796,6330,45602
2017-08-24 22:00,42555,36789,5766,43847
2017-08-24 21:00,40972,35201,5771,41878
2017-08-24 20:00,38955,33456,5499,39975
2017-08-24 19:00,37714,32915,4799,38548
2017-08-24 18:00,36840,31706,5134,37239
2017-08-24 17:00,35986,30390,5596,35951
2017-08-24 16:00,35022,28332,6690,34865
2017-08-24 15:00,33922,26525,7397,33646
2017-08-24 14:00,32347,24419,7928,32126
2017-08-24 13:00,29953,22251,7702,29998
2017-08-24 12:00,28317,21147,7170,28602
2017-08-24 11:00,27959,20791,7168,28329
2017-08-24 10:00,28442,21258,7184,28893
2017-08-24 09:00,29557,21968,7589,30084
2017-08-24 08:00,31266,23876,7390,31674
2017-08-24 07:00,33688,26540,7148,34366
2017-08-24 06:00,37203,29130,8073,37908
2017-08-24 05:00,41153,32870,8283,41894
2017-08-24 04:00,44054,35377,8677,44667
2017-08-24 03:00,44900,36811,8089,45246
2017-08-24 02:00,46112,38762,7350,46541
2017-08-24 01:00,47226,40785,6441,47669
2017-08-24 00:00,47142,41138,6004,47543
2017-08-23 23:00,46049,39684,6365,46284
2017-08-23 22:00,44461,38364,6097,44493
2017-08-23 21:00,42385,36373,6012,42508
2017-08-23 20:00,40310,34267,6043,40492
2017-08-23 19:00,38949,33193,5756,38903
2017-08-23 18:00,37807,31917,5890,37407
2017-08-23 17:00,36655,30737,5918,36017
2017-08-23 16:00,34763,29158,5605,34855
2017-08-23 15:00,33950,26865,7085,33575
2017-08-23 14:00,32709,24662,8047,32033
2017-08-23 13:00,30452,22814,7638,29856
2017-08-23 12:00,28932,21533,7399,28429
2017-08-23 11:00,28580,21251,7329,28163
2017-08-23 10:00,29126,21433,7693,28734
2017-08-23 09:00,30297,22622,7675,29923
2017-08-23 08:00,32004,23838,8166,31673
2017-08-23 07:00,34527,25371,9156,34358
2017-08-23 06:00,38125,27648,10477,37916
2017-08-23 05:00,42206,30362,11844,41779
2017-08-23 04:00,45236,32007,13229,44395
2017-08-23 03:00,46109,32319,13790,44993
2017-08-23 02:00,47450,33996,13454,46196
2017-08-23 01:00,48480,36428,12052,47244
2017-08-23 00:00,48062,36779,11283,47018
2017-08-22 23:00,46551,36664,9887,45746
2017-08-22 22:00,44414,35855,8559,43950
2017-08-22 21:00,42178,34136,8042,41960
2017-08-22 20:00,40031,32883,7148,39966
2017-08-22 19:00,38401,30576,7825,38484
2017-08-22 18:00,36950,29494,7456,37103
2017-08-22 17:00,35720,30100,5620,35809
2017-08-22 16:00,34487,29303,5184,34694
2017-08-22 15:00,33242,27397,5845,33461
2017-08-22 14:00,31674,24981,6693,31825
2017-08-22 13:00,29462,22925,6537,29638
2017-08-22 12:00,27885,21924,5961,28259
2017-08-22 11:00,27501,21369,6132,27995
2017-08-22 10:00,27968,21425,6543,28544
2017-08-22 09:00,29012,21844,7168,29650
2017-08-22 08:00,30568,23075,7493,31389
2017-08-22 07:00,33027,24530,8497,33493
2017-08-22 06:00,36267,26586,9681,36775
2017-08-22 05:00,39900,28986,10914,40464
2017-08-22 04:00,42490,30237,12253,43062
2017-08-22 03:00,42799,30256,12543,43469
2017-08-22 02:00,43749,31191,12558,44679
2017-08-22 01:00,44589,33120,11469,45657
2017-08-22 00:00,44192,32999,11193,45382
2017-08-21 23:00,42822,31752,11070,44256
2017-08-21 22:00,41004,30357,10647,42675
2017-08-21 21:00,39194,29711,9483,40959
2017-08-21 20:00,37524,28451,9073,39187
2017-08-21 19:00,36555,27197,9358,38388
2017-08-21 18:00,37683,26174,11509,38574
2017-08-21 17:00,36336,25103,11233,36200
2017-08-21 16:00,34853,23663,11190,34443
2017-08-21 15:00,33600,20992,12608,33196
2017-08-21 14:00,31879,18848,13031,31447
2017-08-21 13:00,29422,18613,10809,29174
2017-08-21 12:00,27708,19220,8488,27622
2017-08-21 11:00,27078,19233,7845,27183
2017-08-21 10:00,27381,19885,7496,27589
2017-08-21 09:00,28257,20921,7336,28544
2017-08-21 08:00,29682,22523,7159,30082
2017-08-21 07:00,31925,24243,7682,32738
2017-08-21 06:00,34956,26545,8411,35770
2017-08-21 05:00,38145,28413,9732,38899
2017-08-21 04:00,40306,30083,10223,40854
2017-08-21 03:00,40402,30893,9509,41345
2017-08-21 02:00,41076,32152,8924,42213
2017-08-21 01:00,41277,34248,7029,42251
2017-08-21 00:00,40375,34539,5836,41263
2017-08-20 23:00,38638,33977,4661,39595
2017-08-20 22:00,36772,32871,3901,37538
2017-08-20 21:00,35045,31528,3517,35451
2017-08-20 20:00,33203,29699,3504,33536
2017-08-20 19:00,31708,28424,3284,31991
2017-08-20 18:00,30476,27433,3043,30570
2017-08-20 17:00,29606,26200,3406,29383
2017-08-20 16:00,28382,24700,3682,28357
2017-08-20 15:00,27248,21661,5587,27464
2017-08-20 14:00,26951,19491,7460,27241
2017-08-20 13:00,26840,19147,7693,27323
2017-08-20 12:00,26705,19202,7503,27156
2017-08-20 11:00,26993,19532,7461,27517
2017-08-20 10:00,27711,20249,7462,28325
2017-08-20 09:00,28860,21598,7262,29627
2017-08-20 08:00,30580,23105,7475,31139
2017-08-20 07:00,32931,25622,7309,33709
2017-08-20 06:00,35822,28005,7817,36723
2017-08-20 05:00,38732,30385,8347,39720
2017-08-20 04:00,40877,31971,8906,41684
2017-08-20 03:00,41428,33867,7561,42218
2017-08-20 02:00,42667,35891,6776,43518
2017-08-20 01:00,43286,37348,5938,44106
2017-08-20 00:00,42713,38030,4683,43536
2017-08-19 23:00,41419,37637,3782,42140
2017-08-19 22:00,39651,36090,3561,40423
2017-08-19 21:00,37794,34203,3591,38547
2017-08-19 20:00,36099,32807,3292,36729
2017-08-19 19:00,34652,31908,2744,34952
2017-08-19 18:00,33446,30837,2609,33415
2017-08-19 17:00,32145,29104,3041,32005
2017-08-19 16:00,30796,27828,2968,30649
2017-08-19 15:00,29461,25239,4222,29356
2017-08-19 14:00,28753,22969,5784,28769
2017-08-19 13:00,28313,20976,7337,28282
2017-08-19 12:00,27878,20107,7771,27878
2017-08-19 11:00,28107,20229,7878,28221
2017-08-19 10:00,28924,20670,8254,29035
2017-08-19 09:00,30248,21516,8732,30402
2017-08-19 08:00,32208,22838,9370,32233
2017-08-19 07:00,34874,24666,10208,34761
2017-08-19 06:00,38144,27612,10532,37863
2017-08-19 05:00,41574,30409,11165,41148
2017-08-19 04:00,44021,32692,11329,43520
2017-08-19 03:00,44723,33783,10940,44134
2017-08-19 02:00,46366,35583,10783,45761
2017-08-19 01:00,47588,37439,10149,47122
2017-08-19 00:00,47435,37499,9936,47037
2017-08-18 23:00,46036,36635,9401,45971
2017-08-18 22:00,44205,35562,8643,44214
2017-08-18 21:00,42250,33833,8417,42308
2017-08-18 20:00,40153,32041,8112,40352
2017-08-18 19:00,38672,31043,7629,38981
2017-08-18 18:00,37252,29893,7359,37610
2017-08-18 17:00,35902,28427,7475,36298
2017-08-18 16:00,34693,26718,7975,35152
2017-08-18 15:00,33426,24170,9256,33651
2017-08-18 14:00,31878,21632,10246,31987
2017-08-18 13:00,29916,20147,9769,29997
2017-08-18 12:00,28505,19484,9021,28660
2017-08-18 11:00,28311,19263,9048,28416
2017-08-18 10:00,28854,19708,9146,28987
2017-08-18 09:00,30123,20794,9329,30128
2017-08-18 08:00,31871,22087,9784,31736
2017-08-18 07:00,34363,24175,10188,33904
2017-08-18 06:00,37852,26718,11134,37324
2017-08-18 05:00,41624,29183,12441,40921
2017-08-18 04:00,44048,30770,13278,43208
2017-08-18 03:00,44420,31960,12460,43476
2017-08-18 02:00,45665,33420,12245,44753
2017-08-18 01:00,46555,34751,11804,45732
2017-08-18 00:00,46266,35012,11254,45478
2017-08-17 23:00,44903,33930,10973,44169
2017-08-17 22:00,43119,33000,10119,42519
2017-08-17 21:00,41164,31981,9183,40691
2017-08-17 20:00,39185,30883,8302,38895
2017-08-17 19:00,37711,30187,7524,37519
2017-08-17 18:00,36437,29548,6889,36253
2017-08-17 17:00,35302,28375,6927,35077
2017-08-17 16:00,34158,27142,7016,34172
2017-08-17 15:00,32969,24953,8016,32986
2017-08-17 14:00,31525,22311,9214,31421
2017-08-17 13:00,29577,20737,8840,29333
2017-08-17 12:00,28059,19975,8084,27883
2017-08-17 11:00,27709,19800,7909,27561
2017-08-17 10:00,28243,19946,8297,28052
2017-08-17 09:00,29249,20628,8621,29093
2017-08-17 08:00,30844,21455,9389,30630
2017-08-17 07:00,33316,23533,9783,32709
2017-08-17 06:00,36454,25576,10878,35923
2017-08-17 05:00,39934,28102,11832,39409
2017-08-17 04:00,42164,29956,12208,41541
2017-08-17 03:00,42223,30989,11234,41568
2017-08-17 02:00,42975,32602,10373,42652
2017-08-17 01:00,43429,34171,9258,43353
2017-08-17 00:00,42799,34718,8081,42934
2017-08-16 23:00,41697,34523,7174,41636
2017-08-16 22:00,40057,33819,6238,40007
2017-08-16 21:00,38401,32462,5939,38269
2017-08-16 20:00,36857,31252,5605,36637
2017-08-16 19:00,36090,30576,5514,35636
2017-08-16 18:00,35436,30001,5435,34695
2017-08-16 17:00,34852,29194,5658,33811
2017-08-16 16:00,33845,27604,6241,33047
2017-08-16 15:00,32834,25506,7328,32099
2017-08-16 14:00,31541,22957,8584,30716
2017-08-16 13:00,29610,21057,8553,28976
2017-08-16 12:00,28097,19780,8317,27576
2017-08-16 11:00,27732,19601,8131,27270
2017-08-16 10:00,28170,19717,8453,27756
2017-08-16 09:00,29046,21040,8006,28737
2017-08-16 08:00,30259,22079,8180,29872
2017-08-16 07:00,32203,24368,7835,32544
2017-08-16 06:00,35194,26855,8339,35697
2017-08-16 05:00,38327,29121,9206,39078
2017-08-16 04:00,40205,30800,9405,41161
2017-08-16 03:00,39955,32284,7671,41279
2017-08-16 02:00,40434,33769,6665,42196
2017-08-16 01:00,40699,36211,4488,42867
2017-08-16 00:00,40483,36672,3811,42546
2017-08-15 23:00,39582,37082,2500,41431
2017-08-15 22:00,38513,36918,1595,40097
2017-08-15 21:00,37507,35466,2041,38608
2017-08-15 20:00,36639,33707,2932,37185
2017-08-15 19:00,36304,32629,3675,36237
2017-08-15 18:00,35913,31494,4419,35452
2017-08-15 17:00,35113,29776,5337,34543
2017-08-15 16:00,34446,28117,6329,33750
2017-08-15 15:00,33450,25668,7782,32735
2017-08-15 14:00,31919,23333,8586,31210
2017-08-15 13:00,29893,21507,8386,29048
2017-08-15 12:00,28353,20188,8165,27699
2017-08-15 11:00,27885,20130,7755,27355
2017-08-15 10:00,28296,20151,8145,27930
2017-08-15 09:00,29211,21247,7964,28981
2017-08-15 08:00,30615,22125,8490,30528
2017-08-15 07:00,32708,24363,8345,33569
2017-08-15 06:00,35851,26883,8968,36779
2017-08-15 05:00,39346,29520,9826,40297
2017-08-15 04:00,41563,31253,10310,42733
2017-08-15 03:00,41869,32194,9675,43173
2017-08-15 02:00,43444,33923,9521,44759
2017-08-15 01:00,44243,35574,8669,45725
2017-08-15 00:00,44340,35590,8750,45564
2017-08-14 23:00,43708,34831,8877,44529
2017-08-14 22:00,42645,33288,9357,43096
2017-08-14 21:00,41130,31366,9764,41459
2017-08-14 20:00,39198,29237,9961,39767
2017-08-14 19:00,38010,28286,9724,38500
2017-08-14 18:00,37044,27312,9732,37240
2017-08-14 17:00,35992,25785,10207,36004
2017-08-14 16:00,34608,24040,10568,34854
2017-08-14 15:00,33496,21413,12083,33497
2017-08-14 14:00,31831,19259,12572,31929
2017-08-14 13:00,29819,19033,10786,29793
2017-08-14 12:00,28496,19158,9338,28317
2017-08-14 11:00,28023,19557,8466,27913
2017-08-14 10:00,28407,20093,8314,28376
2017-08-14 09:00,29434,21050,8384,29412
2017-08-14 08:00,30819,22853,7966,30824
2017-08-14 07:00,33110,25356,7754,34163
2017-08-14 06:00,36522,28152,8370,37633
2017-08-14 05:00,39966,30324,9642,41038
2017-08-14 04:00,42268,31974,10294,43308
2017-08-14 03:00,42903,33831,9072,43865
2017-08-14 02:00,44180,36038,8142,45348
2017-08-14 01:00,44353,37769,6584,45710
2017-08-14 00:00,43706,37841,5865,44779
2017-08-13 23:00,42381,36465,5916,43085
2017-08-13 22:00,40453,34954,5499,40968
2017-08-13 21:00,38169,33403,4766,38687
2017-08-13 20:00,35850,31291,4559,36399
2017-08-13 19:00,33785,29396,4389,34350
2017-08-13 18:00,31964,28057,3907,32376
2017-08-13 17:00,30423,27080,3343,30621
2017-08-13 16:00,29217,25482,3735,28972
2017-08-13 15:00,28275,22700,5575,27737
2017-08-13 14:00,27699,21160,6539,27749
2017-08-13 13:00,27735,21073,6662,28010
2017-08-13 12:00,27647,20852,6795,28008
2017-08-13 11:00,28036,21111,6925,28452
2017-08-13 10:00,28573,21894,6679,29409
2017-08-13 09:00,29951,23566,6385,30852
2017-08-13 08:00,31751,25402,6349,32637
2017-08-13 07:00,34200,27422,6778,35370
2017-08-13 06:00,37288,30486,6802,38471
2017-08-13 05:00,40587,33129,7458,41630
2017-08-13 04:00,42826,35980,6846,43741
2017-08-13 03:00,43900,37583,6317,44605
2017-08-13 02:00,45681,39804,5877,46337
2017-08-13 01:00,46364,41618,4746,47189
2017-08-13 00:00,45854,42138,3716,46717
2017-08-12 23:00,44936,41491,3445,45397
2017-08-12 22:00,43435,40251,3184,43542
2017-08-12 21:00,41537,38307,3230,41461
2017-08-12 20:00,39507,36157,3350,39332
2017-08-12 19:00,37454,34342,3112,37264
2017-08-12 18:00,35574,32178,3396,35259
2017-08-12 17:00,33932,30059,3873,33324
2017-08-12 16:00,32333,28408,3925,31630
2017-08-12 15:00,30779,26234,4545,30049
2017-08-12 14:00,29678,24112,5566,29231
2017-08-12 13:00,29348,22648,6700,29099
2017-08-12 12:00,29100,21868,7232,28892
2017-08-12 11:00,29463,21840,7623,29297
2017-08-12 10:00,30466,22379,8087,30249
2017-08-12 09:00,32003,23570,8433,31797
2017-08-12 08:00,34055,25164,8891,33802
2017-08-12 07:00,36766,27562,9204,36852
2017-08-12 06:00,40420,30932,9488,40461
2017-08-12 05:00,44198,34925,9273,44169
2017-08-12 04:00,46893,37359,9534,46681
2017-08-12 03:00,47939,39308,8631,48080
2017-08-12 02:00,50101,41688,8413,50126
2017-08-12 01:00,51423,43657,7766,51370
2017-08-12 00:00,51392,43946,7446,51144
2017-08-11 23:00,50336,42593,7743,49997
2017-08-11 22:00,48571,40691,7880,48110
2017-08-11 21:00,46276,38691,7585,45805
2017-08-11 20:00,44158,36618,7540,43376
2017-08-11 19:00,42131,35390,6741,41404
2017-08-11 18:00,40113,33607,6506,39424
2017-08-11 17:00,38293,31749,6544,37503
2017-08-11 16:00,36495,30276,6219,35827
2017-08-11 15:00,34760,27518,7242,34125
2017-08-11 14:00,33032,24670,8362,32344
2017-08-11 13:00,31098,22947,8151,30782
2017-08-11 12:00,29734,22360,7374,29606
2017-08-11 11:00,29587,22387,7200,29545
2017-08-11 10:00,30285,22654,7631,30287
2017-08-11 09:00,31586,23685,7901,31692
2017-08-11 08:00,33304,25419,7885,33529
2017-08-11 07:00,36143,28128,8015,36396
2017-08-11 06:00,39978,31403,8575,40292
2017-08-11 05:00,44021,35482,8539,44448
2017-08-11 04:00,46789,37857,8932,47117
2017-08-11 03:00,47737,39427,8310,48130
2017-08-11 02:00,49616,41792,7824,50025
2017-08-11 01:00,50830,43632,7198,51253
2017-08-11 00:00,50559,43739,6820,51159
2017-08-10 23:00,49239,42808,6431,49681
2017-08-10 22:00,47346,41522,5824,47816
2017-08-10 21:00,45067,40055,5012,45599
2017-08-10 20:00,42935,37525,5410,43300
2017-08-10 19:00,41472,35734,5738,41359
2017-08-10 18:00,39700,34239,5461,39467
2017-08-10 17:00,37916,32238,5678,37616
2017-08-10 16:00,36394,30638,5756,36153
2017-08-10 15:00,34228,28073,6155,34635
2017-08-10 14:00,32385,25733,6652,32855
2017-08-10 13:00,30983,24180,6803,30711
2017-08-10 12:00,29479,23101,6378,29343
2017-08-10 11:00,29303,22987,6316,29177
2017-08-10 10:00,30024,23539,6485,29876
2017-08-10 09:00,31313,24687,6626,31223
2017-08-10 08:00,33159,25922,7237,33134
2017-08-10 07:00,35654,27937,7717,36370
2017-08-10 06:00,39330,31399,7931,40186
2017-08-10 05:00,43362,35419,7943,44127
2017-08-10 04:00,46058,37726,8332,46709
2017-08-10 03:00,47062,39504,7558,47643
2017-08-10 02:00,49018,42309,6709,49580
2017-08-10 01:00,49931,43491,6440,50818
2017-08-10 00:00,49572,43430,6142,50671
2017-08-09 23:00,48345,42561,5784,49412
2017-08-09 22:00,46455,41038,5417,47521
2017-08-09 21:00,44863,39519,5344,45312
2017-08-09 20:00,42669,37662,5007,42943
2017-08-09 19:00,40868,35835,5033,41041
2017-08-09 18:00,39184,34096,5088,39209
2017-08-09 17:00,37304,32354,4950,37468
2017-08-09 16:00,35894,30755,5139,35897
2017-08-09 15:00,34322,28146,6176,34377
2017-08-09 14:00,32458,25738,6720,32539
2017-08-09 13:00,30779,24120,6659,30756
2017-08-09 12:00,29371,22959,6412,29422
2017-08-09 11:00,29193,22943,6250,29186
2017-08-09 10:00,29919,23221,6698,29873
2017-08-09 09:00,31254,24307,6947,31215
2017-08-09 08:00,33016,26091,6925,33044
2017-08-09 07:00,35900,28421,7479,36441
2017-08-09 06:00,39826,31124,8702,40307
2017-08-09 05:00,43969,35028,8941,44484
2017-08-09 04:00,46878,37357,9521,47161
2017-08-09 03:00,48127,38486,9641,48176
2017-08-09 02:00,50192,41384,8808,50024
2017-08-09 01:00,51270,42790,8480,51007
2017-08-09 00:00,50930,42631,8299,50859
2017-08-08 23:00,49612,41420,8192,49440
2017-08-08 22:00,47856,40510,7346,47503
2017-08-08 21:00,45991,38695,7296,45229
2017-08-08 20:00,43906,36623,7283,43019
2017-08-08 19:00,41872,34664,7208,41158
2017-08-08 18:00,39909,33197,6712,39317
2017-08-08 17:00,38245,31682,6563,37516
2017-08-08 16:00,36844,29806,7038,35972
2017-08-08 15:00,35173,27315,7858,34336
2017-08-08 14:00,33342,24724,8618,32534
2017-08-08 13:00,31279,23178,8101,30701
2017-08-08 12:00,29863,22367,7496,29368
2017-08-08 11:00,29322,22390,6932,29131
2017-08-08 10:00,29957,23136,6821,29805
2017-08-08 09:00,31276,23852,7424,31086
2017-08-08 08:00,33251,25101,8150,32908
2017-08-08 07:00,35977,26466,9511,36524
2017-08-08 06:00,39767,29294,10473,40334
2017-08-08 05:00,43654,32052,11602,44167
2017-08-08 04:00,46246,33616,12630,46507
2017-08-08 03:00,47371,34411,12960,47614
2017-08-08 02:00,49310,36373,12937,49478
2017-08-08 01:00,50120,37852,12268,50452
2017-08-08 00:00,49707,37657,12050,50286
2017-08-07 23:00,48376,36745,11631,49066
2017-08-07 22:00,46514,34919,11595,47291
2017-08-07 21:00,44409,32963,11446,45355
2017-08-07 20:00,42468,31110,11358,43147
2017-08-07 19:00,40776,29913,10863,41260
2017-08-07 18:00,39258,28857,10401,39403
2017-08-07 17:00,37764,27542,10222,37617
2017-08-07 16:00,36428,26243,10185,36070
2017-08-07 15:00,34833,23628,11205,34406
2017-08-07 14:00,32450,21865,10585,32642
2017-08-07 13:00,30927,21549,9378,30939
2017-08-07 12:00,29286,21829,7457,29582
2017-08-07 11:00,28792,22086,6706,29315
2017-08-07 10:00,29240,22695,6545,29922
2017-08-07 09:00,30381,24240,6141,31171
2017-08-07 08:00,32137,25992,6145,32733
2017-08-07 07:00,34359,26902,7457,34850
2017-08-07 06:00,37607,29265,8342,38287
2017-08-07 05:00,41044,31294,9750,41573
2017-08-07 04:00,43088,33024,10064,43565
2017-08-07 03:00,43807,34502,9305,44150
2017-08-07 02:00,45185,36841,8344,45629
2017-08-07 01:00,45257,38381,6876,46019
2017-08-07 00:00,44645,38608,6037,45217
2017-08-06 23:00,43003,37970,5033,43686
2017-08-06 22:00,40944,36563,4381,41738
2017-08-06 21:00,38855,34732,4123,39565
2017-08-06 20:00,36912,33497,3415,37350
2017-08-06 19:00,35073,32518,2555,35269
2017-08-06 18:00,33267,31242,2025,33233
2017-08-06 17:00,31586,29002,2584,31327
2017-08-06 16:00,30139,26906,3233,29756
2017-08-06 15:00,28852,24685,4167,28461
2017-08-06 14:00,28309,22963,5346,28317
2017-08-06 13:00,28531,22156,6375,28689
2017-08-06 12:00,28510,21961,6549,28706
2017-08-06 11:00,28973,22115,6858,29200
2017-08-06 10:00,29891,22811,7080,30171
2017-08-06 09:00,31312,24312,7000,31687
2017-08-06 08:00,33231,26197,7034,33785
2017-08-06 07:00,35693,29073,6620,36918
2017-08-06 06:00,38661,31860,6801,40123
2017-08-06 05:00,41824,34710,7114,43219
2017-08-06 04:00,43904,36605,7299,45271
2017-08-06 03:00,44855,37446,7409,46051
2017-08-06 02:00,46549,39416,7133,47849
2017-08-06 01:00,47233,41887,5346,48659
2017-08-06 00:00,46850,42688,4162,48433
2017-08-05 23:00,45737,43248,2489,47444
2017-08-05 22:00,44426,41883,2543,45841
2017-08-05 21:00,42580,40654,1926,44012
2017-08-05 20:00,40773,39341,1432,41902
2017-08-05 19:00,38816,38224,592,39778
2017-08-05 18:00,36853,36057,796,37594
2017-08-05 17:00,34847,34042,805,35453
2017-08-05 16:00,33262,32272,990,33543
2017-08-05 15:00,31746,29329,2417,31760
2017-08-05 14:00,30965,26965,4000,30904
2017-08-05 13:00,30725,25339,5386,30591
2017-08-05 12:00,30329,24681,5648,30595
2017-08-05 11:00,30725,24558,6167,31071
2017-08-05 10:00,31684,25206,6478,32323
2017-08-05 09:00,33186,26613,6573,34003
2017-08-05 08:00,35415,28454,6961,36462
2017-08-05 07:00,38093,31756,6337,38908
2017-08-05 06:00,41554,35002,6552,42475
2017-08-05 05:00,45163,39474,5689,46218
2017-08-05 04:00,47304,41753,5551,48544
2017-08-05 03:00,48213,42872,5341,49835
2017-08-05 02:00,50291,44509,5782,52445
2017-08-05 01:00,52024,46810,5214,54032
2017-08-05 00:00,52727,48474,4253,54384
2017-08-04 23:00,52666,48568,4098,53523
2017-08-04 22:00,51950,47779,4171,52182
2017-08-04 21:00,50711,46435,4276,50261
2017-08-04 20:00,48885,44292,4593,47792
2017-08-04 19:00,47081,41893,5188,45798
2017-08-04 18:00,45017,38955,6062,43524
2017-08-04 17:00,42526,36410,6116,41132
2017-08-04 16:00,40326,33551,6775,38999
2017-08-04 15:00,38038,31129,6909,36930
2017-08-04 14:00,35743,29146,6597,34858
2017-08-04 13:00,33970,27353,6617,33173
2017-08-04 12:00,32685,25981,6704,32016
2017-08-04 11:00,32571,25929,6642,31989
2017-08-04 10:00,33457,26525,6932,32949
2017-08-04 09:00,34885,28176,6709,34622
2017-08-04 08:00,37147,29990,7157,36917
2017-08-04 07:00,40148,33433,6715,39939
2017-08-04 06:00,44187,37713,6474,44288
2017-08-04 05:00,48203,42626,5577,48680
2017-08-04 04:00,50828,44392,6436,51363
2017-08-04 03:00,52019,44023,7996,52793
2017-08-04 02:00,54143,45573,8570,55092
2017-08-04 01:00,55699,46730,8969,56694
2017-08-04 00:00,56471,48086,8385,56998
2017-08-03 23:00,56366,49135,7231,55913
2017-08-03 22:00,55528,48328,7200,54410
2017-08-03 21:00,54033,46187,7846,52380
2017-08-03 20:00,51806,44148,7658,49901
2017-08-03 19:00,49436,41920,7516,47608
2017-08-03 18:00,46790,39305,7485,44991
2017-08-03 17:00,44115,36645,7470,42278
2017-08-03 16:00,41518,34414,7104,39761
2017-08-03 15:00,39031,31963,7068,37517
2017-08-03 14:00,36702,29846,6856,35362
2017-08-03 13:00,34752,27084,7668,33780
2017-08-03 12:00,33315,26173,7142,32464
2017-08-03 11:00,33125,25965,7160,32383
2017-08-03 10:00,33942,26528,7414,33373
2017-08-03 09:00,35588,27982,7606,35078
2017-08-03 08:00,37949,30174,7775,37238
2017-08-03 07:00,41245,32378,8867,39890
2017-08-03 06:00,45327,36602,8725,44248
2017-08-03 05:00,49636,42214,7422,48778
2017-08-03 04:00,52311,44710,7601,51509
2017-08-03 03:00,53169,44866,8303,53388
2017-08-03 02:00,54463,45728,8735,55546
2017-08-03 01:00,55688,47135,8553,56797
2017-08-03 00:00,56202,49339,6863,56822
2017-08-02 23:00,55831,48271,7560,55728
2017-08-02 22:00,54896,46662,8234,54104
2017-08-02 21:00,52881,43340,9541,51875
2017-08-02 20:00,50395,40434,9961,49229
2017-08-02 19:00,48144,38543,9601,46634
2017-08-02 18:00,45527,35850,9677,43813
2017-08-02 17:00,42841,33783,9058,41033
2017-08-02 16:00,40409,31406,9003,38778
2017-08-02 15:00,37965,29019,8946,36587
2017-08-02 14:00,35718,26709,9009,34498
2017-08-02 13:00,34036,24373,9663,32678
2017-08-02 12:00,32617,23396,9221,31301
2017-08-02 11:00,32488,23317,9171,31152
2017-08-02 10:00,33395,24097,9298,32041
2017-08-02 09:00,34996,25685,9311,33702
2017-08-02 08:00,37324,27007,10317,36053
2017-08-02 07:00,40516,29202,11314,40201
2017-08-02 06:00,44718,32726,11992,44685
2017-08-02 05:00,49046,36190,12856,49345
2017-08-02 04:00,51874,38634,13240,52277
2017-08-02 03:00,52608,40193,12415,53753
2017-08-02 02:00,53919,42945,10974,56337
2017-08-02 01:00,55171,44434,10737,57895
2017-08-02 00:00,55864,44423,11441,57719
2017-08-01 23:00,54156,43533,10623,55291
2017-08-01 22:00,52155,41652,10503,53043
2017-08-01 21:00,49072,39713,9359,50337
2017-08-01 20:00,45840,37408,8432,47375
2017-08-01 19:00,43295,35338,7957,44759
2017-08-01 18:00,41133,33122,8011,42129
2017-08-01 17:00,39090,31291,7799,39547
2017-08-01 16:00,37232,29840,7392,37338
2017-08-01 15:00,35107,27562,7545,35318
2017-08-01 14:00,33211,24916,8295,32974
2017-08-01 13:00,31605,23064,8541,31283
2017-08-01 12:00,30108,22431,7677,30105
2017-08-01 11:00,29765,22051,7714,30124
2017-08-01 10:00,30486,22277,8209,30937
2017-08-01 09:00,31888,23012,8876,32549
2017-08-01 08:00,33898,24252,9646,34408
2017-08-01 07:00,37126,26504,10622,38399
2017-08-01 06:00,41120,28895,12225,42736
2017-08-01 05:00,45430,32196,13234,47263
2017-08-01 04:00,48133,33634,14499,49708
2017-08-01 03:00,49606,34801,14805,51488
2017-08-01 02:00,51580,36532,15048,53197
2017-08-01 01:00,52184,37850,14334,54166
2017-08-01 00:00,51628,37558,14070,54059
2017-07-31 23:00,50201,36266,13935,52979
2017-07-31 22:00,48197,34361,13836,51209
2017-07-31 21:00,45855,32138,13717,49034
2017-07-31 20:00,43254,30510,12744,46426
2017-07-31 19:00,41619,29177,12442,44010
2017-07-31 18:00,39526,27643,11883,41564
2017-07-31 17:00,37604,26162,11442,39017
2017-07-31 16:00,36173,24651,11522,36817
2017-07-31 15:00,34191,22488,11703,34787
2017-07-31 14:00,32199,20099,12100,32489
2017-07-31 13:00,30665,19734,10931,30728
2017-07-31 12:00,29334,19775,9559,29531
2017-07-31 11:00,29035,20205,8830,29299
2017-07-31 10:00,29416,21300,8116,29926
2017-07-31 09:00,30706,22408,8298,31289
2017-07-31 08:00,32377,23633,8744,33410
2017-07-31 07:00,34983,25901,9082,35903
2017-07-31 06:00,38699,28626,10073,39538
2017-07-31 05:00,42310,31406,10904,43328
2017-07-31 04:00,44530,32636,11894,45405
2017-07-31 03:00,45709,33870,11839,46630
2017-07-31 02:00,47210,35950,11260,48055
2017-07-31 01:00,47338,37349,9989,48258
2017-07-31 00:00,46181,37749,8432,47320
2017-07-30 23:00,44273,36932,7341,45750
2017-07-30 22:00,42067,35629,6438,43662
2017-07-30 21:00,40046,33702,6344,41387
2017-07-30 20:00,37832,32120,5712,38946
2017-07-30 19:00,35616,30820,4796,36586
2017-07-30 18:00,33591,29274,4317,34181
2017-07-30 17:00,31796,27237,4559,32061
2017-07-30 16:00,30222,25789,4433,30274
2017-07-30 15:00,28987,23165,5822,28884
2017-07-30 14:00,28329,21047,7282,28226
2017-07-30 13:00,28312,20452,7860,28516
2017-07-30 12:00,27931,20128,7803,28587
2017-07-30 11:00,28301,20524,7777,29136
2017-07-30 10:00,29236,21393,7843,30157
2017-07-30 09:00,30624,22987,7637,31626
2017-07-30 08:00,32603,24249,8354,33438
2017-07-30 07:00,35155,26501,8654,36347
2017-07-30 06:00,38183,29828,8355,39611
2017-07-30 05:00,41232,32803,8429,42834
2017-07-30 04:00,43306,34584,8722,44676
2017-07-30 03:00,44640,36027,8613,45926
2017-07-30 02:00,46414,38759,7655,47416
2017-07-30 01:00,47170,40608,6562,47850
2017-07-30 00:00,46806,41227,5579,47349
2017-07-29 23:00,45639,40828,4811,45931
2017-07-29 22:00,44126,40116,4010,44034
2017-07-29 21:00,42404,38707,3697,41979
2017-07-29 20:00,40134,36398,3736,39816
2017-07-29 19:00,38128,34908,3220,37730
2017-07-29 18:00,36147,33217,2930,35634
2017-07-29 17:00,34208,31372,2836,33596
2017-07-29 16:00,32543,29560,2983,31859
2017-07-29 15:00,30955,26770,4185,30328
2017-07-29 14:00,29586,24167,5419,29441
2017-07-29 13:00,29454,23081,6373,29352
2017-07-29 12:00,29247,22052,7195,29140
2017-07-29 11:00,29569,22098,7471,29548
2017-07-29 10:00,30509,22781,7728,30578
2017-07-29 09:00,31986,24266,7720,32147
2017-07-29 08:00,33812,25882,7930,34302
2017-07-29 07:00,36626,28437,8189,37738
2017-07-29 06:00,39935,31624,8311,41354
2017-07-29 05:00,43576,35472,8104,45344
2017-07-29 04:00,46084,37669,8415,47661
2017-07-29 03:00,47808,39543,8265,49371
2017-07-29 02:00,49874,41670,8204,51355
2017-07-29 01:00,51018,43276,7742,52274
2017-07-29 00:00,51143,44568,6575,52018
2017-07-28 23:00,50418,42397,8021,50687
2017-07-28 22:00,49009,40968,8041,48924
2017-07-28 21:00,47376,38901,8475,46756
2017-07-28 20:00,45226,36620,8606,44541
2017-07-28 19:00,43384,34509,8875,42377
2017-07-28 18:00,41341,32362,8979,40314
2017-07-28 17:00,39259,30399,8860,38232
2017-07-28 16:00,37397,28116,9281,36385
2017-07-28 15:00,35433,25557,9876,34640
2017-07-28 14:00,33322,23089,10233,32754
2017-07-28 13:00,31877,21858,10019,31238
2017-07-28 12:00,30652,21148,9504,30218
2017-07-28 11:00,30594,21084,9510,30158
2017-07-28 10:00,31463,21633,9830,30926
2017-07-28 09:00,32956,22837,10119,32373
2017-07-28 08:00,34983,24400,10583,34495
2017-07-28 07:00,38148,27287,10861,38371
2017-07-28 06:00,42296,30636,11660,42509
2017-07-28 05:00,46601,34445,12156,46642
2017-07-28 04:00,49304,35972,13332,48997
2017-07-28 03:00,50948,37574,13374,50428
2017-07-28 02:00,52886,39521,13365,52410
2017-07-28 01:00,53767,41013,12754,53524
2017-07-28 00:00,53416,41222,12194,53288
2017-07-27 23:00,52373,40115,12258,51879
2017-07-27 22:00,50544,38978,11566,49990
2017-07-27 21:00,48422,37473,10949,47663
2017-07-27 20:00,45865,35585,10280,45085
2017-07-27 19:00,43633,34114,9519,42945
2017-07-27 18:00,41360,32858,8502,40808
2017-07-27 17:00,39267,31105,8162,38684
2017-07-27 16:00,37352,29360,7992,36855
2017-07-27 15:00,35180,26440,8740,34968
2017-07-27 14:00,33247,23675,9572,32925
2017-07-27 13:00,31769,22182,9587,31365
2017-07-27 12:00,30503,21703,8800,30193
2017-07-27 11:00,30312,21673,8639,30102
2017-07-27 10:00,31047,22057,8990,30901
2017-07-27 09:00,32347,23037,9310,32332
2017-07-27 08:00,34188,24193,9995,34225
2017-07-27 07:00,37063,27340,9723,37258
2017-07-27 06:00,40967,30452,10515,41079
2017-07-27 05:00,45004,33144,11860,45031
2017-07-27 04:00,47382,34505,12877,47119
2017-07-27 03:00,48930,35537,13393,48270
2017-07-27 02:00,50721,37766,12955,49893
2017-07-27 01:00,51398,39450,11948,50949
2017-07-27 00:00,51110,39672,11438,50636
2017-07-26 23:00,49723,38009,11714,49405
2017-07-26 22:00,47786,36925,10861,47620
2017-07-26 21:00,46060,35762,10298,45544
2017-07-26 20:00,43947,33927,10020,43259
2017-07-26 19:00,42009,33017,8992,41420
2017-07-26 18:00,40132,31589,8543,39476
2017-07-26 17:00,38309,30079,8230,37607
2017-07-26 16:00,36887,27824,9063,36121
2017-07-26 15:00,34992,25886,9106,34446
2017-07-26 14:00,33187,23982,9205,32442
2017-07-26 13:00,31607,22467,9140,30983
2017-07-26 12:00,30115,21909,8206,29790
2017-07-26 11:00,29839,21603,8236,29604
2017-07-26 10:00,30508,21737,8771,30340
2017-07-26 09:00,31584,22585,8999,31690
2017-07-26 08:00,33437,23867,9570,33505
2017-07-26 07:00,36050,26653,9397,36417
2017-07-26 06:00,39688,29106,10582,40136
2017-07-26 05:00,43464,31547,11917,43988
2017-07-26 04:00,45554,32613,12941,45946
2017-07-26 03:00,46604,33807,12797,47113
2017-07-26 02:00,48219,35773,12446,48701
2017-07-26 01:00,48938,37212,11726,49448
2017-07-26 00:00,48455,37337,11118,49094
2017-07-25 23:00,46406,36342,10064,47119
2017-07-25 22:00,44807,35894,8913,45628
2017-07-25 21:00,42692,35227,7465,43797
2017-07-25 20:00,40891,34710,6181,41773
2017-07-25 19:00,40000,32991,7009,40242
2017-07-25 18:00,38822,32195,6627,38621
2017-07-25 17:00,37305,30601,6704,36993
2017-07-25 16:00,35728,29025,6703,35522
2017-07-25 15:00,34343,26921,7422,33873
2017-07-25 14:00,32563,24309,8254,32006
2017-07-25 13:00,30987,22530,8457,30486
2017-07-25 12:00,29531,21563,7968,29230
2017-07-25 11:00,29160,21328,7832,29090
2017-07-25 10:00,29524,21677,7847,29824
2017-07-25 09:00,30561,22663,7898,31184
2017-07-25 08:00,32416,24149,8267,32886
2017-07-25 07:00,35593,26660,8933,37480
2017-07-25 06:00,39071,29484,9587,41480
2017-07-25 05:00,42581,32540,10041,45588
2017-07-25 04:00,44465,33963,10502,47544
2017-07-25 03:00,44938,35524,9414,48905
2017-07-25 02:00,46035,37799,8236,50656
2017-07-25 01:00,46450,39126,7324,51723
2017-07-25 00:00,46173,39238,6935,51523
2017-07-24 23:00,45471,38373,7098,50523
2017-07-24 22:00,44498,36920,7578,49060
2017-07-24 21:00,43403,34547,8856,47068
2017-07-24 20:00,42513,31799,10714,44836
2017-07-24 19:00,41393,30366,11027,42831
2017-07-24 18:00,39958,28547,11411,40766
2017-07-24 17:00,38150,26697,11453,38794
2017-07-24 16:00,36745,24953,11792,37060
2017-07-24 15:00,35098,22104,12994,35098
2017-07-24 14:00,32901,19545,13356,32920
2017-07-24 13:00,31073,20092,10981,31344
2017-07-24 12:00,29704,20425,9279,30002
2017-07-24 11:00,29287,20811,8476,29904
2017-07-24 10:00,29914,21671,8243,30723
2017-07-24 09:00,31196,23379,7817,32110
2017-07-24 08:00,33174,25416,7758,34108
2017-07-24 07:00,36077,28037,8040,36790
2017-07-24 06:00,39790,30337,9453,40650
2017-07-24 05:00,43671,32735,10936,44346
2017-07-24 04:00,46033,34605,11428,46232
2017-07-24 03:00,47487,36227,11260,47433
2017-07-24 02:00,49192,38466,10726,49466
2017-07-24 01:00,49655,39260,10395,49691
2017-07-24 00:00,48945,39438,9507,48684
2017-07-23 23:00,47618,38362,9256,47011
2017-07-23 22:00,45551,36487,9064,44860
2017-07-23 21:00,43048,34097,8951,42512
2017-07-23 20:00,40393,32019,8374,39970
2017-07-23 19:00,37853,30650,7203,37177
2017-07-23 18:00,35494,29452,6042,34637
2017-07-23 17:00,33063,27731,5332,32393
2017-07-23 16:00,31091,25826,5265,30598
2017-07-23 15:00,29602,23235,6367,29259
2017-07-23 14:00,28574,20789,7785,28615
2017-07-23 13:00,28764,20815,7949,29051
2017-07-23 12:00,28805,20357,8448,29194
2017-07-23 11:00,29406,20711,8695,29677
2017-07-23 10:00,30460,21670,8790,30701
2017-07-23 09:00,32112,22858,9254,32195
2017-07-23 08:00,34187,24845,9342,34320
2017-07-23 07:00,37302,27142,10160,37599
2017-07-23 06:00,40774,30408,10366,41018
2017-07-23 05:00,44273,32537,11736,44270
2017-07-23 04:00,46470,34117,12353,46117
2017-07-23 03:00,47835,35816,12019,47438
2017-07-23 02:00,49340,38736,10604,49211
2017-07-23 01:00,49630,40559,9071,49697
2017-07-23 00:00,48788,40478,8310,49069
2017-07-22 23:00,47160,39681,7479,47539
2017-07-22 22:00,44950,38158,6792,45459
2017-07-22 21:00,42593,36477,6116,43156
2017-07-22 20:00,40281,34568,5713,40896
2017-07-22 19:00,38474,33260,5214,38405
2017-07-22 18:00,36319,31737,4582,36177
2017-07-22 17:00,34120,30492,3628,33910
2017-07-22 16:00,32385,28844,3541,31879
2017-07-22 15:00,30813,26063,4750,30197
2017-07-22 14:00,29506,23429,6077,29316
2017-07-22 13:00,29394,22270,7124,29326
2017-07-22 12:00,29067,21543,7524,29172
2017-07-22 11:00,29507,21387,8120,29527
2017-07-22 10:00,30486,21898,8588,30509
2017-07-22 09:00,31931,23082,8849,32032
2017-07-22 08:00,33756,24673,9083,34066
2017-07-22 07:00,36640,26291,10349,36833
2017-07-22 06:00,40158,29416,10742,40302
2017-07-22 05:00,43775,32945,10830,43816
2017-07-22 04:00,45970,34226,11744,45610
2017-07-22 03:00,47694,35658,12036,46932
2017-07-22 02:00,49527,38130,11397,48804
2017-07-22 01:00,50265,39878,10387,49719
2017-07-22 00:00,49771,40152,9619,49330
2017-07-21 23:00,48373,39351,9022,48078
2017-07-21 22:00,46483,37808,8675,46186
2017-07-21 21:00,44301,35579,8722,44200
2017-07-21 20:00,42328,33365,8963,42134
2017-07-21 19:00,40997,31873,9124,40441
2017-07-21 18:00,39300,30647,8653,38673
2017-07-21 17:00,37507,29232,8275,37016
2017-07-21 16:00,36087,27060,9027,35599
2017-07-21 15:00,34372,25171,9201,33968
2017-07-21 14:00,32353,22807,9546,32126
2017-07-21 13:00,30975,21498,9477,30869
2017-07-21 12:00,29741,20834,8907,29872
2017-07-21 11:00,29541,20652,8889,29796
2017-07-21 10:00,30283,21321,8962,30532
2017-07-21 09:00,31701,22787,8914,31919
2017-07-21 08:00,33398,24358,9040,33823
2017-07-21 07:00,36322,26741,9581,36692
2017-07-21 06:00,40216,29952,10264,40567
2017-07-21 05:00,44148,32628,11520,44486
2017-07-21 04:00,46499,34352,12147,46483
2017-07-21 03:00,48174,36088,12086,47662
2017-07-21 02:00,49984,37977,12007,49295
2017-07-21 01:00,50823,39228,11595,49884
2017-07-21 00:00,50431,39509,10922,49539
2017-07-20 23:00,49283,38892,10391,48427
2017-07-20 22:00,47542,37322,10220,46992
2017-07-20 21:00,45468,35247,10221,45060
2017-07-20 20:00,43198,32564,10634,42944
2017-07-20 19:00,41569,31392,10177,41081
2017-07-20 18:00,39915,30326,9589,39331
2017-07-20 17:00,38096,28993,9103,37593
2017-07-20 16:00,36139,27539,8600,36051
2017-07-20 15:00,34444,25370,9074,34181
2017-07-20 14:00,32847,22851,9996,32201
2017-07-20 13:00,31542,21623,9919,30742
2017-07-20 12:00,30256,20635,9621,29506
2017-07-20 11:00,30087,20899,9188,29416
2017-07-20 10:00,30816,21467,9349,30190
2017-07-20 09:00,32370,22529,9841,31568
2017-07-20 08:00,34103,23885,10218,33526
2017-07-20 07:00,36808,26456,10352,36904
2017-07-20 06:00,40707,29568,11139,40700
2017-07-20 05:00,44748,32696,12052,44590
2017-07-20 04:00,46874,34288,12586,46575
2017-07-20 03:00,48160,35977,12183,47906
2017-07-20 02:00,49945,38480,11465,49536
2017-07-20 01:00,50803,40008,10795,50512
2017-07-20 00:00,50595,40086,10509,50235
2017-07-19 23:00,49255,39636,9619,49085
2017-07-19 22:00,47344,38277,9067,47376
2017-07-19 21:00,45357,37089,8268,45416
2017-07-19 20:00,43194,35519,7675,43269
2017-07-19 19:00,41682,33521,8161,41493
2017-07-19 18:00,40197,31926,8271,39489
2017-07-19 17:00,38422,30141,8281,37623
2017-07-19 16:00,36804,28544,8260,36031
2017-07-19 15:00,34986,26074,8912,34210
2017-07-19 14:00,32833,23211,9622,32191
2017-07-19 13:00,31371,22077,9294,30780
2017-07-19 12:00,29906,21460,8446,29623
2017-07-19 11:00,29709,21667,8042,29457
2017-07-19 10:00,30637,22409,8228,30190
2017-07-19 09:00,31949,23704,8245,31545
2017-07-19 08:00,33709,25536,8173,33589
2017-07-19 07:00,36429,27753,8676,36721
2017-07-19 06:00,40294,31573,8721,40518
2017-07-19 05:00,44189,35108,9081,44456
2017-07-19 04:00,46292,37649,8643,46242
2017-07-19 03:00,47506,39525,7981,47483
2017-07-19 02:00,49196,41872,7324,49087
2017-07-19 01:00,49846,43198,6648,50101
2017-07-19 00:00,49560,43144,6416,50024
2017-07-18 23:00,48543,42418,6125,48904
2017-07-18 22:00,47167,41133,6034,47216
2017-07-18 21:00,45598,39357,6241,45275
2017-07-18 20:00,43682,37387,6295,43266
2017-07-18 19:00,41977,35645,6332,41604
2017-07-18 18:00,40467,33640,6827,39822
2017-07-18 17:00,38884,31680,7204,38016
2017-07-18 16:00,37037,29395,7642,36348
2017-07-18 15:00,35194,26429,8765,34593
2017-07-18 14:00,33234,23723,9511,32528
2017-07-18 13:00,31727,22403,9324,31136
2017-07-18 12:00,30580,21656,8924,30071
2017-07-18 11:00,30766,21495,9271,29964
2017-07-18 10:00,31583,22202,9381,30755
2017-07-18 09:00,33040,23093,9947,32217
2017-07-18 08:00,34811,24817,9994,34399
2017-07-18 07:00,37901,27472,10429,37751
2017-07-18 06:00,42068,31111,10957,41725
2017-07-18 05:00,46474,34568,11906,45951
2017-07-18 04:00,49094,36002,13092,48183
2017-07-18 03:00,50927,37347,13580,49943
2017-07-18 02:00,52977,39386,13591,51873
2017-07-18 01:00,53963,40670,13293,53119
2017-07-18 00:00,53828,41098,12730,53107
2017-07-17 23:00,52858,39811,13047,52019
2017-07-17 22:00,51262,37591,13671,50253
2017-07-17 21:00,49356,35665,13691,48225
2017-07-17 20:00,47122,33374,13748,45781
2017-07-17 19:00,45208,31266,13942,43716
2017-07-17 18:00,43080,29332,13748,41456
2017-07-17 17:00,40620,26741,13879,39150
2017-07-17 16:00,38538,24072,14466,37050
2017-07-17 15:00,36248,21988,14260,35077
2017-07-17 14:00,33835,20146,13689,32809
2017-07-17 13:00,32217,20107,12110,31377
2017-07-17 12:00,30892,20605,10287,30211
2017-07-17 11:00,30693,21181,9512,30097
2017-07-17 10:00,31405,22157,9248,30913
2017-07-17 09:00,32463,23479,8984,32394
2017-07-17 08:00,34607,25371,9236,34679
2017-07-17 07:00,37524,27661,9863,38218
2017-07-17 06:00,41457,30914,10543,42232
2017-07-17 05:00,45468,33975,11493,46164
2017-07-17 04:00,47464,35304,12160,48139
2017-07-17 03:00,48828,36507,12321,49618
2017-07-17 02:00,50283,38797,11486,51486
2017-07-17 01:00,50422,40645,9777,51971
2017-07-17 00:00,49654,40795,8859,51173
2017-07-16 23:00,48140,35313,12827,49523
2017-07-16 22:00,46383,33947,12436,47412
2017-07-16 21:00,44409,32325,12084,44928
2017-07-16 20:00,42493,30003,12490,42172
2017-07-16 19:00,40104,28314,11790,39302
2017-07-16 18:00,37302,26700,10602,36575
2017-07-16 17:00,34479,24943,9536,33832
2017-07-16 16:00,32067,22834,9233,31660
2017-07-16 15:00,30256,20589,9667,29840
2017-07-16 14:00,29313,18630,10683,28934
2017-07-16 13:00,29703,17970,11733,29332
2017-07-16 12:00,29929,17897,12032,29538
2017-07-16 11:00,30497,18254,12243,30146
2017-07-16 10:00,31405,19031,12374,31292
2017-07-16 09:00,32913,20598,12315,33022
2017-07-16 08:00,35001,22001,13000,35526
2017-07-16 07:00,37803,24555,13248,38075
2017-07-16 06:00,41102,27482,13620,41855
2017-07-16 05:00,44532,30625,13907,45464
2017-07-16 04:00,46258,31814,14444,47462
2017-07-16 03:00,47480,33231,14249,49066
2017-07-16 02:00,49027,35227,13800,50885
2017-07-16 01:00,49461,37117,12344,51652
2017-07-16 00:00,49237,37427,11810,51143
2017-07-15 23:00,43225,36559,6666,44975
2017-07-15 22:00,41664,35166,6498,43301
2017-07-15 21:00,39766,33111,6655,41173
2017-07-15 20:00,37940,31207,6733,38879
2017-07-15 19:00,35985,29965,6020,36499
2017-07-15 18:00,33812,28832,4980,34105
2017-07-15 17:00,31703,26971,4732,31673
2017-07-15 16:00,29924,25375,4549,29553
2017-07-15 15:00,28323,23052,5271,28098
2017-07-15 14:00,27315,20561,6754,26928
2017-07-15 13:00,26847,19388,7459,27000
2017-07-15 12:00,26678,18705,7973,26914
2017-07-15 11:00,26959,18602,8357,27338
2017-07-15 10:00,27913,19444,8469,28352
2017-07-15 09:00,29223,20420,8803,29952
2017-07-15 08:00,31032,22254,8778,32108
2017-07-15 07:00,33749,24924,8825,33884
2017-07-15 06:00,36911,27911,9000,37336
2017-07-15 05:00,40312,31993,8319,40672
2017-07-15 04:00,42317,33877,8440,42554
2017-07-15 03:00,43868,35446,8422,43939
2017-07-15 02:00,45488,38446,7042,45766
2017-07-15 01:00,46056,39824,6232,46648
2017-07-15 00:00,45730,39169,6561,46463
2017-07-14 23:00,44463,37727,6736,45416
2017-07-14 22:00,42903,36104,6799,43685
2017-07-14 21:00,40982,33905,7077,41716
2017-07-14 20:00,39443,31808,7635,39498
2017-07-14 19:00,37939,30274,7665,37808
2017-07-14 18:00,36240,28495,7745,35887
2017-07-14 17:00,34519,25454,9065,34053
2017-07-14 16:00,33044,25427,7617,32492
2017-07-14 15:00,31304,23401,7903,30903
2017-07-14 14:00,29641,20905,8736,29207
2017-07-14 13:00,28393,19509,8884,28095
2017-07-14 12:00,27344,18591,8753,27236
2017-07-14 11:00,27212,18541,8671,27143
2017-07-14 10:00,27840,19137,8703,27837
2017-07-14 09:00,28898,20583,8315,29110
2017-07-14 08:00,30662,21901,8761,30992
2017-07-14 07:00,33308,24650,8658,33426
2017-07-14 06:00,36692,27340,9352,36770
2017-07-14 05:00,40426,30700,9726,40286
2017-07-14 04:00,42455,32548,9907,42040
2017-07-14 03:00,43929,34698,9231,43439
2017-07-14 02:00,45486,36995,8491,44970
2017-07-14 01:00,46113,37835,8278,45781
2017-07-14 00:00,45945,38180,7765,45438
2017-07-13 23:00,44908,37598,7310,44297
2017-07-13 22:00,43175,35147,8028,42798
2017-07-13 21:00,41392,33460,7932,40923
2017-07-13 20:00,39311,31707,7604,38945
2017-07-13 19:00,37923,30360,7563,37477
2017-07-13 18:00,36629,28997,7632,35846
2017-07-13 17:00,34342,27449,6893,34269
2017-07-13 16:00,32991,25976,7015,32847
2017-07-13 15:00,31597,23651,7946,31236
2017-07-13 14:00,29927,20966,8961,29472
2017-07-13 13:00,28605,19320,9285,28248
2017-07-13 12:00,27438,18753,8685,27270
2017-07-13 11:00,27323,18749,8574,27139
2017-07-13 10:00,27990,19504,8486,27818
2017-07-13 09:00,29190,20451,8739,29060
2017-07-13 08:00,30723,21804,8919,30946
2017-07-13 07:00,33299,24029,9270,33276
2017-07-13 06:00,37019,26954,10065,36633
2017-07-13 05:00,40737,30239,10498,39999
2017-07-13 04:00,42952,32283,10669,41691
2017-07-13 03:00,44373,34622,9751,42947
2017-07-13 02:00,45848,36624,9224,44416
2017-07-13 01:00,46268,37647,8621,45088
2017-07-13 00:00,45844,37830,8014,44752
2017-07-12 23:00,44691,37104,7587,43586
2017-07-12 22:00,42979,35485,7494,42191
2017-07-12 21:00,41485,34214,7271,40448
2017-07-12 20:00,39747,32716,7031,38536
2017-07-12 19:00,38123,31037,7086,37008
2017-07-12 18:00,36570,29376,7194,35479
2017-07-12 17:00,34900,27756,7144,33965
2017-07-12 16:00,33393,25980,7413,32649
2017-07-12 15:00,31901,23988,7913,31201
2017-07-12 14:00,29860,21618,8242,29506
2017-07-12 13:00,28328,20191,8137,28316
2017-07-12 12:00,27195,19429,7766,27354
2017-07-12 11:00,27107,19374,7733,27214
2017-07-12 10:00,27665,19953,7712,27881
2017-07-12 09:00,28850,21116,7734,29090
2017-07-12 08:00,30769,22595,8174,30893
2017-07-12 07:00,33542,29000,4542,33515
2017-07-12 06:00,36981,32920,4061,37056
2017-07-12 05:00,40757,37480,3277,40725
2017-07-12 04:00,42864,40120,2744,42529
2017-07-12 03:00,44634,41961,2673,43825
2017-07-12 02:00,46316,44265,2051,45469
2017-07-12 01:00,46972,45621,1351,46229
2017-07-12 00:00,46636,45224,1412,46054
2017-07-11 23:00,45616,44029,1587,44941
2017-07-11 22:00,44067,41354,2713,43406
2017-07-11 21:00,42784,41306,1478,41608
2017-07-11 20:00,40949,38741,2208,39617
2017-07-11 19:00,39360,36249,3111,38004
2017-07-11 18:00,37633,33777,3856,36341
2017-07-11 17:00,35838,31390,4448,34633
2017-07-11 16:00,34076,29033,5043,33177
2017-07-11 15:00,32621,26610,6011,31602
2017-07-11 14:00,30738,23934,6804,29838
2017-07-11 13:00,29252,22885,6367,28651
2017-07-11 12:00,28276,22143,6133,27663
2017-07-11 11:00,28188,22020,6168,27562
2017-07-11 10:00,28943,22594,6349,28264
2017-07-11 09:00,30168,23843,6325,29516
2017-07-11 08:00,31971,25913,6058,31459
2017-07-11 07:00,38755,28505,10250,39061
2017-07-11 06:00,43023,31728,11295,43163
2017-07-11 05:00,47387,35996,11391,47537
2017-07-11 04:00,49868,38199,11669,49790
2017-07-11 03:00,51875,39699,12176,51510
2017-07-11 02:00,53829,41518,12311,53745
2017-07-11 01:00,54746,42528,12218,54848
2017-07-11 00:00,54542,42508,12034,54571
2017-07-10 23:00,53526,41271,12255,53444
2017-07-10 22:00,51910,39394,12516,51556
2017-07-10 21:00,50508,37577,12931,49319
2017-07-10 20:00,48387,34937,13450,46861
2017-07-10 19:00,45977,32286,13691,44809
2017-07-10 18:00,43717,29349,14368,42540
2017-07-10 17:00,41179,26840,14339,40154
2017-07-10 16:00,38798,24521,14277,37932
2017-07-10 15:00,36339,22306,14033,35598
2017-07-10 14:00,33901,20907,12994,33276
2017-07-10 13:00,32205,21023,11182,31942
2017-07-10 12:00,30912,21319,9593,30812
2017-07-10 11:00,30750,21728,9022,30639
2017-07-10 10:00,31491,23377,8114,31440
2017-07-10 09:00,32973,25039,7934,32925
2017-07-10 08:00,34998,27102,7896,35315
2017-07-10 07:00,38402,29779,8623,37674
2017-07-10 06:00,42579,33867,8712,41511
2017-07-10 05:00,46428,36857,9571,45204
2017-07-10 04:00,48289,39309,8980,46916
2017-07-10 03:00,49401,41282,8119,48535
2017-07-10 02:00,50974,43985,6989,50436
2017-07-10 01:00,51333,45918,5415,50963
2017-07-10 00:00,51197,46810,4387,50198
2017-07-09 23:00,49975,46677,3298,48832
2017-07-09 22:00,48168,45017,3151,46619
2017-07-09 21:00,46058,42812,3246,44235
2017-07-09 20:00,43723,40284,3439,41619
2017-07-09 19:00,41114,37424,3690,38869
2017-07-09 18:00,37973,34367,3606,36068
2017-07-09 17:00,35087,31181,3906,33417
2017-07-09 16:00,32933,28062,4871,31167
2017-07-09 15:00,30798,25309,5489,29572
2017-07-09 14:00,29891,22746,7145,28832
2017-07-09 13:00,30296,22105,8191,29432
2017-07-09 12:00,30530,22177,8353,29710
2017-07-09 11:00,31331,22846,8485,30343
2017-07-09 10:00,32494,24018,8476,31552
2017-07-09 09:00,34104,26030,8074,33201
2017-07-09 08:00,36475,29024,7451,35342
2017-07-09 07:00,39635,31907,7728,39503
2017-07-09 06:00,43298,35789,7509,43264
2017-07-09 05:00,46786,41180,5606,46814
2017-07-09 04:00,48725,44710,4015,48799
2017-07-09 03:00,50626,46227,4399,50764
2017-07-09 02:00,52770,48394,4376,52995
2017-07-09 01:00,53852,49806,4046,53794
2017-07-09 00:00,54258,50204,4054,53696
2017-07-08 23:00,54111,49199,4912,52591
2017-07-08 22:00,52754,46502,6252,50923
2017-07-08 21:00,50841,44249,6592,48499
2017-07-08 20:00,48572,42013,6559,46013
2017-07-08 19:00,45913,39104,6809,43164
2017-07-08 18:00,42829,36281,6548,39998
2017-07-08 17:00,39275,33017,6258,36885
2017-07-08 16:00,36291,29980,6311,34213
2017-07-08 15:00,33803,27123,6680,31985
2017-07-08 14:00,32003,24469,7534,30783
2017-07-08 13:00,31616,22729,8887,30746
2017-07-08 12:00,31464,22342,9122,30776
2017-07-08 11:00,32288,22540,9748,31502
2017-07-08 10:00,33825,22964,10861,32812
2017-07-08 09:00,35936,24398,11538,34832
2017-07-08 08:00,38457,25706,12751,37349
2017-07-08 07:00,42212,29456,12756,41342
2017-07-08 06:00,46384,33780,12604,45542
2017-07-08 05:00,50623,37780,12843,49845
2017-07-08 04:00,52977,40661,12316,52360
2017-07-08 03:00,54816,42462,12354,54556
2017-07-08 02:00,56542,44982,11560,57259
2017-07-08 01:00,57569,46027,11542,58418
2017-07-08 00:00,57482,46213,11269,58216
2017-07-07 23:00,56635,45237,11398,56840
2017-07-07 22:00,54867,43762,11105,54726
2017-07-07 21:00,52516,41700,10816,52030
2017-07-07 20:00,50103,39264,10839,48977
2017-07-07 19:00,47465,36454,11011,46106
2017-07-07 18:00,44198,34112,10086,43095
2017-07-07 17:00,41021,31568,9453,40151
2017-07-07 16:00,38103,29371,8732,37659
2017-07-07 15:00,35584,26746,8838,35285
2017-07-07 14:00,33229,24150,9079,33028
2017-07-07 13:00,31682,21835,9847,31563
2017-07-07 12:00,30779,21349,9430,30685
2017-07-07 11:00,30755,21217,9538,30732
2017-07-07 10:00,31408,21536,9872,31654
2017-07-07 09:00,32941,22819,10122,33293
2017-07-07 08:00,34893,24716,10177,35561
2017-07-07 07:00,38247,27301,10946,38443
2017-07-07 06:00,42439,30730,11709,42653
2017-07-07 05:00,46782,34956,11826,46813
2017-07-07 04:00,49345,36778,12567,48922
2017-07-07 03:00,51037,39003,12034,50726
2017-07-07 02:00,52517,41276,11241,52750
2017-07-07 01:00,53187,42041,11146,53669
2017-07-07 00:00,52883,41729,11154,53408
2017-07-06 23:00,51659,40368,11291,51910
2017-07-06 22:00,49660,39069,10591,49838
2017-07-06 21:00,47278,37562,9716,47437
2017-07-06 20:00,44534,35527,9007,44701
2017-07-06 19:00,42113,33739,8374,42525
2017-07-06 18:00,39746,31701,8045,40222
2017-07-06 17:00,37473,30151,7322,38013
2017-07-06 16:00,35631,28134,7497,36120
2017-07-06 15:00,33530,25854,7676,34173
2017-07-06 14:00,31387,23227,8160,32012
2017-07-06 13:00,30061,21097,8964,30747
2017-07-06 12:00,29192,20286,8906,29678
2017-07-06 11:00,29045,19936,9109,29568
2017-07-06 10:00,29684,20341,9343,30340
2017-07-06 09:00,30809,21049,9760,31692
2017-07-06 08:00,32922,22553,10369,33646
2017-07-06 07:00,35902,24632,11270,35354
2017-07-06 06:00,39816,27123,12693,39012
2017-07-06 05:00,43856,28585,15271,42620
2017-07-06 04:00,46022,30056,15966,44256
2017-07-06 03:00,47445,31469,15976,45708
2017-07-06 02:00,48723,34249,14474,47280
2017-07-06 01:00,49056,34624,14432,47870
2017-07-06 00:00,48364,34914,13450,47342
2017-07-05 23:00,47191,33987,13204,46051
2017-07-05 22:00,45697,32478,13219,44378
2017-07-05 21:00,43669,30551,13118,42551
2017-07-05 20:00,41463,28871,12592,40643
2017-07-05 19:00,39468,27891,11577,39193
2017-07-05 18:00,37719,26887,10832,37651
2017-07-05 17:00,36052,25845,10207,36049
2017-07-05 16:00,34341,24365,9976,34601
2017-07-05 15:00,32529,22019,10510,33008
2017-07-05 14:00,30549,18893,11656,31016
2017-07-05 13:00,29159,18336,10823,29708
2017-07-05 12:00,28025,18620,9405,28672
2017-07-05 11:00,27813,18925,8888,28498
2017-07-05 10:00,28510,19456,9054,29163
2017-07-05 09:00,29518,20743,8775,30356
2017-07-05 08:00,31231,22210,9021,32150
2017-07-05 07:00,33939,24002,9937,33388
2017-07-05 06:00,36610,26627,9983,35546
2017-07-05 05:00,38457,29176,9281,37352
2017-07-05 04:00,40255,31405,8850,38756
2017-07-05 03:00,41759,33381,8378,40082
2017-07-05 02:00,43251,35338,7913,41475
2017-07-05 01:00,43755,35675,8080,41746
2017-07-05 00:00,43407,34995,8412,40957
2017-07-04 23:00,42230,33824,8406,39666
2017-07-04 22:00,40354,31870,8484,38105
2017-07-04 21:00,38107,30414,7693,36515
2017-07-04 20:00,36009,29234,6775,34823
2017-07-04 19:00,34005,28156,5849,33214
2017-07-04 18:00,32271,26868,5403,31655
2017-07-04 17:00,30437,25518,4919,30153
2017-07-04 16:00,28726,23848,4878,28847
2017-07-04 15:00,27520,21407,6113,27779
2017-07-04 14:00,26879,18647,8232,27075
2017-07-04 13:00,26982,17394,9588,27144
2017-07-04 12:00,26915,17115,9800,26963
2017-07-04 11:00,27171,17064,10107,27182
2017-07-04 10:00,28043,17670,10373,27864
2017-07-04 09:00,29432,18934,10498,29259
2017-07-04 08:00,31446,20205,11241,31043
2017-07-04 07:00,34114,22034,12080,33253
2017-07-04 06:00,37482,24339,13143,36637
2017-07-04 05:00,40775,26527,14248,40027
2017-07-04 04:00,42495,27659,14836,41724
2017-07-04 03:00,43845,28897,14948,42616
2017-07-04 02:00,45441,30452,14989,43977
2017-07-04 01:00,45694,30645,15049,44286
2017-07-04 00:00,44700,30200,14500,43663
2017-07-03 23:00,43036,29498,13538,42340
2017-07-03 22:00,40934,28204,12730,40650
2017-07-03 21:00,38987,26817,12170,38904
2017-07-03 20:00,37206,26084,11122,37121
2017-07-03 19:00,35683,25427,10256,35894
2017-07-03 18:00,33965,24637,9328,34744
2017-07-03 17:00,32714,23325,9389,33528
2017-07-03 16:00,31535,21872,9663,32456
2017-07-03 15:00,30320,19527,10793,31309
2017-07-03 14:00,28827,16854,11973,29615
2017-07-03 13:00,27829,16542,11287,28254
2017-07-03 12:00,26926,16813,10113,27169
2017-07-03 11:00,26654,17263,9391,26772
2017-07-03 10:00,27148,18071,9077,27416
2017-07-03 09:00,28154,19502,8652,28463
2017-07-03 08:00,29836,20999,8837,29844
2017-07-03 07:00,32050,22752,9298,32563
2017-07-03 06:00,35196,24816,10380,35607
2017-07-03 05:00,37928,26023,11905,38350
2017-07-03 04:00,39186,26730,12456,39169
2017-07-03 03:00,40066,27865,12201,40053
2017-07-03 02:00,40858,30132,10726,40988
2017-07-03 01:00,40283,31237,9046,40684
2017-07-03 00:00,38944,31104,7840,39576
2017-07-02 23:00,37167,30341,6826,38128
2017-07-02 22:00,35268,29203,6065,36223
2017-07-02 21:00,33843,27668,6175,34437
2017-07-02 20:00,32224,26489,5735,32727
2017-07-02 19:00,30818,25901,4917,31319
2017-07-02 18:00,29584,25226,4358,29950
2017-07-02 17:00,28548,24819,3729,28754
2017-07-02 16:00,27579,23786,3793,27623
2017-07-02 15:00,26504,21458,5046,26632
2017-07-02 14:00,26006,19046,6960,26191
2017-07-02 13:00,26315,18563,7752,26545
2017-07-02 12:00,26331,18295,8036,26554
2017-07-02 11:00,26549,18687,7862,26801
2017-07-02 10:00,27318,19311,8007,27548
2017-07-02 09:00,28391,20436,7955,28815
2017-07-02 08:00,30082,22375,7707,30762
2017-07-02 07:00,32245,24624,7621,34001
2017-07-02 06:00,34842,27251,7591,36897
2017-07-02 05:00,37253,29066,8187,39434
2017-07-02 04:00,38297,30340,7957,40365
2017-07-02 03:00,38763,32027,6736,41355
2017-07-02 02:00,39409,34185,5224,42486
2017-07-02 01:00,39230,35541,3689,42617
2017-07-02 00:00,38263,35685,2578,41937
2017-07-01 23:00,36955,34637,2318,40617
2017-07-01 22:00,35562,32924,2638,39163
2017-07-01 21:00,34208,31107,3101,37658
2017-07-01 20:00,33207,29906,3301,36252
2017-07-01 19:00,32336,29100,3236,34783
2017-07-01 18:00,31461,28293,3168,33392
2017-07-01 17:00,30611,27415,3196,31962
2017-07-01 16:00,29524,26437,3087,30596
2017-07-01 15:00,28423,24204,4219,29245
2017-07-01 14:00,27661,21526,6135,28370
2017-07-01 13:00,27376,20379,6997,28451
2017-07-01 12:00,27023,20090,6933,28299
2017-07-01 11:00,27248,20264,6984,28515
2017-07-01 10:00,27936,20588,7348,29325
2017-07-01 09:00,29229,21400,7829,30656
2017-07-01 08:00,31233,22447,8786,32205
2017-07-01 07:00,33770,24338,9432,34675
2017-07-01 06:00,36882,26726,10156,37976
2017-07-01 05:00,40006,29240,10766,40978
2017-07-01 04:00,41418,30574,10844,42334
2017-07-01 03:00,42356,32233,10123,43512
2017-07-01 02:00,43624,34350,9274,44846
2017-07-01 01:00,43920,35698,8222,45432
2017-07-01 00:00,43307,35914,7393,45027
2017-06-30 23:00,42134,35253,6881,43808
2017-06-30 22:00,40397,33676,6721,42101
2017-06-30 21:00,38634,32433,6201,40288
2017-06-30 20:00,36929,30928,6001,38633
2017-06-30 19:00,35968,30048,5920,37451
2017-06-30 18:00,34983,29976,5007,36135
2017-06-30 17:00,33971,29570,4401,34789
2017-06-30 16:00,33113,28218,4895,33632
2017-06-30 15:00,31929,25514,6415,32107
2017-06-30 14:00,30394,22554,7840,30206
2017-06-30 13:00,29307,20662,8645,28970
2017-06-30 12:00,28138,20377,7761,28020
2017-06-30 11:00,27902,20296,7606,27826
2017-06-30 10:00,28389,20935,7454,28438
2017-06-30 09:00,29491,22025,7466,29611
2017-06-30 08:00,30932,24073,6859,31124
2017-06-30 07:00,33202,24326,8876,34227
2017-06-30 06:00,36503,26324,10179,37750
2017-06-30 05:00,40206,29278,10928,41230
2017-06-30 04:00,41679,31128,10551,42823
2017-06-30 03:00,42517,32682,9835,43839
2017-06-30 02:00,43721,34669,9052,45011
2017-06-30 01:00,44060,35816,8244,45436
2017-06-30 00:00,43435,36047,7388,45003
2017-06-29 23:00,42158,35224,6934,43769
2017-06-29 22:00,40554,35054,5500,42146
2017-06-29 21:00,38967,33488,5479,40308
2017-06-29 20:00,37590,32011,5579,38777
2017-06-29 19:00,36494,30916,5578,37576
2017-06-29 18:00,35208,29756,5452,36275
2017-06-29 17:00,33953,27989,5964,34812
2017-06-29 16:00,33051,26672,6379,33574
2017-06-29 15:00,32194,24687,7507,32236
2017-06-29 14:00,30526,21590,8936,30376
2017-06-29 13:00,29329,19652,9677,28927
2017-06-29 12:00,28166,18980,9186,27887
2017-06-29 11:00,27769,19126,8643,27656
2017-06-29 10:00,28063,19514,8549,28159
2017-06-29 09:00,29159,20526,8633,29312
2017-06-29 08:00,30816,22172,8644,30962
2017-06-29 07:00,33821,23878,9943,34064
2017-06-29 06:00,37013,27154,9859,37590
2017-06-29 05:00,40195,30576,9619,40935
2017-06-29 04:00,41801,33103,8698,42260
2017-06-29 03:00,42923,34940,7983,43412
2017-06-29 02:00,44087,37310,6777,44638
2017-06-29 01:00,44665,38290,6375,45042
2017-06-29 00:00,44090,38995,5095,44778
2017-06-28 23:00,43246,37307,5939,43645
2017-06-28 22:00,41385,37292,4093,42104
2017-06-28 21:00,39832,35311,4521,40517
2017-06-28 20:00,38392,33713,4679,38953
2017-06-28 19:00,37301,32286,5015,37855
2017-06-28 18:00,36117,31027,5090,36656
2017-06-28 17:00,34801,29876,4925,35357
2017-06-28 16:00,33581,28234,5347,34127
2017-06-28 15:00,32316,25343,6973,32649
2017-06-28 14:00,30918,22045,8873,30674
2017-06-28 13:00,29587,19908,9679,29251
2017-06-28 12:00,28556,19380,9176,28224
2017-06-28 11:00,28380,19510,8870,28033
2017-06-28 10:00,28849,20143,8706,28705
2017-06-28 09:00,29853,21610,8243,29933
2017-06-28 08:00,31686,23549,8137,31857
2017-06-28 07:00,34307,26484,7823,34901
2017-06-28 06:00,37975,30172,7803,38507
2017-06-28 05:00,41692,34748,6944,42033
2017-06-28 04:00,43674,36986,6688,43593
2017-06-28 03:00,45395,39091,6304,44754
2017-06-28 02:00,47062,41184,5878,46060
2017-06-28 01:00,47945,42115,5830,46596
2017-06-28 00:00,47710,42544,5166,46284
2017-06-27 23:00,45327,42148,3179,45103
2017-06-27 22:00,45476,40754,4722,43584
2017-06-27 21:00,43875,38474,5401,41854
2017-06-27 20:00,42028,36928,5100,40047
2017-06-27 19:00,40465,34757,5708,38821
2017-06-27 18:00,38867,32666,6201,37514
2017-06-27 17:00,37187,30886,6301,36053
2017-06-27 16:00,35646,29061,6585,34684
2017-06-27 15:00,34021,26024,7997,33093
2017-06-27 14:00,32055,22534,9521,31117
2017-06-27 13:00,30588,20820,9768,29679
2017-06-27 12:00,29239,20209,9030,28749
2017-06-27 11:00,29105,19858,9247,28543
2017-06-27 10:00,29885,20442,9443,29187
2017-06-27 09:00,31075,21536,9539,30411
2017-06-27 08:00,32909,23528,9381,32720
2017-06-27 07:00,35825,26650,9175,36074
2017-06-27 06:00,39916,30312,9604,39963
2017-06-27 05:00,44000,34443,9557,43948
2017-06-27 04:00,46207,37681,8526,45876
2017-06-27 03:00,47842,39626,8216,47376
2017-06-27 02:00,49565,41367,8198,48827
2017-06-27 01:00,50072,41399,8673,49390
2017-06-27 00:00,49752,41031,8721,48990
2017-06-26 23:00,48830,40442,8388,47884
2017-06-26 22:00,47508,38641,8867,46191
2017-06-26 21:00,45883,36506,9377,44266
2017-06-26 20:00,43993,33947,10046,42197
2017-06-26 19:00,42204,32250,9954,40485
2017-06-26 18:00,40072,30134,9938,38773
2017-06-26 17:00,37758,28097,9661,36913
2017-06-26 16:00,35811,26119,9692,35155
2017-06-26 15:00,33663,23214,10449,33282
2017-06-26 14:00,31373,20987,10386,31072
2017-06-26 13:00,29698,20788,8910,29425
2017-06-26 12:00,28659,21113,7546,28329
2017-06-26 11:00,28385,21745,6640,28071
2017-06-26 10:00,28951,22460,6491,28681
2017-06-26 09:00,30261,24036,6225,29538
2017-06-26 08:00,32291,26122,6169,31688
2017-06-26 07:00,35203,28253,6950,35117
2017-06-26 06:00,39135,31089,8046,38721
2017-06-26 05:00,42702,33772,8930,42189
2017-06-26 04:00,44334,35317,9017,43409
2017-06-26 03:00,45597,36899,8698,44562
2017-06-26 02:00,46733,38636,8097,45818
2017-06-26 01:00,46713,39442,7271,46452
2017-06-26 00:00,46106,39406,6700,45622
2017-06-25 23:00,45081,38653,6428,44132
2017-06-25 22:00,43721,36491,7230,42111
2017-06-25 21:00,41559,34845,6714,39958
2017-06-25 20:00,38945,32995,5950,37724
2017-06-25 19:00,36378,31242,5136,35563
2017-06-25 18:00,33979,29377,4602,33470
2017-06-25 17:00,31800,27815,3985,31462
2017-06-25 16:00,30025,26399,3626,29803
2017-06-25 15:00,28400,24372,4028,28375
2017-06-25 14:00,27384,22428,4956,27529
2017-06-25 13:00,27572,21767,5805,27850
2017-06-25 12:00,27819,21769,6050,28076
2017-06-25 11:00,28315,22007,6308,28512
2017-06-25 10:00,29031,21471,7560,29460
2017-06-25 09:00,30506,22832,7674,30931
2017-06-25 08:00,32548,24745,7803,32818
2017-06-25 07:00,35143,27129,8014,35665
2017-06-25 06:00,38306,30472,7834,39052
2017-06-25 05:00,41176,34057,7119,42111
2017-06-25 04:00,42694,35549,7145,43547
2017-06-25 03:00,43643,37929,5714,44956
2017-06-25 02:00,44857,40068,4789,46379
2017-06-25 01:00,45055,41774,3281,46818
2017-06-25 00:00,44360,42439,1921,46407
2017-06-24 23:00,43187,42163,1024,45159
2017-06-24 22:00,42114,40602,1512,43449
2017-06-24 21:00,40487,38961,1526,41525
2017-06-24 20:00,38898,37163,1735,39434
2017-06-24 19:00,37295,36332,963,37391
2017-06-24 18:00,35590,33216,2374,35275
2017-06-24 17:00,33938,31541,2397,33211
2017-06-24 16:00,32407,29714,2693,31394
2017-06-24 15:00,30542,26976,3566,29831
2017-06-24 14:00,29304,24139,5165,28765
2017-06-24 13:00,29098,22011,7087,28745
2017-06-24 12:00,29065,21457,7608,28755
2017-06-24 11:00,29413,21435,7978,29254
2017-06-24 10:00,30433,22166,8267,30291
2017-06-24 09:00,31889,23548,8341,31880
2017-06-24 08:00,34031,25657,8374,34060
2017-06-24 07:00,36627,28321,8306,37736
2017-06-24 06:00,40063,32176,7887,41627
2017-06-24 05:00,43420,36646,6774,45400
2017-06-24 04:00,45414,39322,6092,47311
2017-06-24 03:00,46963,41380,5583,49191
2017-06-24 02:00,48857,43297,5560,51200
2017-06-24 01:00,50017,44608,5409,52524
2017-06-24 00:00,50051,45044,5007,52535
2017-06-23 23:00,49190,44227,4963,51469
2017-06-23 22:00,47639,42923,4716,49716
2017-06-23 21:00,46614,40828,5786,47494
2017-06-23 20:00,44322,38705,5617,44844
2017-06-23 19:00,42041,37167,4874,42830
2017-06-23 18:00,40860,34838,6022,40605
2017-06-23 17:00,38975,33318,5657,38284
2017-06-23 16:00,37314,31440,5874,36538
2017-06-23 15:00,35485,28388,7097,34821
2017-06-23 14:00,33192,25155,8037,32754
2017-06-23 13:00,31508,22911,8597,31352
2017-06-23 12:00,30532,22102,8430,30418
2017-06-23 11:00,30510,22091,8419,30353
2017-06-23 10:00,31381,22762,8619,31206
2017-06-23 09:00,32952,24471,8481,32745
2017-06-23 08:00,35045,26892,8153,35188
2017-06-23 07:00,38091,30409,7682,39693
2017-06-23 06:00,42086,34760,7326,44536
2017-06-23 05:00,46233,40322,5911,49574
2017-06-23 04:00,48527,43012,5515,52385
2017-06-23 03:00,49994,44739,5255,54241
2017-06-23 02:00,51626,46749,4877,56286
2017-06-23 01:00,52522,48104,4418,57696
2017-06-23 00:00,52654,48209,4445,57643
2017-06-22 23:00,51733,47325,4408,56301
2017-06-22 22:00,50259,45700,4559,54285
2017-06-22 21:00,48401,43334,5067,51486
2017-06-22 20:00,46546,40389,6157,48379
2017-06-22 19:00,45084,38141,6943,45784
2017-06-22 18:00,43338,35600,7738,43059
2017-06-22 17:00,41400,33090,8310,40207
2017-06-22 16:00,39175,30818,8357,37898
2017-06-22 15:00,36867,28004,8863,35812
2017-06-22 14:00,34364,25249,9115,33554
2017-06-22 13:00,32599,23009,9590,31997
2017-06-22 12:00,31608,22173,9435,31047
2017-06-22 11:00,31601,22339,9262,31000
2017-06-22 10:00,32590,22975,9615,31901
2017-06-22 09:00,34305,24681,9624,33438
2017-06-22 08:00,36658,26876,9782,35985
2017-06-22 07:00,40043,29639,10404,41793
2017-06-22 06:00,44543,34112,10431,46605
2017-06-22 05:00,49118,39220,9898,51136
2017-06-22 04:00,51551,42620,8931,53638
2017-06-22 03:00,53001,45144,7857,55393
2017-06-22 02:00,54632,47779,6853,57326
2017-06-22 01:00,55395,49070,6325,58685
2017-06-22 00:00,55121,48520,6601,58586
2017-06-21 23:00,54153,48161,5992,57229
2017-06-21 22:00,52258,46418,5840,55137
2017-06-21 21:00,50109,43758,6351,52669
2017-06-21 20:00,47577,41248,6329,49840
2017-06-21 19:00,45175,38634,6541,47290
2017-06-21 18:00,42692,35985,6707,44550
2017-06-21 17:00,40531,33359,7172,41635
2017-06-21 16:00,38400,30628,7772,39038
2017-06-21 15:00,35817,27947,7870,36221
2017-06-21 14:00,33475,25055,8420,33754
2017-06-21 13:00,31952,22592,9360,32014
2017-06-21 12:00,30898,21740,9158,31166
2017-06-21 11:00,30880,21682,9198,31218
2017-06-21 10:00,31905,22605,9300,32211
2017-06-21 09:00,33726,24313,9413,33819
2017-06-21 08:00,36289,26501,9788,36040
2017-06-21 07:00,39755,30067,9688,41869
2017-06-21 06:00,44289,34689,9600,46745
2017-06-21 05:00,48949,39395,9554,51740
2017-06-21 04:00,51705,42433,9272,54371
2017-06-21 03:00,53538,45114,8424,55976
2017-06-21 02:00,55427,47426,8001,58234
2017-06-21 01:00,56209,48875,7334,59718
2017-06-21 00:00,56023,48486,7537,59625
2017-06-20 23:00,54960,47993,6967,58549
2017-06-20 22:00,53498,45841,7657,56565
2017-06-20 21:00,51447,43292,8155,53928
2017-06-20 20:00,48711,40619,8092,50946
2017-06-20 19:00,46228,38535,7693,48304
2017-06-20 18:00,43504,36332,7172,45434
2017-06-20 17:00,40755,33430,7325,42382
2017-06-20 16:00,38366,30813,7553,39841
2017-06-20 15:00,36258,27619,8639,37246
2017-06-20 14:00,33794,24173,9621,34611
2017-06-20 13:00,32149,22116,10033,32943
2017-06-20 12:00,31210,20792,10418,31928
2017-06-20 11:00,31233,20890,10343,31864
2017-06-20 10:00,32150,21691,10459,32811
2017-06-20 09:00,33821,23180,10641,34387
2017-06-20 08:00,36183,25341,10842,36604
2017-06-20 07:00,39511,28180,11331,39643
2017-06-20 06:00,43986,31950,12036,44364
2017-06-20 05:00,48711,35051,13660,49260
2017-06-20 04:00,51492,37375,14117,51829
2017-06-20 03:00,53374,38837,14537,53792
2017-06-20 02:00,55040,40440,14600,56188
2017-06-20 01:00,55834,40659,15175,57576
2017-06-20 00:00,55688,40198,15490,57439
2017-06-19 23:00,54634,38794,15840,56165
2017-06-19 22:00,53003,37001,16002,54298
2017-06-19 21:00,50897,34716,16181,51718
2017-06-19 20:00,48367,32725,15642,48689
2017-06-19 19:00,46012,30042,15970,45892
2017-06-19 18:00,43461,28064,15397,42913
2017-06-19 17:00,40682,26056,14626,40009
2017-06-19 16:00,38250,24038,14212,37455
2017-06-19 15:00,35867,21068,14799,35062
2017-06-19 14:00,33304,18322,14982,32550
2017-06-19 13:00,31424,18078,13346,30874
2017-06-19 12:00,30428,18493,11935,29784
2017-06-19 11:00,30315,19285,11030,29664
2017-06-19 10:00,31144,20584,10560,30448
2017-06-19 09:00,32624,22383,10241,32088
2017-06-19 08:00,34940,23960,10980,34336
2017-06-19 07:00,38152,26341,11811,37450
2017-06-19 06:00,42312,29643,12669,41492
2017-06-19 05:00,46149,32787,13362,45444
2017-06-19 04:00,47695,34264,13431,47206
2017-06-19 03:00,48619,36082,12537,48796
2017-06-19 02:00,49574,38111,11463,50748
2017-06-19 01:00,49363,39063,10300,51434
2017-06-19 00:00,48536,38784,9752,50680
2017-06-18 23:00,47095,37422,9673,49098
2017-06-18 22:00,45026,35869,9157,46875
2017-06-18 21:00,42880,34050,8830,44302
2017-06-18 20:00,40590,31659,8931,41449
2017-06-18 19:00,38252,29812,8440,38584
2017-06-18 18:00,35805,28076,7729,35722
2017-06-18 17:00,33824,26521,7303,33001
2017-06-18 16:00,31636,24935,6701,30831
2017-06-18 15:00,29468,22714,6754,29209
2017-06-18 14:00,28285,19392,8893,28234
2017-06-18 13:00,28180,18788,9392,28545
2017-06-18 12:00,28429,18984,9445,28778
2017-06-18 11:00,28990,19444,9546,29221
2017-06-18 10:00,30039,19938,10101,30260
2017-06-18 09:00,31556,21273,10283,31810
2017-06-18 08:00,33685,23779,9906,33897
2017-06-18 07:00,36677,26375,10302,36603
2017-06-18 06:00,40227,29723,10504,40066
2017-06-18 05:00,43390,33048,10342,43329
2017-06-18 04:00,44939,35356,9583,44865
2017-06-18 03:00,46271,37175,9096,46200
2017-06-18 02:00,47579,38801,8778,47672
2017-06-18 01:00,47681,39449,8232,48321
2017-06-18 00:00,46996,39589,7407,47778
2017-06-17 23:00,45634,38453,7181,46287
2017-06-17 22:00,43885,37493,6392,44519
2017-06-17 21:00,42090,35706,6384,42401
2017-06-17 20:00,40003,33096,6907,40244
2017-06-17 19:00,37802,31420,6382,38083
2017-06-17 18:00,35985,30787,5198,35978
2017-06-17 17:00,34126,28367,5759,33785
2017-06-17 16:00,31986,26531,5455,31784
2017-06-17 15:00,29959,24628,5331,29943
2017-06-17 14:00,28816,22310,6506,28733
2017-06-17 13:00,28701,20048,8653,28680
2017-06-17 12:00,28764,18419,10345,28728
2017-06-17 11:00,29099,18448,10651,29092
2017-06-17 10:00,30049,19054,10995,30132
2017-06-17 09:00,31597,20430,11167,31688
2017-06-17 08:00,33799,21670,12129,33824
2017-06-17 07:00,36847,23793,13054,36697
2017-06-17 06:00,40604,27318,13286,40514
2017-06-17 05:00,44313,30918,13395,44194
2017-06-17 04:00,46123,32662,13461,46130
2017-06-17 03:00,47618,34247,13371,47537
2017-06-17 02:00,49111,35712,13399,49311
2017-06-17 01:00,49746,35741,14005,50083
2017-06-17 00:00,49392,35752,13640,49706
2017-06-16 23:00,48366,34715,13651,48584
2017-06-16 22:00,46633,33416,13217,46871
2017-06-16 21:00,44534,31905,12629,44899
2017-06-16 20:00,42090,30706,11384,42906
2017-06-16 19:00,40225,29494,10731,40936
2017-06-16 18:00,38140,28321,9819,39069
2017-06-16 17:00,36183,27046,9137,37196
2017-06-16 16:00,34400,25714,8686,35419
2017-06-16 15:00,32555,23643,8912,33360
2017-06-16 14:00,30346,20605,9741,31274
2017-06-16 13:00,29216,18641,10575,29753
2017-06-16 12:00,28459,18204,10255,28640
2017-06-16 11:00,28284,18158,10126,28505
2017-06-16 10:00,28902,18347,10555,29245
2017-06-16 09:00,30128,19174,10954,30534
2017-06-16 08:00,31796,20910,10886,32428
2017-06-16 07:00,34406,22953,11453,33974
2017-06-16 06:00,37960,25998,11962,37362
2017-06-16 05:00,41618,28948,12670,40784
2017-06-16 04:00,43315,31138,12177,42157
2017-06-16 03:00,44192,31912,12280,43023
2017-06-16 02:00,45336,32714,12622,44270
2017-06-16 01:00,45580,32759,12821,44955
2017-06-16 00:00,44995,32214,12781,44582
2017-06-15 23:00,43605,31302,12303,43421
2017-06-15 22:00,41854,29960,11894,41932
2017-06-15 21:00,40130,28750,11380,40215
2017-06-15 20:00,38411,27419,10992,38541
2017-06-15 19:00,36671,26435,10236,37311
2017-06-15 18:00,35321,25827,9494,35990
2017-06-15 17:00,33850,24794,9056,34546
2017-06-15 16:00,32624,23449,9175,33264
2017-06-15 15:00,31422,21857,9565,31743
2017-06-15 14:00,29640,19164,10476,29731
2017-06-15 13:00,28163,17630,10533,28274
2017-06-15 12:00,27276,16726,10550,27393
2017-06-15 11:00,26996,16531,10465,27131
2017-06-15 10:00,27475,16691,10784,27666
2017-06-15 09:00,28596,17320,11276,28771
2017-06-15 08:00,30257,18595,11662,30163
2017-06-15 07:00,32720,20715,12005,32452
2017-06-15 06:00,36085,22748,13337,35808
2017-06-15 05:00,39543,25462,14081,39038
2017-06-15 04:00,41041,26474,14567,40067
2017-06-15 03:00,41684,26849,14835,40427
2017-06-15 02:00,42513,27813,14700,41279
2017-06-15 01:00,42626,28376,14250,41653
2017-06-15 00:00,41860,28258,13602,41151
2017-06-14 23:00,40539,27263,13276,40055
2017-06-14 22:00,38981,26417,12564,38733
2017-06-14 21:00,37430,25452,11978,37389
2017-06-14 20:00,35806,24748,11058,36101
2017-06-14 19:00,34772,23934,10838,35223
2017-06-14 18:00,33751,23551,10200,34216
2017-06-14 17:00,32678,23007,9671,33099
2017-06-14 16:00,31652,21826,9826,32168
2017-06-14 15:00,30688,20826,9862,30957
2017-06-14 14:00,28954,18461,10493,28976
2017-06-14 13:00,27525,16969,10556,27499
2017-06-14 12:00,26448,16205,10243,26417
2017-06-14 11:00,26089,16138,9951,26116
2017-06-14 10:00,26454,16259,10195,26573
2017-06-14 09:00,27381,16357,11024,27526
2017-06-14 08:00,28689,17308,11381,29052
2017-06-14 07:00,30878,19233,11645,30645
2017-06-14 06:00,33678,20977,12701,33456
2017-06-14 05:00,36577,23023,13554,36320
2017-06-14 04:00,37523,23886,13637,37269
2017-06-14 03:00,37238,23821,13417,37185
2017-06-14 02:00,37320,25068,12252,37453
2017-06-14 01:00,36973,26189,10784,37453
2017-06-14 00:00,36274,26177,10097,36891
2017-06-13 23:00,35279,26105,9174,35868
2017-06-13 22:00,34170,25824,8346,34846
2017-06-13 21:00,33242,25723,7519,33879
2017-06-13 20:00,32312,25172,7140,32997
2017-06-13 19:00,31952,24982,6970,32558
2017-06-13 18:00,31579,24925,6654,32051
2017-06-13 17:00,31144,24134,7010,31378
2017-06-13 16:00,30640,22941,7699,30800
2017-06-13 15:00,29852,21577,8275,29946
2017-06-13 14:00,28379,18663,9716,28378
2017-06-13 13:00,27013,16388,10625,26796
2017-06-13 12:00,25864,15261,10603,25578
2017-06-13 11:00,25456,14666,10790,25167
2017-06-13 10:00,25726,14960,10766,25472
2017-06-13 09:00,26480,15651,10829,26235
2017-06-13 08:00,27654,16213,11441,27411
2017-06-13 07:00,29330,17280,12050,29712
2017-06-13 06:00,31902,18619,13283,32305
2017-06-13 05:00,34422,20476,13946,34816
2017-06-13 04:00,34836,20800,14036,35605
2017-06-13 03:00,34084,20740,13344,34928
2017-06-13 02:00,33799,22351,11448,34725
2017-06-13 01:00,33450,24005,9445,34506
2017-06-13 00:00,32982,24109,8873,33988
2017-06-12 23:00,32442,23358,9084,33436
2017-06-12 22:00,31992,23132,8860,32771
2017-06-12 21:00,31638,23333,8305,32269
2017-06-12 20:00,31393,23478,7915,31870
2017-06-12 19:00,31220,23574,7646,31903
2017-06-12 18:00,31275,23208,8067,31775
2017-06-12 17:00,30843,22148,8695,31432
2017-06-12 16:00,30091,20503,9588,30960
2017-06-12 15:00,29159,18475,10684,30100
2017-06-12 14:00,27602,16518,11084,28457
2017-06-12 13:00,26089,15740,10349,26737
2017-06-12 12:00,24919,15648,9271,25373
2017-06-12 11:00,24246,15842,8404,24784
2017-06-12 10:00,24357,16204,8153,24958
2017-06-12 09:00,24916,16780,8136,25472
2017-06-12 08:00,25802,17331,8471,26241
2017-06-12 07:00,27300,18494,8806,27785
2017-06-12 06:00,29503,19948,9555,29981
2017-06-12 05:00,31510,21329,10181,31878
2017-06-12 04:00,31829,21965,9864,31853
2017-06-12 03:00,30540,22304,8236,30998
2017-06-12 02:00,29736,23857,5879,30457
2017-06-12 01:00,28579,25035,3544,29766
2017-06-12 00:00,27343,25252,2091,28562
2017-06-11 23:00,26353,25227,1126,27441
2017-06-11 22:00,25874,24832,1042,26727
2017-06-11 21:00,25911,24941,970,26230
2017-06-11 20:00,25987,24950,1037,26092
2017-06-11 19:00,26408,25360,1048,26146
2017-06-11 18:00,26303,24811,1492,26140
2017-06-11 17:00,25907,23964,1943,25858
2017-06-11 16:00,25274,22954,2320,25359
2017-06-11 15:00,24675,20407,4268,24712
2017-06-11 14:00,24272,18166,6106,24222
2017-06-11 13:00,24276,17050,7226,24408
2017-06-11 12:00,24206,17075,7131,24342
2017-06-11 11:00,24337,17325,7012,24444
2017-06-11 10:00,24850,17492,7358,24969
2017-06-11 09:00,25721,17964,7757,25730
2017-06-11 08:00,26955,19100,7855,26904
2017-06-11 07:00,28684,20745,7939,28604
2017-06-11 06:00,30657,23013,7644,30593
2017-06-11 05:00,32385,24719,7666,32340
2017-06-11 04:00,32636,25530,7106,32482
2017-06-11 03:00,31632,26170,5462,31848
2017-06-11 02:00,31057,27507,3550,31742
2017-06-11 01:00,30151,28678,1473,31408
2017-06-11 00:00,29358,29198,160,30672
2017-06-10 23:00,28701,28742,-41,29840
2017-06-10 22:00,28411,28079,332,29274
2017-06-10 21:00,28866,27696,1170,28832
2017-06-10 20:00,29048,27929,1119,28477
2017-06-10 19:00,29112,27314,1798,28204
2017-06-10 18:00,28985,26411,2574,27867
2017-06-10 17:00,28560,25081,3479,27517
2017-06-10 16:00,27925,24612,3313,26880
2017-06-10 15:00,26870,23297,3573,25942
2017-06-10 14:00,26157,20611,5546,25371
2017-06-10 13:00,26043,18449,7594,25496
2017-06-10 12:00,25739,17653,8086,25534
2017-06-10 11:00,25734,17608,8126,25735
2017-06-10 10:00,26268,17522,8746,26248
2017-06-10 09:00,27146,18370,8776,27198
2017-06-10 08:00,28480,19579,8901,28401
2017-06-10 07:00,30561,21288,9273,30444
2017-06-10 06:00,33068,23756,9312,32737
2017-06-10 05:00,35290,26141,9149,34969
2017-06-10 04:00,35963,26610,9353,35599
2017-06-10 03:00,35680,26405,9275,35313
2017-06-10 02:00,36041,28401,7640,35647
2017-06-10 01:00,36054,29489,6565,35925
2017-06-10 00:00,35851,30217,5634,35606
2017-06-09 23:00,35315,29888,5427,34987
2017-06-09 22:00,34733,29489,5244,34286
2017-06-09 21:00,34151,28818,5333,33673
2017-06-09 20:00,33576,28240,5336,32998
2017-06-09 19:00,33409,27924,5485,32711
2017-06-09 18:00,33048,27171,5877,32407
2017-06-09 17:00,32542,25981,6561,31936
2017-06-09 16:00,32084,25779,6305,31384
2017-06-09 15:00,30945,24297,6648,30461
2017-06-09 14:00,29274,20575,8699,28728
2017-06-09 13:00,27816,18686,9130,27183
2017-06-09 12:00,26609,18196,8413,26224
2017-06-09 11:00,26187,17619,8568,25871
2017-06-09 10:00,26496,17578,8918,26240
2017-06-09 09:00,27309,18579,8730,27052
2017-06-09 08:00,28518,19650,8868,28360
2017-06-09 07:00,30495,21446,9049,30785
2017-06-09 06:00,33189,23918,9271,33569
2017-06-09 05:00,35819,26355,9464,36265
2017-06-09 04:00,36693,27468,9225,37109
2017-06-09 03:00,36024,28175,7849,36690
2017-06-09 02:00,36006,29631,6375,37089
2017-06-09 01:00,35985,31569,4416,37438
2017-06-09 00:00,35754,31531,4223,36963
2017-06-08 23:00,35450,30951,4499,36137
2017-06-08 22:00,34756,30866,3890,35324
2017-06-08 21:00,34290,30093,4197,34558
2017-06-08 20:00,33969,29319,4650,33917
2017-06-08 19:00,34311,28667,5644,33759
2017-06-08 18:00,34107,27806,6301,33396
2017-06-08 17:00,33249,26615,6634,32811
2017-06-08 16:00,32578,25804,6774,32377
2017-06-08 15:00,31701,22977,8724,31388
2017-06-08 14:00,29832,20091,9741,29492
2017-06-08 13:00,28031,18397,9634,27812
2017-06-08 12:00,26960,17963,8997,26669
2017-06-08 11:00,26468,18010,8458,26246
2017-06-08 10:00,26769,18401,8368,26614
2017-06-08 09:00,27672,18921,8751,27450
2017-06-08 08:00,28904,20300,8604,28770
2017-06-08 07:00,30867,22285,8582,31274
2017-06-08 06:00,33643,25194,8449,34337
2017-06-08 05:00,36464,27913,8551,37416
2017-06-08 04:00,37686,28920,8766,38639
2017-06-08 03:00,37516,29226,8290,38756
2017-06-08 02:00,37782,30909,6873,39373
2017-06-08 01:00,38011,31786,6225,39660
2017-06-08 00:00,37753,32029,5724,39232
2017-06-07 23:00,37279,31017,6262,38272
2017-06-07 22:00,36383,30497,5886,37202
2017-06-07 21:00,35473,29466,6007,36028
2017-06-07 20:00,34593,29071,5522,35008
2017-06-07 19:00,34295,28309,5986,34480
2017-06-07 18:00,33771,27577,6194,33892
2017-06-07 17:00,32901,26709,6192,33181
2017-06-07 16:00,32247,26090,6157,32459
2017-06-07 15:00,31129,23444,7685,31442
2017-06-07 14:00,29338,20202,9136,29502
2017-06-07 13:00,28001,18452,9549,27873
2017-06-07 12:00,27364,17725,9639,26792
2017-06-07 11:00,27346,17370,9976,26492
2017-06-07 10:00,27587,17740,9847,26864
2017-06-07 09:00,28239,18762,9477,27793
2017-06-07 08:00,29406,20212,9194,29089
2017-06-07 07:00,31363,22190,9173,32046
2017-06-07 06:00,34417,25338,9079,35288
2017-06-07 05:00,37452,28550,8902,38603
2017-06-07 04:00,39016,29715,9301,39989
2017-06-07 03:00,39152,30213,8939,40481
2017-06-07 02:00,39719,31752,7967,41481
2017-06-07 01:00,39979,33219,6760,41701
2017-06-07 00:00,39596,32970,6626,41124
2017-06-06 23:00,39096,32100,6996,39946
2017-06-06 22:00,38077,30619,7458,38671
2017-06-06 21:00,36624,29801,6823,37362
2017-06-06 20:00,35557,28808,6749,36048
2017-06-06 19:00,34976,28257,6719,35172
2017-06-06 18:00,34636,27316,7320,34345
2017-06-06 17:00,33943,26802,7141,33471
2017-06-06 16:00,32880,26309,6571,32728
2017-06-06 15:00,31850,23921,7929,31547
2017-06-06 14:00,30011,20296,9715,29621
2017-06-06 13:00,28187,18762,9425,28007
2017-06-06 12:00,26944,18782,8162,26965
2017-06-06 11:00,26587,18341,8246,26637
2017-06-06 10:00,27001,18574,8427,27102
2017-06-06 09:00,27987,19289,8698,28038
2017-06-06 08:00,29427,20576,8851,29342
2017-06-06 07:00,31796,22142,9654,32001
2017-06-06 06:00,35003,23876,11127,35384
2017-06-06 05:00,38436,26475,11961,38781
2017-06-06 04:00,40249,27435,12814,40200
2017-06-06 03:00,40683,29436,11247,40550
2017-06-06 02:00,41305,29625,11680,41414
2017-06-06 01:00,41415,30348,11067,41915
2017-06-06 00:00,40761,30256,10505,41464
2017-06-05 23:00,39531,29052,10479,40351
2017-06-05 22:00,38169,28253,9916,38944
2017-06-05 21:00,37125,26971,10154,37487
2017-06-05 20:00,35992,25657,10335,36118
2017-06-05 19:00,35213,24639,10574,34904
2017-06-05 18:00,34230,23696,10534,34156
2017-06-05 17:00,33155,22682,10473,33264
2017-06-05 16:00,32891,21172,11719,32482
2017-06-05 15:00,31643,19406,12237,31267
2017-06-05 14:00,29702,17439,12263,29071
2017-06-05 13:00,27955,17362,10593,27489
2017-06-05 12:00,26461,18254,8207,26262
2017-06-05 11:00,25432,19650,5782,25837
2017-06-05 10:00,25701,18996,6705,26194
2017-06-05 09:00,26398,19752,6646,26971
2017-06-05 08:00,27660,20579,7081,28011
2017-06-05 07:00,29751,21803,7948,30653
2017-06-05 06:00,32716,23983,8733,33488
2017-06-05 05:00,35562,26105,9457,36111
2017-06-05 04:00,36736,27416,9320,36949
2017-06-05 03:00,36719,27981,8738,37068
2017-06-05 02:00,37582,29258,8324,37621
2017-06-05 01:00,37414,29860,7554,37250
2017-06-05 00:00,36474,29441,7033,36147
2017-06-04 23:00,35009,28137,6872,34723
2017-06-04 22:00,33452,26916,6536,33294
2017-06-04 21:00,31842,25826,6016,31906
2017-06-04 20:00,30536,25281,5255,30670
2017-06-04 19:00,29528,25193,4335,29663
2017-06-04 18:00,28776,24299,4477,28539
2017-06-04 17:00,27944,23260,4684,27491
2017-06-04 16:00,27093,21720,5373,26493
2017-06-04 15:00,25988,19701,6287,25598
2017-06-04 14:00,25121,17347,7774,25019
2017-06-04 13:00,25432,16667,8765,25350
2017-06-04 12:00,25565,16709,8856,25448
2017-06-04 11:00,25514,17135,8379,25691
2017-06-04 10:00,26293,17758,8535,26403
2017-06-04 09:00,27425,18815,8610,27540
2017-06-04 08:00,28995,19924,9071,28933
2017-06-04 07:00,31132,22126,9006,31035
2017-06-04 06:00,33866,24822,9044,33759
2017-06-04 05:00,36415,26845,9570,36178
2017-06-04 04:00,37724,28384,9340,37249
2017-06-04 03:00,38063,29045,9018,37527
2017-06-04 02:00,38608,30526,8082,38177
2017-06-04 01:00,38598,31120,7478,38186
2017-06-04 00:00,37849,31068,6781,37503
2017-06-03 23:00,36564,30260,6304,36428
2017-06-03 22:00,35605,29107,6498,35154
2017-06-03 21:00,34669,28172,6497,33968
2017-06-03 20:00,33564,27486,6078,32867
2017-06-03 19:00,32303,26916,5387,31838
2017-06-03 18:00,31130,26184,4946,30717
2017-06-03 17:00,29879,25516,4363,29323
2017-06-03 16:00,28742,24469,4273,28132
2017-06-03 15:00,27775,22675,5100,26923
2017-06-03 14:00,26742,19485,7257,26223
2017-06-03 13:00,26492,17764,8728,26103
2017-06-03 12:00,26233,17155,9078,26023
2017-06-03 11:00,26369,16961,9408,26220
2017-06-03 10:00,27019,17705,9314,26880
2017-06-03 09:00,28061,18419,9642,28051
2017-06-03 08:00,29625,19024,10601,29616
2017-06-03 07:00,31933,20397,11536,31746
2017-06-03 06:00,34987,22797,12190,34709
2017-06-03 05:00,37804,24876,12928,37630
2017-06-03 04:00,39292,25809,13483,38945
2017-06-03 03:00,39672,26078,13594,39341
2017-06-03 02:00,40522,27348,13174,40211
2017-06-03 01:00,40943,28879,12064,40606
2017-06-03 00:00,40475,28964,11511,40123
2017-06-02 23:00,39393,28443,10950,39023
2017-06-02 22:00,37974,27622,10352,37705
2017-06-02 21:00,36615,26933,9682,36333
2017-06-02 20:00,35293,26692,8601,35146
2017-06-02 19:00,34491,26630,7861,34309
2017-06-02 18:00,33890,26286,7604,33500
2017-06-02 17:00,32981,25270,7711,32556
2017-06-02 16:00,32255,24431,7824,31738
2017-06-02 15:00,31079,23754,7325,30712
2017-06-02 14:00,29109,20260,8849,28873
2017-06-02 13:00,27476,18054,9422,27286
2017-06-02 12:00,26659,17651,9008,26239
2017-06-02 11:00,26486,17521,8965,25951
2017-06-02 10:00,26888,17629,9259,26363
2017-06-02 09:00,27680,17923,9757,27275
2017-06-02 08:00,28542,18852,9690,28502
2017-06-02 07:00,30100,19762,10338,29783
2017-06-02 06:00,32846,21688,11158,32547
2017-06-02 05:00,35721,24261,11460,35461
2017-06-02 04:00,36832,25428,11404,36642
2017-06-02 03:00,36543,25291,11252,36076
2017-06-02 02:00,36700,26028,10672,36142
2017-06-02 01:00,36768,26174,10594,36161
2017-06-02 00:00,36430,25580,10850,35766
2017-06-01 23:00,35705,25278,10427,34986
2017-06-01 22:00,34680,25531,9149,34188
2017-06-01 21:00,33848,25382,8466,33366
2017-06-01 20:00,33216,25105,8111,32482
2017-06-01 19:00,32764,25091,7673,32232
2017-06-01 18:00,32547,24493,8054,31969
2017-06-01 17:00,32210,22937,9273,31641
2017-06-01 16:00,31867,22187,9680,31175
2017-06-01 15:00,31094,21293,9801,30495
2017-06-01 14:00,29148,19394,9754,28784
2017-06-01 13:00,27461,17932,9529,26992
2017-06-01 12:00,26238,17031,9207,25679
2017-06-01 11:00,25884,17201,8683,25226
2017-06-01 10:00,26112,17538,8574,25531
2017-06-01 09:00,26888,17965,8923,26269
2017-06-01 08:00,27426,18569,8857,27328
2017-06-01 07:00,28940,20275,8665,29641
2017-06-01 06:00,31641,22106,9535,32350
2017-06-01 05:00,34351,24423,9928,35197
2017-06-01 04:00,35336,25924,9412,36275
2017-06-01 03:00,34422,25752,8670,35624
2017-06-01 02:00,34010,26588,7422,35805
2017-06-01 01:00,33445,27712,5733,35891
2017-06-01 00:00,33264,28312,4952,35530
2017-05-31 23:00,33092,28080,5012,34883
2017-05-31 22:00,32991,27529,5462,34351
2017-05-31 21:00,32663,26588,6075,33716
2017-05-31 20:00,32400,25546,6854,33155
2017-05-31 19:00,32167,25282,6885,32970
2017-05-31 18:00,32125,24930,7195,32689
2017-05-31 17:00,31967,24489,7478,32277
2017-05-31 16:00,31178,24018,7160,31855
2017-05-31 15:00,30028,22148,7880,31049
2017-05-31 14:00,28521,18846,9675,29133
2017-05-31 13:00,27073,17218,9855,27329
2017-05-31 12:00,25700,16759,8941,26008
2017-05-31 11:00,25316,17009,8307,25530
2017-05-31 10:00,25644,17509,8135,25870
2017-05-31 09:00,26427,18095,8332,26624
2017-05-31 08:00,27446,19013,8433,27988
2017-05-31 07:00,29354,20106,9248,30566
2017-05-31 06:00,31999,21581,10418,33414
2017-05-31 05:00,34831,23543,11288,36518
2017-05-31 04:00,36162,24933,11229,37716
2017-05-31 03:00,35521,24560,10961,37456
2017-05-31 02:00,35552,24911,10641,37930
2017-05-31 01:00,35605,25872,9733,38098
2017-05-31 00:00,35387,25896,9491,37731
2017-05-30 23:00,34660,25409,9251,36844
2017-05-30 22:00,34365,25154,9211,35864
2017-05-30 21:00,33829,23552,10277,34929
2017-05-30 20:00,32859,23272,9587,33913
2017-05-30 19:00,32424,23439,8985,33329
2017-05-30 18:00,32194,23053,9141,32778
2017-05-30 17:00,32021,22273,9748,32330
2017-05-30 16:00,31551,20969,10582,31978
2017-05-30 15:00,30425,18339,12086,31074
2017-05-30 14:00,28510,16793,11717,29010
2017-05-30 13:00,26615,16063,10552,27224
2017-05-30 12:00,25395,15966,9429,25971
2017-05-30 11:00,24914,16299,8615,25539
2017-05-30 10:00,25083,16755,8328,25860
2017-05-30 09:00,25673,17313,8360,26694
2017-05-30 08:00,26503,18129,8374,27848
2017-05-30 07:00,28232,19132,9100,29520
2017-05-30 06:00,30835,20557,10278,32240
2017-05-30 05:00,33609,22490,11119,34950
2017-05-30 04:00,34830,23341,11489,35959
2017-05-30 03:00,34154,23671,10483,35449
2017-05-30 02:00,34137,24930,9207,35758
2017-05-30 01:00,33717,25558,8159,35613
2017-05-30 00:00,32626,25658,6968,34627
2017-05-29 23:00,31685,24945,6740,33464
2017-05-29 22:00,30883,24360,6523,32285
2017-05-29 21:00,29758,23996,5762,31262
2017-05-29 20:00,28866,23324,5542,30478
2017-05-29 19:00,28395,22732,5663,29683
2017-05-29 18:00,27929,22432,5497,28815
2017-05-29 17:00,27184,21431,5753,27743
2017-05-29 16:00,26243,20254,5989,26635
2017-05-29 15:00,25404,17853,7551,25593
2017-05-29 14:00,24767,15640,9127,24842
2017-05-29 13:00,24696,15394,9302,24783
2017-05-29 12:00,24300,15752,8548,24428
2017-05-29 11:00,24233,16242,7991,24439
2017-05-29 10:00,24703,16710,7993,24887
2017-05-29 09:00,25610,17476,8134,25730
2017-05-29 08:00,26712,18267,8445,26921
2017-05-29 07:00,28338,19437,8901,28625
2017-05-29 06:00,30634,20501,10133,30971
2017-05-29 05:00,32726,22248,10478,33062
2017-05-29 04:00,33684,23033,10651,33830
2017-05-29 03:00,33196,22887,10309,33079
2017-05-29 02:00,33120,24013,9107,33044
2017-05-29 01:00,32546,25121,7425,32380
2017-05-29 00:00,31417,24593,6824,31207
2017-05-28 23:00,29817,24315,5502,29978
2017-05-28 22:00,28540,24133,4407,28806
2017-05-28 21:00,27481,23900,3581,27840
2017-05-28 20:00,26730,23735,2995,27009
2017-05-28 19:00,26149,23596,2553,26375
2017-05-28 18:00,25701,23532,2169,25796
2017-05-28 17:00,25247,22820,2427,25158
2017-05-28 16:00,24803,21815,2988,24615
2017-05-28 15:00,24109,19516,4593,24062
2017-05-28 14:00,23707,16687,7020,23723
2017-05-28 13:00,24137,16406,7731,23966
2017-05-28 12:00,24149,16370,7779,23933
2017-05-28 11:00,24214,16711,7503,24051
2017-05-28 10:00,24704,16611,8093,24575
2017-05-28 09:00,25522,17419,8103,25435
2017-05-28 08:00,26587,18638,7949,26503
2017-05-28 07:00,28073,19942,8131,28290
2017-05-28 06:00,30069,21125,8944,30314
2017-05-28 05:00,31927,22524,9403,32186
2017-05-28 04:00,32362,23256,9106,32742
2017-05-28 03:00,31520,23273,8247,31930
2017-05-28 02:00,31264,25145,6119,31517
2017-05-28 01:00,30519,26975,3544,30953
2017-05-28 00:00,29424,26985,2439,30121
2017-05-27 23:00,28253,27447,806,29316
2017-05-27 22:00,27441,27359,82,28668
2017-05-27 21:00,27019,26420,599,28178
2017-05-27 20:00,26793,26294,499,27899
2017-05-27 19:00,26752,25823,929,27836
2017-05-27 18:00,26900,25406,1494,27683
2017-05-27 17:00,26832,24433,2399,27263
2017-05-27 16:00,26509,23872,2637,26732
2017-05-27 15:00,25491,22010,3481,25935
2017-05-27 14:00,24798,18912,5886,25359
2017-05-27 13:00,24772,17316,7456,25130
2017-05-27 12:00,24460,16738,7722,24552
2017-05-27 11:00,24469,16687,7782,24517
2017-05-27 10:00,24911,16782,8129,24864
2017-05-27 09:00,25736,17219,8517,25569
2017-05-27 08:00,27053,17863,9190,26725
2017-05-27 07:00,28870,19730,9140,29273
2017-05-27 06:00,31091,22456,8635,31554
2017-05-27 05:00,33059,24593,8466,33615
2017-05-27 04:00,33663,25848,7815,34172
2017-05-27 03:00,32731,25439,7292,33354
2017-05-27 02:00,32222,26102,6120,33252
2017-05-27 01:00,32140,27978,4162,33061
2017-05-27 00:00,32116,28822,3294,32820
2017-05-26 23:00,31786,28586,3200,32222
2017-05-26 22:00,31732,27934,3798,31804
2017-05-26 21:00,31700,27363,4337,31427
2017-05-26 20:00,31927,26875,5052,31030
2017-05-26 19:00,32372,26641,5731,31214
2017-05-26 18:00,32605,26242,6363,31366
2017-05-26 17:00,32266,25805,6461,31296
2017-05-26 16:00,31210,24888,6322,31092
2017-05-26 15:00,30372,22300,8072,30437
2017-05-26 14:00,28710,19280,9430,28556
2017-05-26 13:00,27043,17270,9773,26929
2017-05-26 12:00,25771,16872,8899,25731
2017-05-26 11:00,25351,16811,8540,25327
2017-05-26 10:00,25624,16868,8756,25590
2017-05-26 09:00,26259,17337,8922,26316
2017-05-26 08:00,27450,18269,9181,27533
2017-05-26 07:00,29239,19781,9458,29729
2017-05-26 06:00,31711,22421,9290,32337
2017-05-26 05:00,34170,25403,8767,34987
2017-05-26 04:00,35271,27198,8073,35779
2017-05-26 03:00,34355,27125,7230,34951
2017-05-26 02:00,33898,28906,4992,34962
2017-05-26 01:00,33714,29649,4065,35109
2017-05-26 00:00,33779,29368,4411,34849
2017-05-25 23:00,33327,28839,4488,34255
2017-05-25 22:00,32824,28467,4357,33693
2017-05-25 21:00,32538,27599,4939,33192
2017-05-25 20:00,32541,26748,5793,32632
2017-05-25 19:00,32779,26663,6116,32570
2017-05-25 18:00,32897,26764,6133,32349
2017-05-25 17:00,32499,25498,7001,32077
2017-05-25 16:00,31586,24284,7302,31789
2017-05-25 15:00,30912,22742,8170,30950
2017-05-25 14:00,29275,19758,9517,29006
2017-05-25 13:00,27500,17782,9718,27281
2017-05-25 12:00,26091,17313,8778,26052
2017-05-25 11:00,25763,17172,8591,25731
2017-05-25 10:00,26144,17765,8379,26192
2017-05-25 09:00,27004,18627,8377,27055
2017-05-25 08:00,28396,20231,8165,28420
2017-05-25 07:00,30224,22704,7520,31142
2017-05-25 06:00,32878,25397,7481,34141
2017-05-25 05:00,35976,29950,6026,37088
2017-05-25 04:00,37524,32530,4994,38480
2017-05-25 03:00,37392,33882,3510,38286
2017-05-25 02:00,38003,35670,2333,38911
2017-05-25 01:00,38514,37676,838,39216
2017-05-25 00:00,38453,37727,726,38883
2017-05-24 23:00,38110,36252,1858,38165
2017-05-24 22:00,37487,34902,2585,37135
2017-05-24 21:00,36721,33369,3352,36042
2017-05-24 20:00,35870,31869,4001,34981
2017-05-24 19:00,35295,30991,4304,34397
2017-05-24 18:00,34560,29902,4658,33758
2017-05-24 17:00,33608,28319,5289,33148
2017-05-24 16:00,32875,26674,6201,32457
2017-05-24 15:00,32057,23865,8192,31432
2017-05-24 14:00,30159,20296,9863,29425
2017-05-24 13:00,28368,18508,9860,27813
2017-05-24 12:00,27103,17626,9477,26650
2017-05-24 11:00,26870,17688,9182,26378
2017-05-24 10:00,27428,18179,9249,26825
2017-05-24 09:00,28495,18960,9535,27840
2017-05-24 08:00,30212,20920,9292,29392
2017-05-24 07:00,32743,23621,9122,33233
2017-05-24 06:00,36261,26930,9331,36976
2017-05-24 05:00,40167,30505,9662,40699
2017-05-24 04:00,42855,32939,9916,42834
2017-05-24 03:00,43741,34150,9591,43191
2017-05-24 02:00,45190,36260,8930,44335
2017-05-24 01:00,45697,37742,7955,45194
2017-05-24 00:00,45256,37889,7367,45170
2017-05-23 23:00,43753,36449,7304,44203
2017-05-23 22:00,41951,34947,7004,42910
2017-05-23 21:00,40213,32977,7236,41339
2017-05-23 20:00,38521,31448,7073,39570
2017-05-23 19:00,37741,30586,7155,38153
2017-05-23 18:00,36611,29446,7165,36622
2017-05-23 17:00,35128,28563,6565,35123
2017-05-23 16:00,33370,26939,6431,33980
2017-05-23 15:00,32214,24730,7484,32421
2017-05-23 14:00,30331,20772,9559,30163
2017-05-23 13:00,28649,18362,10287,28580
2017-05-23 12:00,27396,17610,9786,27380
2017-05-23 11:00,27501,17864,9637,27199
2017-05-23 10:00,27852,18349,9503,27865
2017-05-23 09:00,28728,18615,10113,29062
2017-05-23 08:00,30441,20010,10431,30757
2017-05-23 07:00,32906,21664,11242,33890
2017-05-23 06:00,36634,24818,11816,37588
2017-05-23 05:00,40869,27747,13122,41402
2017-05-23 04:00,43271,29556,13715,43283
2017-05-23 03:00,44059,30219,13840,43959
2017-05-23 02:00,45272,32026,13246,45123
2017-05-23 01:00,45843,32411,13432,45833
2017-05-23 00:00,45181,31605,13576,45586
2017-05-22 23:00,43608,30573,13035,44499
2017-05-22 22:00,41791,29033,12758,43028
2017-05-22 21:00,40057,26994,13063,41345
2017-05-22 20:00,38053,25630,12423,39555
2017-05-22 19:00,36662,24587,12075,38055
2017-05-22 18:00,35123,23744,11379,36452
2017-05-22 17:00,33832,22769,11063,34843
2017-05-22 16:00,32655,21324,11331,33499
2017-05-22 15:00,31404,19160,12244,31878
2017-05-22 14:00,29402,16269,13133,29597
2017-05-22 13:00,27591,16301,11290,27867
2017-05-22 12:00,26247,16437,9810,26687
2017-05-22 11:00,25752,16598,9154,26397
2017-05-22 10:00,26184,17061,9123,27012
2017-05-22 09:00,27137,18043,9094,28068
2017-05-22 08:00,28763,19477,9286,29793
2017-05-22 07:00,31210,21421,9789,31763
2017-05-22 06:00,34612,24117,10495,34988
2017-05-22 05:00,38045,26761,11284,37961
2017-05-22 04:00,39952,28011,11941,38907
2017-05-22 03:00,40405,28631,11774,39271
2017-05-22 02:00,41372,29664,11708,39989
2017-05-22 01:00,41113,30154,10959,39943
2017-05-22 00:00,39855,29614,10241,38976
2017-05-21 23:00,38270,28287,9983,37607
2017-05-21 22:00,36483,27420,9063,35860
2017-05-21 21:00,35082,26542,8540,34052
2017-05-21 20:00,33113,25717,7396,32321
2017-05-21 19:00,31232,25216,6016,30784
2017-05-21 18:00,29550,24602,4948,29240
2017-05-21 17:00,28082,23601,4481,27894
2017-05-21 16:00,26881,22152,4729,26691
2017-05-21 15:00,25692,19365,6327,25627
2017-05-21 14:00,24568,17005,7563,24944
2017-05-21 13:00,24937,15716,9221,25080
2017-05-21 12:00,25047,15937,9110,25322
2017-05-21 11:00,25389,15944,9445,25670
2017-05-21 10:00,26210,16046,10164,26430
2017-05-21 09:00,27458,16854,10604,27622
2017-05-21 08:00,29197,17995,11202,29121
2017-05-21 07:00,31584,19966,11618,31519
2017-05-21 06:00,34598,22311,12287,34392
2017-05-21 05:00,37458,24563,12895,36843
2017-05-21 04:00,38843,25749,13094,37972
2017-05-21 03:00,39207,26548,12659,38345
2017-05-21 02:00,40001,28273,11728,38800
2017-05-21 01:00,39623,29667,9956,38787
2017-05-21 00:00,38500,29766,8734,38084
2017-05-20 23:00,37122,29440,7682,36742
2017-05-20 22:00,35711,29519,6192,35380
2017-05-20 21:00,34494,28950,5544,33872
2017-05-20 20:00,33030,27189,5841,32517
2017-05-20 19:00,31728,26879,4849,31345
2017-05-20 18:00,30421,26534,3887,30401
2017-05-20 17:00,29254,25969,3285,29302
2017-05-20 16:00,28338,24503,3835,28243
2017-05-20 15:00,26913,22132,4781,27016
2017-05-20 14:00,25662,18539,7123,26095
2017-05-20 13:00,25497,16526,8971,25881
2017-05-20 12:00,25143,15650,9493,25440
2017-05-20 11:00,25147,15291,9856,25584
2017-05-20 10:00,25851,15519,10332,26217
2017-05-20 09:00,26889,16034,10855,27357
2017-05-20 08:00,28444,16987,11457,28865
2017-05-20 07:00,30553,18848,11705,31322
2017-05-20 06:00,33148,21395,11753,34317
2017-05-20 05:00,35975,24341,11634,37064
2017-05-20 04:00,37343,25681,11662,38341
2017-05-20 03:00,37236,24794,12442,38612
2017-05-20 02:00,37550,25118,12432,39027
2017-05-20 01:00,37756,26201,11555,39266
2017-05-20 00:00,37177,26439,10738,38713
2017-05-19 23:00,36127,27039,9088,37649
2017-05-19 22:00,35233,27278,7955,36510
2017-05-19 21:00,34776,26305,8471,35329
2017-05-19 20:00,34243,25884,8359,34178
2017-05-19 19:00,33517,25558,7959,33416
2017-05-19 18:00,32799,25340,7459,32513
2017-05-19 17:00,32011,24636,7375,31769
2017-05-19 16:00,30982,23611,7371,31009
2017-05-19 15:00,30053,21922,8131,30024
2017-05-19 14:00,28383,19007,9376,28319
2017-05-19 13:00,26664,16752,9912,26666
2017-05-19 12:00,25499,15617,9882,25510
2017-05-19 11:00,25140,15708,9432,25157
2017-05-19 10:00,25569,16252,9317,25497
2017-05-19 09:00,26311,16813,9498,26387
2017-05-19 08:00,27514,17346,10168,27600
2017-05-19 07:00,29433,17756,11677,29190
2017-05-19 06:00,31956,19835,12121,32050
2017-05-19 05:00,34582,22120,12462,34937
2017-05-19 04:00,35759,23235,12524,36321
2017-05-19 03:00,34802,22281,12521,35394
2017-05-19 02:00,34433,22067,12366,35109
2017-05-19 01:00,34086,23882,10204,35000
2017-05-19 00:00,33351,24765,8586,34663
2017-05-18 23:00,32459,24897,7562,33968
2017-05-18 22:00,32456,24734,7722,33087
2017-05-18 21:00,31953,24710,7243,32220
2017-05-18 20:00,31446,24630,6816,31501
2017-05-18 19:00,31323,25174,6149,31139
2017-05-18 18:00,31073,24850,6223,30785
2017-05-18 17:00,30255,23944,6311,30428
2017-05-18 16:00,30026,23000,7026,30261
2017-05-18 15:00,29883,21278,8605,29815
2017-05-18 14:00,28448,19276,9172,28191
2017-05-18 13:00,26735,17040,9695,26391
2017-05-18 12:00,25312,15818,9494,25075
2017-05-18 11:00,25061,15658,9403,24732
2017-05-18 10:00,25351,15788,9563,25003
2017-05-18 09:00,25801,16210,9591,25704
2017-05-18 08:00,26613,17095,9518,26841
2017-05-18 07:00,28327,18360,9967,28752
2017-05-18 06:00,30724,20256,10468,31209
2017-05-18 05:00,33041,22360,10681,33615
2017-05-18 04:00,33974,23782,10192,34506
2017-05-18 03:00,32774,22660,10114,33339
2017-05-18 02:00,32072,22691,9381,32692
2017-05-18 01:00,32037,24307,7730,32440
2017-05-18 00:00,31568,25583,5985,32093
2017-05-17 23:00,31223,26246,4977,31543
2017-05-17 22:00,31088,26390,4698,31131
2017-05-17 21:00,31051,26469,4582,30750
2017-05-17 20:00,31025,26438,4587,30512
2017-05-17 19:00,31303,26508,4795,30703
2017-05-17 18:00,31482,26788,4694,30783
2017-05-17 17:00,30904,25937,4967,30742
2017-05-17 16:00,30656,24766,5890,30581
2017-05-17 15:00,30350,22587,7763,30193
2017-05-17 14:00,28759,19320,9439,28442
2017-05-17 13:00,26838,17197,9641,26612
2017-05-17 12:00,25614,16531,9083,25205
2017-05-17 11:00,25161,16165,8996,24723
2017-05-17 10:00,25319,16248,9071,24987
2017-05-17 09:00,25965,16607,9358,25565
2017-05-17 08:00,26719,17284,9435,26680
2017-05-17 07:00,28167,18602,9565,28142
2017-05-17 06:00,30618,19927,10691,30679
2017-05-17 05:00,33043,22255,10788,33192
2017-05-17 04:00,34071,23424,10647,34158
2017-05-17 03:00,32800,22408,10392,32942
2017-05-17 02:00,31904,22562,9342,32187
2017-05-17 01:00,31761,23503,8258,31911
2017-05-17 00:00,31779,24880,6899,31441
2017-05-16 23:00,30725,25643,5082,30949
2017-05-16 22:00,31430,25998,5432,30713
2017-05-16 21:00,31501,26136,5365,30597
2017-05-16 20:00,31358,26363,4995,30505
2017-05-16 19:00,31506,26296,5210,30857
2017-05-16 18:00,31606,26381,5225,31069
2017-05-16 17:00,31255,25644,5611,30901
2017-05-16 16:00,30576,24400,6176,30564
2017-05-16 15:00,30182,21320,8862,29880
2017-05-16 14:00,28552,17842,10710,28106
2017-05-16 13:00,26715,16080,10635,25984
2017-05-16 12:00,25502,15254,10248,24484
2017-05-16 11:00,24935,14671,10264,23970
2017-05-16 10:00,25126,14591,10535,24243
2017-05-16 09:00,25710,15073,10637,24849
2017-05-16 08:00,26710,15775,10935,25991
2017-05-16 07:00,27965,16533,11432,28414
2017-05-16 06:00,30447,18017,12430,30862
2017-05-16 05:00,32924,20055,12869,33343
2017-05-16 04:00,34153,20437,13716,34104
2017-05-16 03:00,32952,19366,13586,32888
2017-05-16 02:00,32009,19612,12397,32102
2017-05-16 01:00,31468,20725,10743,31569
2017-05-16 00:00,31283,21246,10037,30982
2017-05-15 23:00,31038,21229,9809,30420
2017-05-15 22:00,30804,21597,9207,30115
2017-05-15 21:00,30611,21876,8735,29920
2017-05-15 20:00,30465,21799,8666,29729
2017-05-15 19:00,30454,21926,8528,30042
2017-05-15 18:00,30566,22145,8421,30254
2017-05-15 17:00,30282,21818,8464,30159
2017-05-15 16:00,29719,20593,9126,29954
2017-05-15 15:00,29289,17706,11583,29439
2017-05-15 14:00,27712,15779,11933,27913
2017-05-15 13:00,25718,15439,10279,26082
2017-05-15 12:00,24122,15310,8812,24643
2017-05-15 11:00,23887,15038,8849,24096
2017-05-15 10:00,23911,15312,8599,24227
2017-05-15 09:00,24335,15824,8511,24734
2017-05-15 08:00,24932,16688,8244,25614
2017-05-15 07:00,26680,17762,8918,27085
2017-05-15 06:00,28790,19478,9312,29264
2017-05-15 05:00,30706,20760,9946,31222
2017-05-15 04:00,31257,20946,10311,31854
2017-05-15 03:00,29573,20598,8975,30320
2017-05-15 02:00,28465,22018,6447,29218
2017-05-15 01:00,27494,23128,4366,28169
2017-05-15 00:00,26461,23590,2871,26918
2017-05-14 23:00,25550,23533,2017,25905
2017-05-14 22:00,24869,23426,1443,25221
2017-05-14 21:00,24502,22849,1653,24787
2017-05-14 20:00,24387,22818,1569,24531
2017-05-14 19:00,24537,23454,1083,24546
2017-05-14 18:00,24777,22856,1921,24578
2017-05-14 17:00,24892,22911,1981,24524
2017-05-14 16:00,24802,21806,2996,24324
2017-05-14 15:00,24098,19789,4309,23940
2017-05-14 14:00,23720,16822,6898,23715
2017-05-14 13:00,23996,15802,8194,23638
2017-05-14 12:00,23744,15791,7953,23459
2017-05-14 11:00,23761,15788,7973,23544
2017-05-14 10:00,24189,16014,8175,23986
2017-05-14 09:00,24955,16461,8494,24699
2017-05-14 08:00,26216,17549,8667,25749
2017-05-14 07:00,27541,18697,8844,27999
2017-05-14 06:00,29522,20575,8947,29918
2017-05-14 05:00,31163,22474,8689,31519
2017-05-14 04:00,31673,23640,8033,31973
2017-05-14 03:00,30254,22869,7385,30782
2017-05-14 02:00,29471,23975,5496,30055
2017-05-14 01:00,28908,25512,3396,29312
2017-05-14 00:00,27868,26295,1573,28398
2017-05-13 23:00,27034,26581,453,27597
2017-05-13 22:00,26543,26284,259,27015
2017-05-13 21:00,26414,25884,530,26776
2017-05-13 20:00,26398,25711,687,26731
2017-05-13 19:00,26631,25551,1080,26890
2017-05-13 18:00,26870,25361,1509,26999
2017-05-13 17:00,26936,25088,1848,26932
2017-05-13 16:00,26927,24514,2413,26562
2017-05-13 15:00,26367,23120,3247,25722
2017-05-13 14:00,25515,20337,5178,25171
2017-05-13 13:00,25351,18011,7340,24991
2017-05-13 12:00,24858,16977,7881,24555
2017-05-13 11:00,24791,16599,8192,24530
2017-05-13 10:00,25276,17092,8184,24962
2017-05-13 09:00,25973,17719,8254,25760
2017-05-13 08:00,26986,19129,7857,26892
2017-05-13 07:00,28698,19993,8705,29145
2017-05-13 06:00,30921,22195,8726,31340
2017-05-13 05:00,33037,25221,7816,33211
2017-05-13 04:00,33939,26822,7117,33961
2017-05-13 03:00,32762,26153,6609,32882
2017-05-13 02:00,32283,26156,6127,32620
2017-05-13 01:00,32064,27090,4974,32565
2017-05-13 00:00,32090,27450,4640,32254
2017-05-12 23:00,31984,26923,5061,31727
2017-05-12 22:00,31846,26781,5065,31339
2017-05-12 21:00,31676,25935,5741,31036
2017-05-12 20:00,31115,25438,5677,30766
2017-05-12 19:00,31025,25449,5576,30939
2017-05-12 18:00,31119,25514,5605,31069
2017-05-12 17:00,31197,25185,6012,30926
2017-05-12 16:00,30954,24319,6635,30682
2017-05-12 15:00,30361,22696,7665,30234
2017-05-12 14:00,28737,20082,8655,28536
2017-05-12 13:00,26846,18197,8649,26868
2017-05-12 12:00,25373,17107,8266,25626
2017-05-12 11:00,24982,17229,7753,25252
2017-05-12 10:00,25264,17209,8055,25539
2017-05-12 09:00,25945,17348,8597,26155
2017-05-12 08:00,27224,18466,8758,27249
2017-05-12 07:00,29234,20606,8628,28617
2017-05-12 06:00,31837,22551,9286,31211
2017-05-12 05:00,34438,24843,9595,33758
2017-05-12 04:00,35623,25908,9715,34990
2017-05-12 03:00,34565,25035,9530,33925
2017-05-12 02:00,34220,25702,8518,33100
2017-05-12 01:00,34002,27643,6359,32917
2017-05-12 00:00,33480,27845,5635,32421
2017-05-11 23:00,32878,27695,5183,31928
2017-05-11 22:00,32387,27287,5100,31741
2017-05-11 21:00,32264,26623,5641,31380
2017-05-11 20:00,31837,26533,5304,31072
2017-05-11 19:00,31813,26755,5058,31166
2017-05-11 18:00,31699,26275,5424,31136
2017-05-11 17:00,31506,25696,5810,30765
2017-05-11 16:00,30910,24995,5915,30347
2017-05-11 15:00,30405,23145,7260,29771
2017-05-11 14:00,28874,20658,8216,28116
2017-05-11 13:00,27041,18912,8129,26115
2017-05-11 12:00,25566,17922,7644,24501
2017-05-11 11:00,25072,17740,7332,23945
2017-05-11 10:00,25348,17872,7476,24244
2017-05-11 09:00,26066,18491,7575,24847
2017-05-11 08:00,27237,19898,7339,25933
2017-05-11 07:00,28938,20872,8066,28833
2017-05-11 06:00,31381,22477,8904,31647
2017-05-11 05:00,33993,25082,8911,34226
2017-05-11 04:00,35131,26478,8653,35359
2017-05-11 03:00,34216,26016,8200,34305
2017-05-11 02:00,33429,25966,7463,33652
2017-05-11 01:00,33284,26445,6839,33270
2017-05-11 00:00,33436,26701,6735,32882
2017-05-10 23:00,32978,26748,6230,32286
2017-05-10 22:00,32939,26207,6732,31871
2017-05-10 21:00,32783,25645,7138,31526
2017-05-10 20:00,32619,25479,7140,31302
2017-05-10 19:00,33166,25067,8099,31300
2017-05-10 18:00,32397,24749,7648,31409
2017-05-10 17:00,32067,23861,8206,31311
2017-05-10 16:00,31644,22811,8833,31124
2017-05-10 15:00,30877,21103,9774,30692
2017-05-10 14:00,29097,19097,10000,28842
2017-05-10 13:00,27235,17831,9404,26846
2017-05-10 12:00,25748,16388,9360,25323
2017-05-10 11:00,25348,16299,9049,24954
2017-05-10 10:00,25612,16185,9427,25216
2017-05-10 09:00,26297,16751,9546,25956
2017-05-10 08:00,27414,17932,9482,27285
2017-05-10 07:00,29253,19117,10136,29550
2017-05-10 06:00,31949,21366,10583,32374
2017-05-10 05:00,34707,24380,10327,35245
2017-05-10 04:00,36275,26071,10204,36529
2017-05-10 03:00,35774,24898,10876,35546
2017-05-10 02:00,35362,24684,10678,34788
2017-05-10 01:00,34980,25069,9911,34610
2017-05-10 00:00,34566,24900,9666,34180
2017-05-09 23:00,33943,24386,9557,33607
2017-05-09 22:00,33249,24612,8637,33103
2017-05-09 21:00,32770,24472,8298,32646
2017-05-09 20:00,32438,24434,8004,32151
2017-05-09 19:00,32039,24432,7607,32020
2017-05-09 18:00,31761,24586,7175,31874
2017-05-09 17:00,31242,24169,7073,31587
2017-05-09 16:00,30730,23895,6835,31196
2017-05-09 15:00,30146,22017,8129,30622
2017-05-09 14:00,28536,19129,9407,28678
2017-05-09 13:00,26800,16850,9950,26586
2017-05-09 12:00,25340,15004,10336,25107
2017-05-09 11:00,24860,14366,10494,24695
2017-05-09 10:00,25151,14417,10734,24956
2017-05-09 09:00,25690,14495,11195,25670
2017-05-09 08:00,26820,15220,11600,26905
2017-05-09 07:00,28577,17614,10963,28938
2017-05-09 06:00,31219,18196,13023,31611
2017-05-09 05:00,33953,20455,13498,34437
2017-05-09 04:00,35341,21393,13948,35687
2017-05-09 03:00,34552,19910,14642,34604
2017-05-09 02:00,33844,19280,14564,33814
2017-05-09 01:00,33229,19471,13758,33389
2017-05-09 00:00,32354,19817,12537,32859
2017-05-08 23:00,31779,19618,12161,32232
2017-05-08 22:00,31375,19705,11670,31691
2017-05-08 21:00,31105,20101,11004,31295
2017-05-08 20:00,30662,20143,10519,30966
2017-05-08 19:00,30207,20009,10198,31081
2017-05-08 18:00,30286,20049,10237,31100
2017-05-08 17:00,30183,18974,11209,31039
2017-05-08 16:00,30152,17433,12719,30884
2017-05-08 15:00,29843,15272,14571,30452
2017-05-08 14:00,28324,14000,14324,28449
2017-05-08 13:00,26124,13451,12673,26174
2017-05-08 12:00,24454,13431,11023,24646
2017-05-08 11:00,23743,13588,10155,24073
2017-05-08 10:00,23766,13925,9841,24182
2017-05-08 09:00,24221,14628,9593,24637
2017-05-08 08:00,25138,15829,9309,25441
2017-05-08 07:00,27193,16533,10660,27386
2017-05-08 06:00,28686,18150,10536,29603
2017-05-08 05:00,30728,20218,10510,31624
2017-05-08 04:00,31682,21266,10416,32357
2017-05-08 03:00,30271,20310,9961,31001
2017-05-08 02:00,28925,19745,9180,29466
2017-05-08 01:00,28124,20295,7829,28268
2017-05-08 00:00,27132,20977,6155,27269
2017-05-07 23:00,26164,21813,4351,26571
2017-05-07 22:00,25554,22762,2792,26244
2017-05-07 21:00,25392,22917,2475,26071
2017-05-07 20:00,25324,22493,2831,26047
2017-05-07 19:00,25413,22781,2632,26235
2017-05-07 18:00,25583,22565,3018,26364
2017-05-07 17:00,25675,21907,3768,26187
2017-05-07 16:00,25283,20993,4290,25777
2017-05-07 15:00,24286,18265,6021,25147
2017-05-07 14:00,23837,16579,7258,24780
2017-05-07 13:00,23800,15970,7830,24435
2017-05-07 12:00,23485,15548,7937,24072
2017-05-07 11:00,23497,15774,7723,24188
2017-05-07 10:00,23836,16266,7570,24699
2017-05-07 09:00,24544,16968,7576,25446
2017-05-07 08:00,25564,18030,7534,26230
2017-05-07 07:00,26969,19344,7625,27662
2017-05-07 06:00,28716,21331,7385,29609
2017-05-07 05:00,30219,23713,6506,31157
2017-05-07 04:00,31059,25080,5979,31802
2017-05-07 03:00,29864,24702,5162,30608
2017-05-07 02:00,28798,25011,3787,29653
2017-05-07 01:00,28050,26228,1822,29001
2017-05-07 00:00,27962,26391,1571,28476
2017-05-06 23:00,28024,26891,1133,28132
2017-05-06 22:00,28149,26859,1290,27942
2017-05-06 21:00,28380,26811,1569,28081
2017-05-06 20:00,28551,26700,1851,28364
2017-05-06 19:00,28773,26510,2263,28507
2017-05-06 18:00,28906,26102,2804,28527
2017-05-06 17:00,28794,25682,3112,28259
2017-05-06 16:00,27772,24525,3247,27617
2017-05-06 15:00,26502,22069,4433,26618
2017-05-06 14:00,25731,19645,6086,26024
2017-05-06 13:00,25317,17839,7478,25576
2017-05-06 12:00,24796,17169,7627,25045
2017-05-06 11:00,24790,16962,7828,24984
2017-05-06 10:00,25282,17062,8220,25458
2017-05-06 09:00,26091,17872,8219,26274
2017-05-06 08:00,27343,19318,8025,27597
2017-05-06 07:00,29220,21284,7936,30518
2017-05-06 06:00,31590,23490,8100,33219
2017-05-06 05:00,33877,26991,6886,35684
2017-05-06 04:00,35209,29265,5944,36912
2017-05-06 03:00,34653,29812,4841,36076
2017-05-06 02:00,34521,31232,3289,36216
2017-05-06 01:00,34942,33264,1678,36485
2017-05-06 00:00,35053,33829,1224,36586
2017-05-05 23:00,34805,34039,766,36212
2017-05-05 22:00,34510,33200,1310,35552
2017-05-05 21:00,34075,31973,2102,34887
2017-05-05 20:00,33435,30548,2887,34178
2017-05-05 19:00,33595,29146,4449,34017
2017-05-05 18:00,33406,27901,5505,33665
2017-05-05 17:00,32974,26769,6205,33102
2017-05-05 16:00,32279,25736,6543,32406
2017-05-05 15:00,31141,23182,7959,31505
2017-05-05 14:00,29530,20255,9275,29825
2017-05-05 13:00,27691,18080,9611,27871
2017-05-05 12:00,26341,16864,9477,26522
2017-05-05 11:00,26071,16780,9291,26226
2017-05-05 10:00,26426,17396,9030,26748
2017-05-05 09:00,27186,18452,8734,27737
2017-05-05 08:00,28676,19682,8994,29222
2017-05-05 07:00,30834,21234,9600,31432
2017-05-05 06:00,34127,23856,10271,34839
2017-05-05 05:00,37634,27409,10225,38262
2017-05-05 04:00,40001,30222,9779,40552
2017-05-05 03:00,40377,31277,9100,40247
2017-05-05 02:00,41388,32815,8573,41079
2017-05-05 01:00,42597,34380,8217,41696
2017-05-05 00:00,42889,34400,8489,41360
2017-05-04 23:00,42302,33220,9082,40443
2017-05-04 22:00,41257,31950,9307,39310
2017-05-04 21:00,39924,30449,9475,38081
2017-05-04 20:00,38353,29061,9292,36786
2017-05-04 19:00,37116,28236,8880,35793
2017-05-04 18:00,35762,27877,7885,34832
2017-05-04 17:00,34487,26381,8106,33834
2017-05-04 16:00,33184,24713,8471,32814
2017-05-04 15:00,32090,20458,11632,31676
2017-05-04 14:00,30282,19896,10386,29861
2017-05-04 13:00,28301,18009,10292,27999
2017-05-04 12:00,26863,16593,10270,26641
2017-05-04 11:00,26518,16528,9990,26304
2017-05-04 10:00,27125,17110,10015,26829
2017-05-04 09:00,28178,18093,10085,27894
2017-05-04 08:00,29752,19170,10582,29581
2017-05-04 07:00,32316,21763,10553,32493
2017-05-04 06:00,35719,24462,11257,35832
2017-05-04 05:00,39311,27351,11960,39403
2017-05-04 04:00,41692,30148,11544,41512
2017-05-04 03:00,42677,30405,12272,41545
2017-05-04 02:00,44235,30919,13316,42102
2017-05-04 01:00,44918,32024,12894,42607
2017-05-04 00:00,44443,31835,12608,42451
2017-05-03 23:00,43141,30664,12477,41510
2017-05-03 22:00,41469,29499,11970,40361
2017-05-03 21:00,39649,28370,11279,39004
2017-05-03 20:00,37904,27593,10311,37533
2017-05-03 19:00,36590,27250,9340,36489
2017-05-03 18:00,35328,26759,8569,35261
2017-05-03 17:00,34151,25926,8225,34003
2017-05-03 16:00,32970,24924,8046,33009
2017-05-03 15:00,31945,23201,8744,31734
2017-05-03 14:00,30053,19891,10162,29926
2017-05-03 13:00,28130,18194,9936,28281
2017-05-03 12:00,26663,16620,10043,27029
2017-05-03 11:00,26352,16090,10262,26647
2017-05-03 10:00,26833,16257,10576,27107
2017-05-03 09:00,27761,17130,10631,28107
2017-05-03 08:00,29322,18338,10984,29587
2017-05-03 07:00,31651,20096,11555,31601
2017-05-03 06:00,35011,22760,12251,34698
2017-05-03 05:00,38774,25756,13018,38067
2017-05-03 04:00,41032,27820,13212,39823
2017-05-03 03:00,41013,27771,13242,39393
2017-05-03 02:00,41509,28162,13347,39530
2017-05-03 01:00,41803,28486,13317,39879
2017-05-03 00:00,41266,28279,12987,39527
2017-05-02 23:00,40076,27574,12502,38719
2017-05-02 22:00,38738,26976,11762,37786
2017-05-02 21:00,37522,26058,11464,36447
2017-05-02 20:00,36040,25406,10634,35352
2017-05-02 19:00,34904,24748,10156,34724
2017-05-02 18:00,33902,24586,9316,33991
2017-05-02 17:00,32866,24342,8524,33100
2017-05-02 16:00,31932,23076,8856,32087
2017-05-02 15:00,30903,20732,10171,31030
2017-05-02 14:00,29186,18084,11102,29135
2017-05-02 13:00,27330,16138,11192,27264
2017-05-02 12:00,25878,15052,10826,26096
2017-05-02 11:00,25504,14753,10751,25671
2017-05-02 10:00,25952,15110,10842,25964
2017-05-02 09:00,26850,15429,11421,26780
2017-05-02 08:00,28189,16059,12130,28016
2017-05-02 07:00,30316,17543,12773,30693
2017-05-02 06:00,33455,19728,13727,33812
2017-05-02 05:00,36668,22379,14289,36931
2017-05-02 04:00,38723,23676,15047,38708
2017-05-02 03:00,38402,23258,15144,37888
2017-05-02 02:00,38546,23294,15252,37717
2017-05-02 01:00,38709,22990,15719,37929
2017-05-02 00:00,38009,22562,15447,37591
2017-05-01 23:00,37036,21707,15329,36808
2017-05-01 22:00,35881,20978,14903,36024
2017-05-01 21:00,34887,20454,14433,35096
2017-05-01 20:00,33761,20182,13579,34164
2017-05-01 19:00,33015,19757,13258,33653
2017-05-01 18:00,32179,19045,13134,33027
2017-05-01 17:00,31270,18518,12752,32393
2017-05-01 16:00,30597,17682,12915,31678
2017-05-01 15:00,29678,15867,13811,30742
2017-05-01 14:00,28012,14170,13842,28661
2017-05-01 13:00,26217,13780,12437,26308
2017-05-01 12:00,24598,13574,11024,24792
2017-05-01 11:00,24011,13919,10092,24356
2017-05-01 10:00,24231,14370,9861,24637
2017-05-01 09:00,24939,14802,10137,25409
2017-05-01 08:00,26042,15750,10292,26377
2017-05-01 07:00,27955,17710,10245,27785
2017-05-01 06:00,30566,19308,11258,30320
2017-05-01 05:00,33142,20891,12251,32833
2017-05-01 04:00,34536,22261,12275,34071
2017-05-01 03:00,33767,21921,11846,32982
2017-05-01 02:00,33221,21885,11336,32106
2017-05-01 01:00,32326,21970,10356,31096
2017-05-01 00:00,30850,22494,8356,29853
2017-04-30 23:00,29630,22469,7161,28791
2017-04-30 22:00,28749,22528,6221,27977
2017-04-30 21:00,28024,22888,5136,27286
2017-04-30 20:00,27271,23281,3990,26759
2017-04-30 19:00,26687,23373,3314,26300
2017-04-30 18:00,26223,23450,2773,25758
2017-04-30 17:00,25695,22870,2825,25255
2017-04-30 16:00,25237,21140,4097,24734
2017-04-30 15:00,24619,18269,6350,24115
2017-04-30 14:00,23930,15431,8499,23894
2017-04-30 13:00,23977,14582,9395,23772
2017-04-30 12:00,23640,14593,9047,23498
2017-04-30 11:00,23653,14531,9122,23642
2017-04-30 10:00,24135,14827,9308,24243
2017-04-30 09:00,24983,15570,9413,25112
2017-04-30 08:00,26196,16704,9492,26312
2017-04-30 07:00,28088,18121,9967,27837
2017-04-30 06:00,30368,20143,10225,30067
2017-04-30 05:00,32252,22022,10230,32078
2017-04-30 04:00,33656,23402,10254,33215
2017-04-30 03:00,32891,22485,10406,32324
2017-04-30 02:00,32484,22960,9524,31534
2017-04-30 01:00,31724,24852,6872,30870
2017-04-30 00:00,30812,26174,4638,30149
2017-04-29 23:00,29997,25982,4015,29448
2017-04-29 22:00,29271,26036,3235,28848
2017-04-29 21:00,28712,25791,2921,28379
2017-04-29 20:00,28359,25525,2834,28040
2017-04-29 19:00,28105,25088,3017,27821
2017-04-29 18:00,28089,24819,3270,27598
2017-04-29 17:00,27821,24316,3505,27179
2017-04-29 16:00,26973,23262,3711,26590
2017-04-29 15:00,26295,21309,4986,25773
2017-04-29 14:00,25663,18808,6855,25207
2017-04-29 13:00,25358,17064,8294,24682
2017-04-29 12:00,24772,15860,8912,24101
2017-04-29 11:00,24762,15739,9023,24137
2017-04-29 10:00,25158,15980,9178,24656
2017-04-29 09:00,25965,16606,9359,25537
2017-04-29 08:00,27262,17639,9623,26790
2017-04-29 07:00,28771,18955,9816,29145
2017-04-29 06:00,31123,20897,10226,31478
2017-04-29 05:00,33197,23175,10022,33747
2017-04-29 04:00,34353,25174,9179,35057
2017-04-29 03:00,33463,24110,9353,34163
2017-04-29 02:00,32856,23934,8922,33138
2017-04-29 01:00,33011,24235,8776,32857
2017-04-29 00:00,32905,24810,8095,32566
2017-04-28 23:00,32366,24802,7564,32171
2017-04-28 22:00,32001,24820,7181,31943
2017-04-28 21:00,31681,25181,6500,31666
2017-04-28 20:00,31305,24804,6501,31328
2017-04-28 19:00,30883,24653,6230,31199
2017-04-28 18:00,30912,24574,6338,31024
2017-04-28 17:00,30505,24012,6493,30805
2017-04-28 16:00,30236,22330,7906,30605
2017-04-28 15:00,30012,20349,9663,30191
2017-04-28 14:00,28612,17770,10842,28781
2017-04-28 13:00,26680,16642,10038,26497
2017-04-28 12:00,25063,15716,9347,25083
2017-04-28 11:00,24657,15467,9190,24769
2017-04-28 10:00,24980,15317,9663,25110
2017-04-28 09:00,25699,15741,9958,25939
2017-04-28 08:00,26784,16510,10274,27010
2017-04-28 07:00,28538,17485,11053,29009
2017-04-28 06:00,31098,19352,11746,31680
2017-04-28 05:00,33503,21829,11674,34321
2017-04-28 04:00,35097,23491,11606,35598
2017-04-28 03:00,34212,22849,11363,34425
2017-04-28 02:00,33370,22747,10623,33686
2017-04-28 01:00,33124,23539,9585,33480
2017-04-28 00:00,32473,24001,8472,33130
2017-04-27 23:00,32578,24357,8221,32764
2017-04-27 22:00,32664,25372,7292,32576
2017-04-27 21:00,32172,25086,7086,32237
2017-04-27 20:00,31617,25061,6556,31815
2017-04-27 19:00,31320,25289,6031,31632
2017-04-27 18:00,31336,24805,6531,31434
2017-04-27 17:00,31017,23094,7923,31315
2017-04-27 16:00,30191,21615,8576,31281
2017-04-27 15:00,29621,19932,9689,30754
2017-04-27 14:00,28268,17677,10591,29271
2017-04-27 13:00,26199,16645,9554,26691
2017-04-27 12:00,24651,15534,9117,25169
2017-04-27 11:00,24357,15160,9197,24775
2017-04-27 10:00,24548,15262,9286,25124
2017-04-27 09:00,24869,15606,9263,25805
2017-04-27 08:00,26159,16650,9509,26853
2017-04-27 07:00,28002,18050,9952,29038
2017-04-27 06:00,30615,19739,10876,31801
2017-04-27 05:00,33315,21882,11433,34389
2017-04-27 04:00,34825,23664,11161,35776
2017-04-27 03:00,33966,22539,11427,34565
2017-04-27 02:00,33457,22474,10983,33795
2017-04-27 01:00,33426,23810,9616,33746
2017-04-27 00:00,33550,25140,8410,33511
2017-04-26 23:00,33311,25347,7964,33078
2017-04-26 22:00,33439,25261,8178,32751
2017-04-26 21:00,32974,24957,8017,32405
2017-04-26 20:00,32466,24972,7494,31995
2017-04-26 19:00,32462,24452,8010,31848
2017-04-26 18:00,32117,24539,7578,31587
2017-04-26 17:00,31327,23612,7715,31209
2017-04-26 16:00,30766,22092,8674,30887
2017-04-26 15:00,30045,20129,9916,30335
2017-04-26 14:00,28474,17519,10955,28718
2017-04-26 13:00,26143,16251,9892,26274
2017-04-26 12:00,24487,15177,9310,24678
2017-04-26 11:00,23952,15049,8903,24210
2017-04-26 10:00,24163,15045,9118,24466
2017-04-26 09:00,24847,15522,9325,25142
2017-04-26 08:00,25823,16445,9378,26392
2017-04-26 07:00,27565,17629,9936,28340
2017-04-26 06:00,30157,19832,10325,30864
2017-04-26 05:00,32765,21939,10826,33322
2017-04-26 04:00,34292,23154,11138,34701
2017-04-26 03:00,33179,22882,10297,33740
2017-04-26 02:00,31897,22377,9520,32705
2017-04-26 01:00,31347,23113,8234,32318
2017-04-26 00:00,31446,24220,7226,31825
2017-04-25 23:00,31365,25076,6289,31285
2017-04-25 22:00,31149,25040,6109,31113
2017-04-25 21:00,30504,25293,5211,30862
2017-04-25 20:00,30315,25252,5063,30578
2017-04-25 19:00,30259,25125,5134,30746
2017-04-25 18:00,30398,25388,5010,30759
2017-04-25 17:00,30384,24729,5655,30743
2017-04-25 16:00,30287,22961,7326,30836
2017-04-25 15:00,29795,20717,9078,30473
2017-04-25 14:00,28400,18681,9719,29119
2017-04-25 13:00,26211,16849,9362,26547
2017-04-25 12:00,24535,15478,9057,24874
2017-04-25 11:00,24556,15000,9556,24398
2017-04-25 10:00,24745,14879,9866,24657
2017-04-25 09:00,25402,14635,10767,25250
2017-04-25 08:00,26455,15518,10937,26308
2017-04-25 07:00,27927,17331,10596,28031
2017-04-25 06:00,30081,18770,11311,30478
2017-04-25 05:00,32728,20543,12185,33272
2017-04-25 04:00,34300,22303,11997,34814
2017-04-25 03:00,33567,21501,12066,33841
2017-04-25 02:00,32366,21432,10934,32819
2017-04-25 01:00,32182,23384,8798,32506
2017-04-25 00:00,32032,23997,8035,32142
2017-04-24 23:00,31868,23646,8222,31920
2017-04-24 22:00,31771,23010,8761,31710
2017-04-24 21:00,31790,22710,9080,31441
2017-04-24 20:00,31655,22354,9301,31205
2017-04-24 19:00,31666,21906,9760,31100
2017-04-24 18:00,31766,21479,10287,30953
2017-04-24 17:00,31443,20862,10581,30626
2017-04-24 16:00,31215,19314,11901,30318
2017-04-24 15:00,30406,17295,13111,29552
2017-04-24 14:00,28686,15280,13406,27739
2017-04-24 13:00,26256,14633,11623,25506
2017-04-24 12:00,24736,14428,10308,24062
2017-04-24 11:00,24202,14775,9427,23507
2017-04-24 10:00,24351,15140,9211,23701
2017-04-24 09:00,24924,15828,9096,24262
2017-04-24 08:00,25848,17146,8702,25220
2017-04-24 07:00,27397,18285,9112,27040
2017-04-24 06:00,29558,19485,10073,29264
2017-04-24 05:00,31490,21722,9768,31535
2017-04-24 04:00,32655,23583,9072,32655
2017-04-24 03:00,31926,22914,9012,31255
2017-04-24 02:00,30775,23838,6937,30028
2017-04-24 01:00,30118,24456,5662,29177
2017-04-24 00:00,29268,25624,3644,28304
2017-04-23 23:00,28244,25848,2396,27485
2017-04-23 22:00,27490,24837,2653,27004
2017-04-23 21:00,26860,24454,2406,26639
2017-04-23 20:00,26366,24031,2335,26321
2017-04-23 19:00,26031,23639,2392,26150
2017-04-23 18:00,25666,23123,2543,25897
2017-04-23 17:00,25339,22038,3301,25565
2017-04-23 16:00,25025,20314,4711,25027
2017-04-23 15:00,24645,17848,6797,24434
2017-04-23 14:00,24412,15811,8601,24208
2017-04-23 13:00,24459,15452,9007,23883
2017-04-23 12:00,24282,15197,9085,23574
2017-04-23 11:00,24418,15226,9192,23721
2017-04-23 10:00,24652,15635,9017,24284
2017-04-23 09:00,25744,16398,9346,25211
2017-04-23 08:00,26778,17516,9262,26421
2017-04-23 07:00,28346,18543,9803,29077
2017-04-23 06:00,30758,20545,10213,31311
2017-04-23 05:00,32759,22849,9910,33374
2017-04-23 04:00,34207,24585,9622,34455
2017-04-23 03:00,33929,24247,9682,33528
2017-04-23 02:00,33621,24916,8705,33098
2017-04-23 01:00,33586,26711,6875,32722
2017-04-23 00:00,33337,26836,6501,32139
2017-04-22 23:00,32726,26789,5937,31376
2017-04-22 22:00,31873,26604,5269,30666
2017-04-22 21:00,30795,26284,4511,30143
2017-04-22 20:00,29945,26154,3791,29727
2017-04-22 19:00,29233,25920,3313,29285
2017-04-22 18:00,28742,25087,3655,28751
2017-04-22 17:00,28129,24489,3640,27977
2017-04-22 16:00,27331,23301,4030,27141
2017-04-22 15:00,26067,20777,5290,25966
2017-04-22 14:00,25426,18344,7082,25434
2017-04-22 13:00,25286,16673,8613,24918
2017-04-22 12:00,24812,15636,9176,24461
2017-04-22 11:00,24877,15835,9042,24596
2017-04-22 10:00,25213,15927,9286,25235
2017-04-22 09:00,25901,16492,9409,26224
2017-04-22 08:00,27361,17153,10208,27705
2017-04-22 07:00,29302,18010,11292,29626
2017-04-22 06:00,31846,19508,12338,32311
2017-04-22 05:00,34326,21926,12400,34772
2017-04-22 04:00,35980,23722,12258,36161
2017-04-22 03:00,35585,23006,12579,35425
2017-04-22 02:00,35304,22332,12972,35090
2017-04-22 01:00,35317,23891,11426,35337
2017-04-22 00:00,34672,25136,9536,35118
2017-04-21 23:00,34218,25259,8959,34665
2017-04-21 22:00,33743,25336,8407,34000
2017-04-21 21:00,32717,25132,7585,33501
2017-04-21 20:00,31921,24489,7432,32791
2017-04-21 19:00,31441,24991,6450,32427
2017-04-21 18:00,30642,24966,5676,31947
2017-04-21 17:00,30155,23876,6279,31493
2017-04-21 16:00,30095,22221,7874,31121
2017-04-21 15:00,29702,21098,8604,30497
2017-04-21 14:00,28401,18638,9763,28844
2017-04-21 13:00,26381,16763,9618,26542
2017-04-21 12:00,25319,15887,9432,25039
2017-04-21 11:00,24837,15390,9447,24768
2017-04-21 10:00,24884,15459,9425,25089
2017-04-21 09:00,25632,16121,9511,25855
2017-04-21 08:00,26737,16870,9867,27086
2017-04-21 07:00,28209,17690,10519,28742
2017-04-21 06:00,30537,19604,10933,31362
2017-04-21 05:00,33085,22198,10887,33969
2017-04-21 04:00,34667,23628,11039,35228
2017-04-21 03:00,33661,23522,10139,34059
2017-04-21 02:00,32712,23022,9690,33042
2017-04-21 01:00,32370,25445,6925,32922
2017-04-21 00:00,32016,26043,5973,32658
2017-04-20 23:00,31494,25827,5667,32300
2017-04-20 22:00,31249,25685,5564,32060
2017-04-20 21:00,31014,25328,5686,31769
2017-04-20 20:00,30720,25267,5453,31434
2017-04-20 19:00,30911,24921,5990,31427
2017-04-20 18:00,30957,24966,5991,31290
2017-04-20 17:00,30772,25221,5551,31145
2017-04-20 16:00,30221,23605,6616,31052
2017-04-20 15:00,29797,21026,8771,30517
2017-04-20 14:00,28542,18152,10390,28897
2017-04-20 13:00,26451,16320,10131,26325
2017-04-20 12:00,25145,15349,9796,24822
2017-04-20 11:00,24664,15804,8860,24340
2017-04-20 10:00,24998,15517,9481,24614
2017-04-20 09:00,25688,16029,9659,25244
2017-04-20 08:00,26911,16629,10282,26384
2017-04-20 07:00,28175,17540,10635,28192
2017-04-20 06:00,30368,19274,11094,30616
2017-04-20 05:00,33018,21700,11318,33043
2017-04-20 04:00,34611,23953,10658,34319
2017-04-20 03:00,33829,23053,10776,33170
2017-04-20 02:00,32748,22291,10457,31924
2017-04-20 01:00,32400,23066,9334,31611
2017-04-20 00:00,32289,23664,8625,31167
2017-04-19 23:00,31784,23922,7862,30752
2017-04-19 22:00,31443,23661,7782,30390
2017-04-19 21:00,31228,24431,6797,30177
2017-04-19 20:00,31020,24189,6831,29998
2017-04-19 19:00,30804,24064,6740,30137
2017-04-19 18:00,30400,24254,6146,30214
2017-04-19 17:00,30349,24230,6119,30204
2017-04-19 16:00,30431,23122,7309,30202
2017-04-19 15:00,30110,21613,8497,29725
2017-04-19 14:00,28794,19111,9683,28340
2017-04-19 13:00,26553,17012,9541,26064
2017-04-19 12:00,25085,15682,9403,24641
2017-04-19 11:00,24892,15298,9594,24194
2017-04-19 10:00,25079,15502,9577,24428
2017-04-19 09:00,25784,15860,9924,25150
2017-04-19 08:00,26834,16874,9960,26371
2017-04-19 07:00,27948,18252,9696,27820
2017-04-19 06:00,30288,20261,10027,30296
2017-04-19 05:00,32855,22475,10380,32795
2017-04-19 04:00,34423,24085,10338,34224
2017-04-19 03:00,33691,24167,9524,33461
2017-04-19 02:00,32536,23260,9276,32249
2017-04-19 01:00,32389,23446,8943,31777
2017-04-19 00:00,32237,24226,8011,31423
2017-04-18 23:00,32045,24134,7911,31004
2017-04-18 22:00,32066,24216,7850,30755
2017-04-18 21:00,31944,24342,7602,30600
2017-04-18 20:00,32047,23876,8171,30491
2017-04-18 19:00,32125,23283,8842,30657
2017-04-18 18:00,32126,23197,8929,30659
2017-04-18 17:00,31899,22739,9160,30555
2017-04-18 16:00,31526,21875,9651,30323
2017-04-18 15:00,30744,19641,11103,29671
2017-04-18 14:00,29035,17688,11347,28160
2017-04-18 13:00,26697,16013,10684,25721
2017-04-18 12:00,25346,14964,10382,24195
2017-04-18 11:00,25010,14255,10755,23707
2017-04-18 10:00,25215,14389,10826,23904
2017-04-18 09:00,25815,14791,11024,24482
2017-04-18 08:00,26863,15739,11124,25334
2017-04-18 07:00,28293,16053,12240,28021
2017-04-18 06:00,30578,16953,13625,30439
2017-04-18 05:00,33303,18430,14873,32817
2017-04-18 04:00,34932,19857,15075,34218
2017-04-18 03:00,34468,19375,15093,33178
2017-04-18 02:00,33483,18083,15400,32084
2017-04-18 01:00,33326,20063,13263,31910
2017-04-18 00:00,32733,20353,12380,31677
2017-04-17 23:00,32246,20683,11563,31342
2017-04-17 22:00,32245,21131,11114,31188
2017-04-17 21:00,32070,21487,10583,31091
2017-04-17 20:00,31810,21466,10344,30921
2017-04-17 19:00,31764,20852,10912,30912
2017-04-17 18:00,31475,21014,10461,30818
2017-04-17 17:00,31090,20673,10417,30554
2017-04-17 16:00,30686,19394,11292,30295
2017-04-17 15:00,29620,16307,13313,29691
2017-04-17 14:00,27906,14214,13692,27870
2017-04-17 13:00,25763,13859,11904,25393
2017-04-17 12:00,24366,13939,10427,23833
2017-04-17 11:00,23836,14012,9824,23303
2017-04-17 10:00,23931,14258,9673,23445
2017-04-17 09:00,24354,14856,9498,24027
2017-04-17 08:00,24646,15644,9002,24825
2017-04-17 07:00,25705,16235,9470,26015
2017-04-17 06:00,27702,17745,9957,28057
2017-04-17 05:00,29717,18786,10931,29849
2017-04-17 04:00,30739,19824,10915,30711
2017-04-17 03:00,29945,19107,10838,29295
2017-04-17 02:00,28392,18391,10001,27507
2017-04-17 01:00,27957,20319,7638,26581
2017-04-17 00:00,27494,21632,5862,25872
2017-04-16 23:00,27175,22430,4745,25286
2017-04-16 22:00,26737,22366,4371,25104
2017-04-16 21:00,26466,22331,4135,25117
2017-04-16 20:00,26138,21330,4808,25142
2017-04-16 19:00,25762,21724,4038,25254
2017-04-16 18:00,25608,22241,3367,25204
2017-04-16 17:00,25358,21669,3689,24990
2017-04-16 16:00,24790,19669,5121,24651
2017-04-16 15:00,24158,16999,7159,24065
2017-04-16 14:00,24054,14410,9644,23783
2017-04-16 13:00,23547,13508,10039,23303
2017-04-16 12:00,23137,14030,9107,22983
2017-04-16 11:00,23359,14304,9055,23112
2017-04-16 10:00,23667,14508,9159,23604
2017-04-16 09:00,24261,15078,9183,24440
2017-04-16 08:00,24998,16024,8974,25589
2017-04-16 07:00,26600,17398,9202,27005
2017-04-16 06:00,28615,18596,10019,28905
2017-04-16 05:00,30308,19990,10318,30545
2017-04-16 04:00,31244,21015,10229,31282
2017-04-16 03:00,30455,20380,10075,30065
2017-04-16 02:00,28984,20645,8339,28602
2017-04-16 01:00,28117,23131,4986,27493
2017-04-16 00:00,27440,23460,3980,26637
2017-04-15 23:00,26663,23488,3175,25856
2017-04-15 22:00,26143,23579,2564,25429
2017-04-15 21:00,25856,23672,2184,25268
2017-04-15 20:00,25902,23642,2260,25433
2017-04-15 19:00,25979,24777,1202,25877
2017-04-15 18:00,26297,25378,919,26245
2017-04-15 17:00,26440,24320,2120,26387
2017-04-15 16:00,25898,22718,3180,26584
2017-04-15 15:00,25285,20466,4819,26427
2017-04-15 14:00,24894,18003,6891,25848
2017-04-15 13:00,24369,16965,7404,24832
2017-04-15 12:00,23920,16402,7518,24183
2017-04-15 11:00,23757,16687,7070,24078
2017-04-15 10:00,24152,15994,8158,24474
2017-04-15 09:00,24791,16184,8607,25154
2017-04-15 08:00,25582,16726,8856,26231
2017-04-15 07:00,27239,18030,9209,28055
2017-04-15 06:00,29289,19311,9978,30195
2017-04-15 05:00,31285,21692,9593,31971
2017-04-15 04:00,32191,23351,8840,32647
2017-04-15 03:00,31294,23002,8292,31409
2017-04-15 02:00,29734,22205,7529,30340
2017-04-15 01:00,29234,24571,4663,29791
2017-04-15 00:00,28530,25901,2629,29372
2017-04-14 23:00,27918,25910,2008,29110
2017-04-14 22:00,27789,26260,1529,29075
2017-04-14 21:00,27847,26429,1418,29080
2017-04-14 20:00,28033,26606,1427,29100
2017-04-14 19:00,28432,25975,2457,29426
2017-04-14 18:00,28861,25624,3237,29762
2017-04-14 17:00,29509,25459,4050,30058
2017-04-14 16:00,29135,23586,5549,30241
2017-04-14 15:00,28753,21098,7655,29881
2017-04-14 14:00,27731,19077,8654,28460
2017-04-14 13:00,26016,17149,8867,26190
2017-04-14 12:00,24870,16175,8695,24766
2017-04-14 11:00,24287,16173,8114,24353
2017-04-14 10:00,24518,16179,8339,24669
2017-04-14 09:00,25107,16346,8761,25353
2017-04-14 08:00,25621,17119,8502,26312
2017-04-14 07:00,27255,17688,9567,28017
2017-04-14 06:00,29647,20194,9453,30445
2017-04-14 05:00,31913,21289,10624,32693
2017-04-14 04:00,33220,23097,10123,33765
2017-04-14 03:00,32412,23228,9184,32623
2017-04-14 02:00,30797,23797,7000,30872
2017-04-14 01:00,30342,25614,4728,30327
2017-04-14 00:00,30286,27016,3270,30001
2017-04-13 23:00,30113,26888,3225,29795
2017-04-13 22:00,30204,26626,3578,29944
2017-04-13 21:00,30491,26553,3938,30135
2017-04-13 20:00,30615,25767,4848,30271
2017-04-13 19:00,30597,25735,4862,30635
2017-04-13 18:00,30145,25769,4376,30901
2017-04-13 17:00,30387,24998,5389,31049
2017-04-13 16:00,30336,22897,7439,30781
2017-04-13 15:00,29820,21401,8419,30301
2017-04-13 14:00,28572,19249,9323,28502
2017-04-13 13:00,26572,17530,9042,25809
2017-04-13 12:00,25389,16323,9066,24315
2017-04-13 11:00,24994,15961,9033,23875
2017-04-13 10:00,25217,15978,9239,24163
2017-04-13 09:00,25734,16563,9171,25016
2017-04-13 08:00,26464,17351,9113,26148
2017-04-13 07:00,27580,18608,8972,27574
2017-04-13 06:00,30061,20858,9203,30013
2017-04-13 05:00,32675,22111,10564,32501
2017-04-13 04:00,34114,23990,10124,33837
2017-04-13 03:00,33682,23825,9857,33077
2017-04-13 02:00,32448,23604,8844,31528
2017-04-13 01:00,32031,25632,6399,30863
2017-04-13 00:00,31583,26488,5095,30564
2017-04-12 23:00,31315,26179,5136,30230
2017-04-12 22:00,30994,26043,4951,29994
2017-04-12 21:00,30749,25999,4750,29932
2017-04-12 20:00,30331,24918,5413,29887
2017-04-12 19:00,30519,25074,5445,30032
2017-04-12 18:00,30400,24450,5950,30086
2017-04-12 17:00,30122,23639,6483,30162
2017-04-12 16:00,29956,23218,6738,30152
2017-04-12 15:00,29653,21202,8451,29769
2017-04-12 14:00,28453,19143,9310,28134
2017-04-12 13:00,26113,16983,9130,25504
2017-04-12 12:00,24843,15633,9210,23948
2017-04-12 11:00,24332,15296,9036,23455
2017-04-12 10:00,24546,15226,9320,23614
2017-04-12 09:00,25017,15720,9297,24254
2017-04-12 08:00,25767,16117,9650,25293
2017-04-12 07:00,27328,17892,9436,27633
2017-04-12 06:00,29700,20205,9495,30156
2017-04-12 05:00,32218,21401,10817,32720
2017-04-12 04:00,33608,23229,10379,34043
2017-04-12 03:00,33669,22981,10688,33008
2017-04-12 02:00,32090,21606,10484,31419
2017-04-12 01:00,31689,22783,8906,31004
2017-04-12 00:00,31608,23672,7936,30599
2017-04-11 23:00,31487,24038,7449,30257
2017-04-11 22:00,31336,23996,7340,30172
2017-04-11 21:00,31284,23904,7380,30062
2017-04-11 20:00,30840,24005,6835,30022
2017-04-11 19:00,30726,24288,6438,30173
2017-04-11 18:00,31023,24691,6332,30364
2017-04-11 17:00,30662,23824,6838,30387
2017-04-11 16:00,30517,22457,8060,30350
2017-04-11 15:00,29917,20424,9493,30060
2017-04-11 14:00,28603,18096,10507,28488
2017-04-11 13:00,26198,16066,10132,25955
2017-04-11 12:00,24516,18263,6253,24367
2017-04-11 11:00,24030,18070,5960,23788
2017-04-11 10:00,24189,18243,5946,23950
2017-04-11 09:00,24775,15057,9718,24598
2017-04-11 08:00,25773,15165,10608,25684
2017-04-11 07:00,27226,16286,10940,27755
2017-04-11 06:00,29502,17898,11604,30155
2017-04-11 05:00,32115,19746,12369,32640
2017-04-11 04:00,33640,21258,12382,33941
2017-04-11 03:00,33157,20676,12481,32805
2017-04-11 02:00,31604,18712,12892,31279
2017-04-11 01:00,30842,20106,10736,30661
2017-04-11 00:00,30299,20667,9632,30204
2017-04-10 23:00,30137,20211,9926,29894
2017-04-10 22:00,30005,19966,10039,29720
2017-04-10 21:00,29686,20188,9498,29589
2017-04-10 20:00,29315,20367,8948,29521
2017-04-10 19:00,29133,20334,8799,29670
2017-04-10 18:00,29116,20142,8974,29902
2017-04-10 17:00,29365,19652,9713,30064
2017-04-10 16:00,29627,18195,11432,30286
2017-04-10 15:00,29392,15666,13726,30091
2017-04-10 14:00,27889,14722,13167,28404
2017-04-10 13:00,25310,14439,10871,25581
2017-04-10 12:00,23554,14602,8952,23787
2017-04-10 11:00,22831,15206,7625,23209
2017-04-10 10:00,22770,15497,7273,23299
2017-04-10 09:00,23288,16350,6938,23768
2017-04-10 08:00,24161,16582,7579,24646
2017-04-10 07:00,25542,17311,8231,26152
2017-04-10 06:00,27693,18236,9457,28321
2017-04-10 05:00,29654,19712,9942,30227
2017-04-10 04:00,30687,20741,9946,31182
2017-04-10 03:00,29708,20343,9365,29806
2017-04-10 02:00,27539,19815,7724,27878
2017-04-10 01:00,25839,21211,4628,26489
2017-04-10 00:00,24753,21333,3420,25224
2017-04-09 23:00,23942,21079,2863,24325
2017-04-09 22:00,23501,21655,1846,23787
2017-04-09 21:00,23698,21530,2168,23609
2017-04-09 20:00,23944,21449,2495,23743
2017-04-09 19:00,24374,22254,2120,24048
2017-04-09 18:00,24759,23264,1495,24258
2017-04-09 17:00,24907,22063,2844,24496
2017-04-09 16:00,24860,20295,4565,24419
2017-04-09 15:00,24362,17937,6425,24204
2017-04-09 14:00,24234,16557,7677,23954
2017-04-09 13:00,23655,16251,7404,23273
2017-04-09 12:00,23200,16002,7198,22858
2017-04-09 11:00,23032,15692,7340,22762
2017-04-09 10:00,23283,15988,7295,23145
2017-04-09 09:00,23819,16294,7525,23877
2017-04-09 08:00,24759,17352,7407,24876
2017-04-09 07:00,26308,18309,7999,26624
2017-04-09 06:00,28294,19976,8318,28266
2017-04-09 05:00,29905,21572,8333,29917
2017-04-09 04:00,30719,22824,7895,30849
2017-04-09 03:00,29725,22670,7055,30008
2017-04-09 02:00,27661,21703,5958,27891
2017-04-09 01:00,26652,21843,4809,26869
2017-04-09 00:00,26316,22016,4300,26088
2017-04-08 23:00,25849,22514,3335,25725
2017-04-08 22:00,25944,22767,3177,25670
2017-04-08 21:00,26134,23835,2299,25898
2017-04-08 20:00,26749,24841,1908,26278
2017-04-08 19:00,27498,25318,2180,26649
2017-04-08 18:00,28074,25306,2768,26992
2017-04-08 17:00,27578,24520,3058,27017
2017-04-08 16:00,26528,24323,2205,26629
2017-04-08 15:00,25754,22662,3092,25842
2017-04-08 14:00,25324,21325,3999,25262
2017-04-08 13:00,24382,19031,5351,24127
2017-04-08 12:00,23689,17911,5778,23562
2017-04-08 11:00,23637,17881,5756,23514
2017-04-08 10:00,23966,18202,5764,23939
2017-04-08 09:00,24713,18573,6140,24818
2017-04-08 08:00,25904,19341,6563,25979
2017-04-08 07:00,27442,20519,6923,27814
2017-04-08 06:00,29473,19335,10138,30143
2017-04-08 05:00,31737,21174,10563,32188
2017-04-08 04:00,32841,22469,10372,33385
2017-04-08 03:00,32622,23059,9563,32612
2017-04-08 02:00,31511,22037,9474,31229
2017-04-08 01:00,31215,22559,8656,31090
2017-04-08 00:00,30775,23069,7706,31053
2017-04-07 23:00,30802,23639,7163,30899
2017-04-07 22:00,30665,23921,6744,30835
2017-04-07 21:00,30638,24479,6159,30804
2017-04-07 20:00,30747,24271,6476,30667
2017-04-07 19:00,30744,24308,6436,30700
2017-04-07 18:00,30899,24092,6807,30694
2017-04-07 17:00,30863,23637,7226,30576
2017-04-07 16:00,30647,22206,8441,30524
2017-04-07 15:00,29902,20231,9671,29913
2017-04-07 14:00,28440,18161,10279,28337
2017-04-07 13:00,25819,16132,9687,25952
2017-04-07 12:00,24229,15171,9058,24415
2017-04-07 11:00,23777,14960,8817,24037
2017-04-07 10:00,23999,15280,8719,24427
2017-04-07 09:00,24594,15647,8947,25245
2017-04-07 08:00,25581,16811,8770,26372
2017-04-07 07:00,27478,17889,9589,28230
2017-04-07 06:00,29832,19738,10094,30709
2017-04-07 05:00,32307,21925,10382,33137
2017-04-07 04:00,34083,23866,10217,34583
2017-04-07 03:00,34203,23893,10310,33668
2017-04-07 02:00,33104,23443,9661,32241
2017-04-07 01:00,32819,24226,8593,32120
2017-04-07 00:00,32787,25629,7158,31928
2017-04-06 23:00,32863,25710,7153,31730
2017-04-06 22:00,32568,25209,7359,31629
2017-04-06 21:00,32608,25076,7532,31495
2017-04-06 20:00,32362,24692,7670,31277
2017-04-06 19:00,32028,24543,7485,31180
2017-04-06 18:00,31607,24523,7084,31004
2017-04-06 17:00,31304,23224,8080,30866
2017-04-06 16:00,31219,21891,9328,30707
2017-04-06 15:00,30388,19737,10651,30078
2017-04-06 14:00,28788,17113,11675,28257
2017-04-06 13:00,26210,16332,9878,25870
2017-04-06 12:00,24453,14923,9530,24288
2017-04-06 11:00,23970,14438,9532,23896
2017-04-06 10:00,24214,14701,9513,24177
2017-04-06 09:00,24918,15458,9460,24922
2017-04-06 08:00,26172,16416,9756,26242
2017-04-06 07:00,27993,17859,10134,27992
2017-04-06 06:00,30660,20027,10633,30719
2017-04-06 05:00,33387,21412,11975,33380
2017-04-06 04:00,35132,23203,11929,34923
2017-04-06 03:00,35013,23517,11496,34319
2017-04-06 02:00,33833,22362,11471,33074
2017-04-06 01:00,33747,23114,10633,32762
2017-04-06 00:00,33366,24555,8811,32326
2017-04-05 23:00,32838,24718,8120,31776
2017-04-05 22:00,32282,24461,7821,31313
2017-04-05 21:00,31661,24410,7251,30806
2017-04-05 20:00,31032,24403,6629,30325
2017-04-05 19:00,30743,24261,6482,30075
2017-04-05 18:00,30387,24169,6218,30036
2017-04-05 17:00,30231,24378,5853,29939
2017-04-05 16:00,30301,23360,6941,30120
2017-04-05 15:00,30014,20795,9219,30039
2017-04-05 14:00,28595,19137,9458,28489
2017-04-05 13:00,26102,16781,9321,25762
2017-04-05 12:00,24456,15563,8893,24298
2017-04-05 11:00,23857,15937,7920,23885
2017-04-05 10:00,24026,15831,8195,24141
2017-04-05 09:00,24672,16202,8470,24858
2017-04-05 08:00,25746,17114,8632,25959
2017-04-05 07:00,27400,18204,9196,27753
2017-04-05 06:00,29834,19915,9919,30297
2017-04-05 05:00,32608,21937,10671,32829
2017-04-05 04:00,34294,23745,10549,34350
2017-04-05 03:00,34113,23682,10431,33684
2017-04-05 02:00,32524,23100,9424,32170
2017-04-05 01:00,32192,25369,6823,31583
2017-04-05 00:00,31549,25653,5896,31087
2017-04-04 23:00,31039,25362,5677,30601
2017-04-04 22:00,30441,25459,4982,30249
2017-04-04 21:00,29826,25800,4026,29919
2017-04-04 20:00,29238,25283,3955,29617
2017-04-04 19:00,29310,25334,3976,29522
2017-04-04 18:00,29352,25305,4047,29601
2017-04-04 17:00,29542,24895,4647,29756
2017-04-04 16:00,29943,23647,6296,30164
2017-04-04 15:00,29957,21831,8126,30093
2017-04-04 14:00,28568,19031,9537,28680
2017-04-04 13:00,25770,16986,8784,25844
2017-04-04 12:00,23905,15533,8372,24104
2017-04-04 11:00,23204,15125,8079,23581
2017-04-04 10:00,23490,15156,8334,23799
2017-04-04 09:00,24109,15714,8395,24448
2017-04-04 08:00,25130,16342,8788,25480
2017-04-04 07:00,26904,17387,9517,27718
2017-04-04 06:00,29223,18375,10848,30360
2017-04-04 05:00,31849,19486,12363,33044
2017-04-04 04:00,33426,20981,12445,34416
2017-04-04 03:00,33204,20726,12478,33571
2017-04-04 02:00,31619,19829,11790,31767
2017-04-04 01:00,30809,21390,9419,31312
2017-04-04 00:00,30230,21613,8617,31085
2017-04-03 23:00,29743,21141,8602,30515
2017-04-03 22:00,29514,20731,8783,30317
2017-04-03 21:00,29331,20331,9000,30169
2017-04-03 20:00,29106,20135,8971,30263
2017-04-03 19:00,29229,20061,9168,30256
2017-04-03 18:00,28970,20127,8843,30314
2017-04-03 17:00,29132,19803,9329,30446
2017-04-03 16:00,29491,17987,11504,30499
2017-04-03 15:00,29253,15210,14043,30265
2017-04-03 14:00,27911,14354,13557,28263
2017-04-03 13:00,25206,13993,11213,25240
2017-04-03 12:00,23532,13781,9751,23587
2017-04-03 11:00,23055,13436,9619,23081
2017-04-03 10:00,23341,13526,9815,23254
2017-04-03 09:00,23720,14158,9562,23844
2017-04-03 08:00,24234,15125,9109,24957
2017-04-03 07:00,25838,16389,9449,26257
2017-04-03 06:00,28209,17979,10230,28624
2017-04-03 05:00,30577,19595,10982,30800
2017-04-03 04:00,32032,20346,11686,32136
2017-04-03 03:00,31407,20184,11223,31256
2017-04-03 02:00,29489,19082,10407,29324
2017-04-03 01:00,28191,20221,7970,28148
2017-04-03 00:00,27060,20489,6571,27188
2017-04-02 23:00,25675,20158,5517,26127
2017-04-02 22:00,24985,19932,5053,25467
2017-04-02 21:00,24520,19702,4818,25072
2017-04-02 20:00,24211,19682,4529,24865
2017-04-02 19:00,24201,19472,4729,24883
2017-04-02 18:00,24159,19773,4386,24889
2017-04-02 17:00,24229,19514,4715,24737
2017-04-02 16:00,23855,18436,5419,24447
2017-04-02 15:00,23484,15991,7493,23888
2017-04-02 14:00,23443,14728,8715,23545
2017-04-02 13:00,22946,14192,8754,22781
2017-04-02 12:00,22485,14088,8397,22516
2017-04-02 11:00,22584,14325,8259,22663
2017-04-02 10:00,22965,14670,8295,23110
2017-04-02 09:00,23704,14947,8757,23934
2017-04-02 08:00,24816,15571,9245,25216
2017-04-02 07:00,26329,17317,9012,26217
2017-04-02 06:00,28318,18843,9475,28174
2017-04-02 05:00,30098,20222,9876,30104
2017-04-02 04:00,31036,21233,9803,31268
2017-04-02 03:00,30575,20944,9631,30689
2017-04-02 02:00,28997,20347,8650,28889
2017-04-02 01:00,27759,22303,5456,27800
2017-04-02 00:00,27145,23878,3267,27036
2017-04-01 23:00,26120,23644,2476,26089
2017-04-01 22:00,25544,23869,1675,25706
2017-04-01 21:00,25247,23940,1307,25523
2017-04-01 20:00,25244,24413,831,25702
2017-04-01 19:00,25516,24656,860,25934
2017-04-01 18:00,25830,25112,718,26139
2017-04-01 17:00,25685,24167,1518,26296
2017-04-01 16:00,25655,22857,2798,26250
2017-04-01 15:00,25477,20158,5319,25781
2017-04-01 14:00,25105,18540,6565,25199
2017-04-01 13:00,24066,16908,7158,24064
2017-04-01 12:00,23384,19731,3653,23411
2017-04-01 11:00,23267,19776,3491,23454
2017-04-01 10:00,23574,19876,3698,23736
2017-04-01 09:00,24194,20053,4141,24547
2017-04-01 08:00,25364,17283,8081,25531
2017-04-01 07:00,27084,18030,9054,27478
2017-04-01 06:00,29208,19760,9448,29726
2017-04-01 05:00,31239,20442,10797,31615
2017-04-01 04:00,32172,21251,10921,32647
2017-04-01 03:00,31814,21458,10356,32174
2017-04-01 02:00,30105,21012,9093,30492
2017-04-01 01:00,29572,22920,6652,29866
2017-04-01 00:00,29103,24393,4710,29358
2017-03-31 23:00,28384,24895,3489,28993
2017-03-31 22:00,28179,24667,3512,28864
2017-03-31 21:00,28119,24961,3158,28868
2017-03-31 20:00,28232,24796,3436,28987
2017-03-31 19:00,28764,24873,3891,29369
2017-03-31 18:00,28997,24738,4259,29735
2017-03-31 17:00,28843,23946,4897,30022
2017-03-31 16:00,29486,22797,6689,30398
2017-03-31 15:00,29794,19735,10059,30251
2017-03-31 14:00,28554,17856,10698,28712
2017-03-31 13:00,25922,15992,9930,26105
2017-03-31 12:00,24454,15451,9003,24499
2017-03-31 11:00,23920,18632,5288,23967
2017-03-31 10:00,24480,18796,5684,24198
2017-03-31 09:00,24647,15951,8696,24861
2017-03-31 08:00,25428,16681,8747,25862
2017-03-31 07:00,26986,17495,9491,27438
2017-03-31 06:00,29478,19137,10341,29917
2017-03-31 05:00,31739,20980,10759,32393
2017-03-31 04:00,32844,22755,10089,33872
2017-03-31 03:00,32383,22996,9387,33195
2017-03-31 02:00,30855,22757,8098,31638
2017-03-31 01:00,30102,23805,6297,31109
2017-03-31 00:00,29884,24870,5014,30677
2017-03-30 23:00,29549,25043,4506,30216
2017-03-30 22:00,29374,25431,3943,30018
2017-03-30 21:00,29462,25105,4357,29907
2017-03-30 20:00,29628,24810,4818,29767
2017-03-30 19:00,30012,24867,5145,29878
2017-03-30 18:00,30209,24475,5734,30056
2017-03-30 17:00,29749,24456,5293,30240
2017-03-30 16:00,29743,22413,7330,30312
2017-03-30 15:00,29598,20942,8656,30129
2017-03-30 14:00,28233,18470,9763,28513
2017-03-30 13:00,25547,16813,8734,25637
2017-03-30 12:00,24206,14865,9341,24102
2017-03-30 11:00,23937,17937,6000,23640
2017-03-30 10:00,24044,14589,9455,23904
2017-03-30 09:00,24618,14951,9667,24564
2017-03-30 08:00,25289,15915,9374,25763
2017-03-30 07:00,27025,16939,10086,27864
2017-03-30 06:00,29520,19287,10233,30554
2017-03-30 05:00,32238,20740,11498,33188
2017-03-30 04:00,33908,22908,11000,34964
2017-03-30 03:00,33795,23053,10742,34851
2017-03-30 02:00,32543,22179,10364,33439
2017-03-30 01:00,32172,23201,8971,33052
2017-03-30 00:00,31705,24926,6779,32671
2017-03-29 23:00,31473,25574,5899,32146
2017-03-29 22:00,31077,25267,5810,31744
2017-03-29 21:00,30528,25003,5525,31321
2017-03-29 20:00,30064,24868,5196,30911
2017-03-29 19:00,29849,25309,4540,30707
2017-03-29 18:00,29567,24627,4940,30409
2017-03-29 17:00,29510,24293,5217,30358
2017-03-29 16:00,29835,23218,6617,30452
2017-03-29 15:00,29808,20835,8973,30374
2017-03-29 14:00,28579,18992,9587,28977
2017-03-29 13:00,25646,16699,8947,26173
2017-03-29 12:00,24074,15251,8823,24621
2017-03-29 11:00,23434,15222,8212,24055
2017-03-29 10:00,23582,15177,8405,24163
2017-03-29 09:00,24261,15515,8746,24859
2017-03-29 08:00,25360,16471,8889,26058
2017-03-29 07:00,26934,17322,9612,27872
2017-03-29 06:00,29250,19027,10223,30226
2017-03-29 05:00,31749,20739,11010,32700
2017-03-29 04:00,33312,21752,11560,34145
2017-03-29 03:00,33145,21574,11571,33531
2017-03-29 02:00,31309,20768,10541,31738
2017-03-29 01:00,30550,21948,8602,31090
2017-03-29 00:00,30092,23239,6853,30613
2017-03-28 23:00,29994,23503,6491,30251
2017-03-28 22:00,29582,23606,5976,30008
2017-03-28 21:00,29384,24017,5367,29782
2017-03-28 20:00,29272,24394,4878,29621
2017-03-28 19:00,29488,24569,4919,29748
2017-03-28 18:00,29456,24814,4642,30016
2017-03-28 17:00,29532,24337,5195,30332
2017-03-28 16:00,30050,22761,7289,30793
2017-03-28 15:00,30222,20418,9804,30819
2017-03-28 14:00,28921,18704,10217,29043
2017-03-28 13:00,25946,16379,9567,26127
2017-03-28 12:00,24084,15096,8988,24399
2017-03-28 11:00,23351,14951,8400,23863
2017-03-28 10:00,23486,14830,8656,24046
2017-03-28 09:00,24200,15284,8916,24709
2017-03-28 08:00,24949,15725,9224,25744
2017-03-28 07:00,26495,16619,9876,27867
2017-03-28 06:00,28888,18417,10471,30270
2017-03-28 05:00,31417,19953,11464,32574
2017-03-28 04:00,33238,21215,12023,33859
2017-03-28 03:00,33036,20836,12200,33177
2017-03-28 02:00,30668,19649,11019,31189
2017-03-28 01:00,29440,21048,8392,30504
2017-03-28 00:00,29212,22151,7061,30112
2017-03-27 23:00,28942,21376,7566,29929
2017-03-27 22:00,28868,21262,7606,30011
2017-03-27 21:00,28929,21432,7497,30015
2017-03-27 20:00,29155,21495,7660,30074
2017-03-27 19:00,29547,21548,7999,30340
2017-03-27 18:00,29828,22006,7822,30700
2017-03-27 17:00,29776,21554,8222,30826
2017-03-27 16:00,30143,19676,10467,30867
2017-03-27 15:00,29751,16222,13529,30465
2017-03-27 14:00,28240,15066,13174,28606
2017-03-27 13:00,25186,14606,10580,25568
2017-03-27 12:00,23652,14447,9205,23843
2017-03-27 11:00,23241,14556,8685,23253
2017-03-27 10:00,23191,14956,8235,23386
2017-03-27 09:00,23478,15442,8036,23900
2017-03-27 08:00,24225,16096,8129,24587
2017-03-27 07:00,25494,16842,8652,26517
2017-03-27 06:00,27584,17653,9931,28669
2017-03-27 05:00,29684,18855,10829,30614
2017-03-27 04:00,31018,19976,11042,31717
2017-03-27 03:00,30673,19670,11003,30719
2017-03-27 02:00,28513,18295,10218,28307
2017-03-27 01:00,27172,19684,7488,27137
2017-03-27 00:00,26314,20513,5801,26250
2017-03-26 23:00,25569,20977,4592,25808
2017-03-26 22:00,25236,20820,4416,25458
2017-03-26 21:00,25266,21665,3601,25320
2017-03-26 20:00,25282,21778,3504,25320
2017-03-26 19:00,25526,21739,3787,25368
2017-03-26 18:00,25861,21941,3920,25483
2017-03-26 17:00,25823,21271,4552,25544
2017-03-26 16:00,25271,18965,6306,25255
2017-03-26 15:00,24172,16533,7639,24784
2017-03-26 14:00,23851,15364,8487,24307
2017-03-26 13:00,23122,15111,8011,23451
2017-03-26 12:00,22821,14413,8408,23111
2017-03-26 11:00,22893,14392,8501,23206
2017-03-26 10:00,23508,14813,8695,23535
2017-03-26 09:00,23937,15295,8642,24166
2017-03-26 08:00,24754,16491,8263,25136
2017-03-26 07:00,26137,17534,8603,27196
2017-03-26 06:00,27880,19421,8459,29117
2017-03-26 05:00,29473,21205,8268,30564
2017-03-26 04:00,30416,22754,7662,31333
2017-03-26 03:00,30033,22832,7201,30322
2017-03-26 02:00,27800,21929,5871,27877
2017-03-26 01:00,26831,22792,4039,26901
2017-03-26 00:00,25967,24026,1941,26116
2017-03-25 23:00,25671,24576,1095,25664
2017-03-25 22:00,25698,24815,883,25655
2017-03-25 21:00,26107,24772,1335,25996
2017-03-25 20:00,26580,25167,1413,26435
2017-03-25 19:00,26868,25101,1767,26941
2017-03-25 18:00,27290,25684,1606,27342
2017-03-25 17:00,27159,25879,1280,27385
2017-03-25 16:00,26626,24504,2122,27007
2017-03-25 15:00,25952,22109,3843,26158
2017-03-25 14:00,25442,19680,5762,25329
2017-03-25 13:00,24294,17049,7245,24131
2017-03-25 12:00,23832,15996,7836,23653
2017-03-25 11:00,23757,15703,8054,23610
2017-03-25 10:00,24195,15742,8453,23953
2017-03-25 09:00,24925,16319,8606,24700
2017-03-25 08:00,25919,16694,9225,25887
2017-03-25 07:00,27414,17953,9461,28110
2017-03-25 06:00,29577,19711,9866,30352
2017-03-25 05:00,31476,21500,9976,32215
2017-03-25 04:00,32592,23176,9416,33111
2017-03-25 03:00,32768,23303,9465,32600
2017-03-25 02:00,31171,22179,8992,30717
2017-03-25 01:00,30574,23713,6861,30439
2017-03-25 00:00,30691,25313,5378,30142
2017-03-24 23:00,30965,25190,5775,30054
2017-03-24 22:00,31135,25326,5809,30080
2017-03-24 21:00,31063,25505,5558,30110
2017-03-24 20:00,31083,25426,5657,30131
2017-03-24 19:00,30993,25773,5220,30426
2017-03-24 18:00,30952,25606,5346,30648
2017-03-24 17:00,31020,25276,5744,30677
2017-03-24 16:00,31107,24504,6603,30831
2017-03-24 15:00,30819,22039,8780,30654
2017-03-24 14:00,29185,19929,9256,29302
2017-03-24 13:00,26556,17596,8960,26353
2017-03-24 12:00,24928,16338,8590,24660
2017-03-24 11:00,24366,15934,8432,24140
2017-03-24 10:00,24527,15676,8851,24325
2017-03-24 09:00,25015,15843,9172,24926
2017-03-24 08:00,25618,16287,9331,26007
2017-03-24 07:00,27109,17746,9363,28251
2017-03-24 06:00,29390,19154,10236,30701
2017-03-24 05:00,31761,20809,10952,32922
2017-03-24 04:00,33276,22014,11262,34135
2017-03-24 03:00,33273,22336,10937,33659
2017-03-24 02:00,30910,21608,9302,31330
2017-03-24 01:00,30003,21972,8031,30546
2017-03-24 00:00,29675,22142,7533,29884
2017-03-23 23:00,29183,22788,6395,29464
2017-03-23 22:00,28970,23859,5111,29297
2017-03-23 21:00,29014,24284,4730,29441
2017-03-23 20:00,29224,24208,5016,29542
2017-03-23 19:00,29556,23731,5825,29944
2017-03-23 18:00,29753,23403,6350,30332
2017-03-23 17:00,30042,23213,6829,30693
2017-03-23 16:00,30615,23149,7466,31159
2017-03-23 15:00,30707,20947,9760,31211
2017-03-23 14:00,29278,19157,10121,29533
2017-03-23 13:00,26134,17693,8441,26364
2017-03-23 12:00,24524,16230,8294,24683
2017-03-23 11:00,24406,15660,8746,24202
2017-03-23 10:00,24653,15721,8932,24412
2017-03-23 09:00,25119,15951,9168,25077
2017-03-23 08:00,25690,16772,8918,26227
2017-03-23 07:00,27198,18033,9165,28002
2017-03-23 06:00,29547,19665,9882,30551
2017-03-23 05:00,32013,21717,10296,32915
2017-03-23 04:00,33477,22705,10772,34196
2017-03-23 03:00,33273,23144,10129,33609
2017-03-23 02:00,31186,21713,9473,31647
2017-03-23 01:00,30463,22275,8188,31193
2017-03-23 00:00,29968,23592,6376,30705
2017-03-22 23:00,29642,23934,5708,30539
2017-03-22 22:00,30204,24086,6118,30595
2017-03-22 21:00,30790,24091,6699,30760
2017-03-22 20:00,31185,24814,6371,30836
2017-03-22 19:00,31375,23819,7556,31090
2017-03-22 18:00,31434,23316,8118,31351
2017-03-22 17:00,31525,22851,8674,31522
2017-03-22 16:00,31395,22535,8860,31431
2017-03-22 15:00,30858,21271,9587,31067
2017-03-22 14:00,29088,19425,9663,29086
2017-03-22 13:00,26430,17624,8806,25972
2017-03-22 12:00,24915,16159,8756,24437
2017-03-22 11:00,24381,15450,8931,23997
2017-03-22 10:00,24622,15704,8918,24224
2017-03-22 09:00,25203,16188,9015,24904
2017-03-22 08:00,26176,17046,9130,26033
2017-03-22 07:00,27720,18235,9485,27721
2017-03-22 06:00,29674,20111,9563,30300
2017-03-22 05:00,32104,21490,10614,32773
2017-03-22 04:00,33667,23347,10320,34275
2017-03-22 03:00,33877,23711,10166,33895
2017-03-22 02:00,32209,22060,10149,31973
2017-03-22 01:00,31451,22832,8619,31325
2017-03-22 00:00,30925,24088,6837,30896
2017-03-21 23:00,31172,24252,6920,30768
2017-03-21 22:00,30926,24272,6654,30740
2017-03-21 21:00,30777,24995,5782,30827
2017-03-21 20:00,31568,24851,6717,30849
2017-03-21 19:00,31449,25246,6203,31086
2017-03-21 18:00,31471,24872,6599,31247
2017-03-21 17:00,31523,24401,7122,31243
2017-03-21 16:00,31190,22841,8349,31160
2017-03-21 15:00,30816,20854,9962,30785
2017-03-21 14:00,29149,18893,10256,28874
2017-03-21 13:00,26128,16886,9242,25740
2017-03-21 12:00,24703,15781,8922,24127
2017-03-21 11:00,24348,15084,9264,23661
2017-03-21 10:00,24746,14828,9918,23958
2017-03-21 09:00,25171,15020,10151,24631
2017-03-21 08:00,26014,15558,10456,25747
2017-03-21 07:00,27646,17301,10345,27746
2017-03-21 06:00,29765,19208,10557,30243
2017-03-21 05:00,32234,20925,11309,32777
2017-03-21 04:00,34001,22301,11700,34259
2017-03-21 03:00,34403,22894,11509,33907
2017-03-21 02:00,32732,21350,11382,31889
2017-03-21 01:00,32136,21840,10296,31355
2017-03-21 00:00,31650,21728,9922,31000
2017-03-20 23:00,31209,21523,9686,30714
2017-03-20 22:00,30923,21861,9062,30584
2017-03-20 21:00,30942,21422,9520,30413
2017-03-20 20:00,30772,21102,9670,30360
2017-03-20 19:00,31001,20607,10394,30518
2017-03-20 18:00,31227,20574,10653,30734
2017-03-20 17:00,31191,19601,11590,30776
2017-03-20 16:00,31008,17828,13180,30666
2017-03-20 15:00,30472,16054,14418,30059
2017-03-20 14:00,28651,15345,13306,27964
2017-03-20 13:00,25809,14776,11033,24844
2017-03-20 12:00,24143,14446,9697,23197
2017-03-20 11:00,23558,14479,9079,22680
2017-03-20 10:00,23635,14793,8842,23053
2017-03-20 09:00,24126,15188,8938,23711
2017-03-20 08:00,24917,16315,8602,24822
2017-03-20 07:00,26053,17623,8430,26146
2017-03-20 06:00,28198,19090,9108,28412
2017-03-20 05:00,30440,20468,9972,30458
2017-03-20 04:00,31781,21923,9858,31399
2017-03-20 03:00,31821,22489,9332,30690
2017-03-20 02:00,29955,21000,8955,28953
2017-03-20 01:00,29015,21067,7948,27687
2017-03-20 00:00,28153,21505,6648,26546
2017-03-19 23:00,27648,21227,6421,25661
2017-03-19 22:00,26771,21102,5669,24926
2017-03-19 21:00,26309,21152,5157,24475
2017-03-19 20:00,25792,21233,4559,24326
2017-03-19 19:00,25827,21341,4486,24361
2017-03-19 18:00,25756,21310,4446,24443
2017-03-19 17:00,25279,20554,4725,24529
2017-03-19 16:00,24842,19150,5692,24265
2017-03-19 15:00,24198,16755,7443,23749
2017-03-19 14:00,23849,14798,9051,23379
2017-03-19 13:00,23086,14075,9011,22501
2017-03-19 12:00,22739,13667,9072,22489
2017-03-19 11:00,22808,13833,8975,22741
2017-03-19 10:00,23157,14216,8941,23154
2017-03-19 09:00,23942,15221,8721,23939
2017-03-19 08:00,25142,16598,8544,25086
2017-03-19 07:00,26527,17812,8715,27158
2017-03-19 06:00,28575,19722,8853,29162
2017-03-19 05:00,30489,21514,8975,30825
2017-03-19 04:00,31760,23154,8606,31776
2017-03-19 03:00,31806,23897,7909,31233
2017-03-19 02:00,30063,23792,6271,29840
2017-03-19 01:00,29125,24456,4669,28888
2017-03-19 00:00,28239,24794,3445,27995
2017-03-18 23:00,27920,25052,2868,27404
2017-03-18 22:00,27792,24668,3124,26829
2017-03-18 21:00,28009,24252,3757,26524
2017-03-18 20:00,27888,24242,3646,26652
2017-03-18 19:00,28202,24343,3859,26690
2017-03-18 18:00,27866,24483,3383,26789
2017-03-18 17:00,27382,24075,3307,26855
2017-03-18 16:00,26743,22211,4532,26082
2017-03-18 15:00,25914,20493,5421,25392
2017-03-18 14:00,25368,18913,6455,24828
2017-03-18 13:00,24503,16722,7781,23850
2017-03-18 12:00,23913,15134,8779,23615
2017-03-18 11:00,23926,14886,9040,23758
2017-03-18 10:00,24370,15413,8957,24299
2017-03-18 09:00,25271,15727,9544,25196
2017-03-18 08:00,26426,16726,9700,26607
2017-03-18 07:00,27915,17935,9980,28174
2017-03-18 06:00,30141,19898,10243,30735
2017-03-18 05:00,32514,22510,10004,33003
2017-03-18 04:00,34107,24674,9433,34415
2017-03-18 03:00,34463,25125,9338,34471
2017-03-18 02:00,33349,23942,9407,33473
2017-03-18 01:00,33532,24596,8936,33260
2017-03-18 00:00,33133,25677,7456,32942
2017-03-17 23:00,32497,25761,6736,32412
2017-03-17 22:00,32048,25660,6388,31907
2017-03-17 21:00,31808,25226,6582,31409
2017-03-17 20:00,31114,24843,6271,30978
2017-03-17 19:00,30514,24646,5868,30863
2017-03-17 18:00,30381,24403,5978,30700
2017-03-17 17:00,30474,24258,6216,30538
2017-03-17 16:00,30615,22345,8270,30428
2017-03-17 15:00,30367,20782,9585,30173
2017-03-17 14:00,28813,19141,9672,28639
2017-03-17 13:00,25858,16694,9164,25914
2017-03-17 12:00,24443,15893,8550,24456
2017-03-17 11:00,23866,15693,8173,24073
2017-03-17 10:00,24253,15776,8477,24364
2017-03-17 09:00,24922,16130,8792,25147
2017-03-17 08:00,26141,16998,9143,26423
2017-03-17 07:00,28011,18450,9561,28524
2017-03-17 06:00,30637,20707,9930,31268
2017-03-17 05:00,33356,22567,10789,33901
2017-03-17 04:00,35067,24413,10654,35492
2017-03-17 03:00,35341,24884,10457,35411
2017-03-17 02:00,33806,23903,9903,33768
2017-03-17 01:00,33619,25478,8141,33495
2017-03-17 00:00,33273,25731,7542,33085
2017-03-16 23:00,32838,26118,6720,32709
2017-03-16 22:00,32387,26356,6031,32416
2017-03-16 21:00,31910,25484,6426,31850
2017-03-16 20:00,31403,24753,6650,31231
2017-03-16 19:00,31323,24042,7281,31007
2017-03-16 18:00,31169,23844,7325,30788
2017-03-16 17:00,31021,23358,7663,30696
2017-03-16 16:00,31116,21605,9511,30677
2017-03-16 15:00,30904,19502,11402,30560
2017-03-16 14:00,29254,18024,11230,28819
2017-03-16 13:00,26235,16309,9926,25810
2017-03-16 12:00,24833,15510,9323,24261
2017-03-16 11:00,24511,15400,9111,23781
2017-03-16 10:00,24778,15449,9329,24024
2017-03-16 09:00,25194,15950,9244,24815
2017-03-16 08:00,26097,17033,9064,26142
2017-03-16 07:00,28037,18179,9858,28353
2017-03-16 06:00,30737,20255,10482,31127
2017-03-16 05:00,33564,23034,10530,33787
2017-03-16 04:00,35259,25241,10018,35511
2017-03-16 03:00,35686,25433,10253,35474
2017-03-16 02:00,34148,24620,9528,34004
2017-03-16 01:00,33945,25359,8586,33652
2017-03-16 00:00,33536,26445,7091,33344
2017-03-15 23:00,32873,26526,6347,32961
2017-03-15 22:00,32660,26064,6596,32606
2017-03-15 21:00,31919,25499,6420,32096
2017-03-15 20:00,31350,25711,5639,31609
2017-03-15 19:00,31079,25587,5492,31293
2017-03-15 18:00,30660,25300,5360,31070
2017-03-15 17:00,30146,23890,6256,30963
2017-03-15 16:00,30083,22493,7590,30861
2017-03-15 15:00,29928,20860,9068,30598
2017-03-15 14:00,28669,18898,9771,28875
2017-03-15 13:00,25926,16828,9098,25968
2017-03-15 12:00,24483,15468,9015,24480
2017-03-15 11:00,24205,15221,8984,24136
2017-03-15 10:00,24504,15509,8995,24517
2017-03-15 09:00,25240,15938,9302,25366
2017-03-15 08:00,26336,17161,9175,26588
2017-03-15 07:00,28185,18104,10081,28942
2017-03-15 06:00,31001,20592,10409,31754
2017-03-15 05:00,33980,22911,11069,34714
2017-03-15 04:00,35949,25305,10644,36581
2017-03-15 03:00,36585,26042,10543,36602
2017-03-15 02:00,35406,24891,10515,35089
2017-03-15 01:00,35135,25821,9314,34953
2017-03-15 00:00,34947,26453,8494,34621
2017-03-14 23:00,34219,25947,8272,34123
2017-03-14 22:00,33375,25898,7477,33543
2017-03-14 21:00,32628,25308,7320,32910
2017-03-14 20:00,31666,25313,6353,32345
2017-03-14 19:00,31246,25119,6127,31904
2017-03-14 18:00,30800,24674,6126,31551
2017-03-14 17:00,30432,23435,6997,31285
2017-03-14 16:00,30426,21767,8659,31098
2017-03-14 15:00,30332,20358,9974,30801
2017-03-14 14:00,28633,18967,9666,28799
2017-03-14 13:00,25570,16803,8767,25814
2017-03-14 12:00,24137,15108,9029,24290
2017-03-14 11:00,23774,15086,8688,23939
2017-03-14 10:00,23979,15224,8755,24248
2017-03-14 09:00,24690,15282,9408,25061
2017-03-14 08:00,25894,17747,8147,26224
2017-03-14 07:00,27532,18199,9333,28669
2017-03-14 06:00,30291,19694,10597,31426
2017-03-14 05:00,33205,21296,11909,34298
2017-03-14 04:00,35237,22219,13018,36358
2017-03-14 03:00,35789,22247,13542,36484
2017-03-14 02:00,34616,21614,13002,34879
2017-03-14 01:00,34244,22549,11695,34709
2017-03-14 00:00,33573,23087,10486,34467
2017-03-13 23:00,32870,22882,9988,34113
2017-03-13 22:00,32690,21826,10864,33494
2017-03-13 21:00,32084,21111,10973,32923
2017-03-13 20:00,31175,21114,10061,32332
2017-03-13 19:00,30742,20895,9847,32010
2017-03-13 18:00,30317,19782,10535,31698
2017-03-13 17:00,30071,19158,10913,31426
2017-03-13 16:00,30306,17578,12728,31275
2017-03-13 15:00,30234,15254,14980,30703
2017-03-13 14:00,28298,14880,13418,28324
2017-03-13 13:00,25255,15027,10228,25131
2017-03-13 12:00,23506,14973,8533,23569
2017-03-13 11:00,23182,15061,8121,23066
2017-03-13 10:00,23207,15378,7829,23317
2017-03-13 09:00,23839,15288,8551,24004
2017-03-13 08:00,28030,16814,11216,27998
2017-03-13 07:00,26984,18626,8358,27480
2017-03-13 06:00,29052,19764,9288,29509
2017-03-13 05:00,31145,20914,10231,31577
2017-03-13 04:00,32543,21967,10576,32653
2017-03-13 03:00,32458,22139,10319,32374
2017-03-13 02:00,30595,20723,9872,30401
2017-03-13 01:00,28997,21931,7066,29395
2017-03-13 00:00,27530,23483,4047,28274
2017-03-12 23:00,26736,23685,3051,27473
2017-03-12 22:00,25680,23514,2166,26865
2017-03-12 21:00,25031,23486,1545,26357
2017-03-12 20:00,24600,23101,1499,25954
2017-03-12 19:00,24365,23104,1261,25633
2017-03-12 18:00,24133,21917,2216,25356
2017-03-12 17:00,24041,21553,2488,25087
2017-03-12 16:00,24052,19036,5016,24641
2017-03-12 15:00,23938,16288,7650,24159
2017-03-12 14:00,23611,15652,7959,23624
2017-03-12 13:00,22822,15053,7769,22801
2017-03-12 12:00,22607,14974,7633,22694
2017-03-12 11:00,22953,15504,7449,22974
2017-03-12 10:00,23597,16020,7577,23262
2017-03-12 09:00,21707,16297,5410,22411
2017-03-12 08:00,25723,18088,7635,23264
2017-03-12 07:00,27759,19222,8537,27718
2017-03-12 06:00,29602,20461,9141,29493
2017-03-12 05:00,31118,21850,9268,30915
2017-03-12 04:00,32121,22806,9315,31979
2017-03-12 03:00,32318,23351,8967,32273
2017-03-12 02:00,30379,21856,8523,30181
2017-03-12 01:00,29052,22114,6938,28717
2017-03-12 00:00,28543,23228,5315,27904
2017-03-11 23:00,27793,23805,3988,27368
2017-03-11 22:00,27274,24547,2727,27005
2017-03-11 21:00,27150,24743,2407,26870
2017-03-11 20:00,26964,24585,2379,26778
2017-03-11 19:00,26738,24304,2434,26805
2017-03-11 18:00,26418,23548,2870,26611
2017-03-11 17:00,25750,22612,3138,26112
2017-03-11 16:00,25142,20493,4649,25547
2017-03-11 15:00,24739,18200,6539,24939
2017-03-11 14:00,24139,16693,7446,24155
2017-03-11 13:00,23660,15728,7932,23331
2017-03-11 12:00,23587,15503,8084,23132
2017-03-11 11:00,23842,15699,8143,23473
2017-03-11 10:00,24513,16216,8297,24197
2017-03-11 09:00,25413,17072,8341,25287
2017-03-11 08:00,27415,17812,9603,26985
2017-03-11 07:00,29164,19163,10001,29240
2017-03-11 06:00,31303,20653,10650,31362
2017-03-11 05:00,32893,22373,10520,33001
2017-03-11 04:00,34017,23718,10299,34207
2017-03-11 03:00,34379,24536,9843,34713
2017-03-11 02:00,32835,22827,10008,32956
2017-03-11 01:00,32110,24341,7769,31978
2017-03-11 00:00,31932,25579,6353,31524
2017-03-10 23:00,32056,25884,6172,31234
2017-03-10 22:00,32290,26073,6217,30953
2017-03-10 21:00,32193,25966,6227,30615
2017-03-10 20:00,31905,25841,6064,30540
2017-03-10 19:00,31238,25204,6034,30520
2017-03-10 18:00,30410,24587,5823,30349
2017-03-10 17:00,30072,24065,6007,30355
2017-03-10 16:00,29659,22215,7444,30142
2017-03-10 15:00,28314,19306,9008,28771
2017-03-10 14:00,25957,17440,8517,26224
2017-03-10 13:00,24165,16047,8118,24317
2017-03-10 12:00,23555,16100,7455,23687
2017-03-10 11:00,23696,16045,7651,23837
2017-03-10 10:00,24265,16216,8049,24427
2017-03-10 09:00,25190,16785,8405,25362
2017-03-10 08:00,26728,17589,9139,27031
2017-03-10 07:00,29076,19238,9838,29527
2017-03-10 06:00,31636,21456,10180,32101
2017-03-10 05:00,33646,22808,10838,33982
2017-03-10 04:00,34907,24028,10879,35159
2017-03-10 03:00,35341,24391,10950,35581
2017-03-10 02:00,33581,22501,11080,33604
2017-03-10 01:00,32609,23401,9208,32457
2017-03-10 00:00,31948,24922,7026,31894
2017-03-09 23:00,31701,24843,6858,31456
2017-03-09 22:00,31244,24817,6427,31080
2017-03-09 21:00,30714,24675,6039,30669
2017-03-09 20:00,30500,24663,5837,30499
2017-03-09 19:00,30331,24224,6107,30373
2017-03-09 18:00,29678,23903,5775,30298
2017-03-09 17:00,29355,24194,5161,30363
2017-03-09 16:00,29724,22409,7315,30429
2017-03-09 15:00,28821,20569,8252,29120
2017-03-09 14:00,26307,18416,7891,26456
2017-03-09 13:00,24300,16535,7765,24488
2017-03-09 12:00,23631,16424,7207,23854
2017-03-09 11:00,23715,16373,7342,23958
2017-03-09 10:00,24274,17034,7240,24538
2017-03-09 09:00,25180,17867,7313,25472
2017-03-09 08:00,26738,17764,8974,26816
2017-03-09 07:00,28979,19419,9560,29233
2017-03-09 06:00,31374,21911,9463,31818
2017-03-09 05:00,33325,24229,9096,33779
2017-03-09 04:00,34440,25290,9150,34951
2017-03-09 03:00,34585,25529,9056,35097
2017-03-09 02:00,32539,23435,9104,32817
2017-03-09 01:00,31347,23371,7976,31462
2017-03-09 00:00,30612,24619,5993,30661
2017-03-08 23:00,30216,25332,4884,30365
2017-03-08 22:00,30042,25743,4299,30007
2017-03-08 21:00,29865,25974,3891,29774
2017-03-08 20:00,29882,25801,4081,29759
2017-03-08 19:00,29531,26159,3372,29868
2017-03-08 18:00,29552,26270,3282,30041
2017-03-08 17:00,29884,26385,3499,30461
2017-03-08 16:00,30600,25509,5091,30669
2017-03-08 15:00,29655,23573,6082,29479
2017-03-08 14:00,27024,19887,7137,26774
2017-03-08 13:00,24922,17166,7756,24738
2017-03-08 12:00,24074,16904,7170,23992
2017-03-08 11:00,24149,16753,7396,23980
2017-03-08 10:00,24501,17252,7249,24516
2017-03-08 09:00,25413,17527,7886,25413
2017-03-08 08:00,26984,18417,8567,27175
2017-03-08 07:00,29223,20035,9188,29615
2017-03-08 06:00,31664,21988,9676,32182
2017-03-08 05:00,33464,24066,9398,34012
2017-03-08 04:00,34346,25413,8933,34878
2017-03-08 03:00,34355,25276,9079,34777
2017-03-08 02:00,31785,22832,8953,32296
2017-03-08 01:00,30299,22844,7455,30566
2017-03-08 00:00,29971,24640,5331,29867
2017-03-07 23:00,29729,24868,4861,29464
2017-03-07 22:00,29911,25150,4761,29285
2017-03-07 21:00,29812,25371,4441,29220
2017-03-07 20:00,29625,25621,4004,29450
2017-03-07 19:00,30021,25615,4406,29828
2017-03-07 18:00,30122,25429,4693,30271
2017-03-07 17:00,30647,25210,5437,30932
2017-03-07 16:00,31495,25288,6207,31565
2017-03-07 15:00,30664,22373,8291,30520
2017-03-07 14:00,27823,18196,9627,27649
2017-03-07 13:00,25933,17217,8716,25447
2017-03-07 12:00,25088,16778,8310,24604
2017-03-07 11:00,25076,16625,8451,24575
2017-03-07 10:00,25562,16730,8832,25085
2017-03-07 09:00,26228,17522,8706,25956
2017-03-07 08:00,27617,17733,9884,27585
2017-03-07 07:00,29927,19103,10824,29917
2017-03-07 06:00,32433,20935,11498,32371
2017-03-07 05:00,34228,22093,12135,34106
2017-03-07 04:00,35080,22852,12228,34988
2017-03-07 03:00,34974,22972,12002,34898
2017-03-07 02:00,32020,20874,11146,32390
2017-03-07 01:00,30101,21873,8228,30189
2017-03-07 00:00,29300,22322,6978,29011
2017-03-06 23:00,29207,22253,6954,28711
2017-03-06 22:00,29308,21585,7723,28799
2017-03-06 21:00,29144,21689,7455,29023
2017-03-06 20:00,29585,21884,7701,29509
2017-03-06 19:00,30129,21396,8733,30042
2017-03-06 18:00,30681,20590,10091,30608
2017-03-06 17:00,31057,19704,11353,31195
2017-03-06 16:00,31482,17678,13804,31406
2017-03-06 15:00,30360,15802,14558,30025
2017-03-06 14:00,27512,15292,12220,27050
2017-03-06 13:00,25469,14909,10560,24881
2017-03-06 12:00,24522,15204,9318,23932
2017-03-06 11:00,24420,15334,9086,23907
2017-03-06 10:00,24773,16012,8761,24356
2017-03-06 09:00,25445,16577,8868,25091
2017-03-06 08:00,26798,16937,9861,26209
2017-03-06 07:00,28694,18507,10187,28329
2017-03-06 06:00,30597,19928,10669,30486
2017-03-06 05:00,32069,20851,11218,31928
2017-03-06 04:00,32718,21380,11338,32681
2017-03-06 03:00,32376,22212,10164,32140
2017-03-06 02:00,29235,20520,8715,29507
2017-03-06 01:00,26831,20132,6699,27512
2017-03-06 00:00,26096,21315,4781,26521
2017-03-05 23:00,25751,21878,3873,26177
2017-03-05 22:00,25669,22211,3458,26087
2017-03-05 21:00,25819,22155,3664,26089
2017-03-05 20:00,26142,22356,3786,26188
2017-03-05 19:00,25906,22551,3355,26153
2017-03-05 18:00,25795,22089,3706,25909
2017-03-05 17:00,25404,21329,4075,25445
2017-03-05 16:00,24703,18655,6048,24740
2017-03-05 15:00,24141,16275,7866,24296
2017-03-05 14:00,23471,15379,8092,23719
2017-03-05 13:00,22846,14962,7884,23189
2017-03-05 12:00,22734,14965,7769,23119
2017-03-05 11:00,23013,14891,8122,23353
2017-03-05 10:00,23590,15273,8317,24059
2017-03-05 09:00,24598,15928,8670,25009
2017-03-05 08:00,25864,16594,9270,26214
2017-03-05 07:00,27640,18096,9544,28044
2017-03-05 06:00,29239,19746,9493,29618
2017-03-05 05:00,30424,20710,9714,30886
2017-03-05 04:00,31103,21275,9828,31707
2017-03-05 03:00,31344,22051,9293,31520
2017-03-05 02:00,29041,21013,8028,29070
2017-03-05 01:00,27150,22739,4411,27240
2017-03-05 00:00,26385,24455,1930,26372
2017-03-04 23:00,26146,24620,1526,26101
2017-03-04 22:00,25986,24596,1390,26126
2017-03-04 21:00,25859,24684,1175,26271
2017-03-04 20:00,26063,24894,1169,26604
2017-03-04 19:00,26413,24915,1498,26966
2017-03-04 18:00,26504,24913,1591,27019
2017-03-04 17:00,26145,23667,2478,26752
2017-03-04 16:00,25923,21919,4004,26136
2017-03-04 15:00,25451,19558,5893,25531
2017-03-04 14:00,24683,17665,7018,24580
2017-03-04 13:00,23789,16203,7586,23792
2017-03-04 12:00,23548,15815,7733,23601
2017-03-04 11:00,23883,15949,7934,23836
2017-03-04 10:00,24504,16290,8214,24522
2017-03-04 09:00,25503,16621,8882,25601
2017-03-04 08:00,26930,17733,9197,27060
2017-03-04 07:00,28695,18961,9734,29079
2017-03-04 06:00,30579,20517,10062,30970
2017-03-04 05:00,32097,22337,9760,32430
2017-03-04 04:00,33161,23231,9930,33442
2017-03-04 03:00,33627,23942,9685,33594
2017-03-04 02:00,31658,21564,10094,31410
2017-03-04 01:00,30502,23404,7098,29987
2017-03-04 00:00,29917,24893,5024,29571
2017-03-03 23:00,29689,25382,4307,29474
2017-03-03 22:00,29685,25337,4348,29416
2017-03-03 21:00,29007,25147,3860,29471
2017-03-03 20:00,29019,25170,3849,29803
2017-03-03 19:00,29093,25606,3487,30119
2017-03-03 18:00,29254,25250,4004,30437
2017-03-03 17:00,29863,24312,5551,30798
2017-03-03 16:00,30545,22863,7682,31030
2017-03-03 15:00,29656,20686,8970,29772
2017-03-03 14:00,26865,17639,9226,27039
2017-03-03 13:00,24894,16295,8599,25110
2017-03-03 12:00,24515,15895,8620,24392
2017-03-03 11:00,24669,16187,8482,24478
2017-03-03 10:00,25189,16572,8617,25045
2017-03-03 09:00,26036,16556,9480,25821
2017-03-03 08:00,27538,17225,10313,27247
2017-03-03 07:00,29119,19185,9934,29243
2017-03-03 06:00,31304,20328,10976,31648
2017-03-03 05:00,33075,22003,11072,33382
2017-03-03 04:00,34147,23368,10779,34344
2017-03-03 03:00,34306,23586,10720,34329
2017-03-03 02:00,31993,21497,10496,31536
2017-03-03 01:00,30611,22751,7860,29577
2017-03-03 00:00,29810,24764,5046,28832
2017-03-02 23:00,29449,25107,4342,28701
2017-03-02 22:00,29168,24898,4270,28633
2017-03-02 21:00,28923,24684,4239,28677
2017-03-02 20:00,29011,25003,4008,29042
2017-03-02 19:00,29483,24987,4496,29624
2017-03-02 18:00,30020,24839,5181,30308
2017-03-02 17:00,30531,23773,6758,31052
2017-03-02 16:00,31468,23253,8215,31627
2017-03-02 15:00,30574,20667,9907,30495
2017-03-02 14:00,27706,18300,9406,27717
2017-03-02 13:00,25739,16543,9196,25748
2017-03-02 12:00,24842,16124,8718,24896
2017-03-02 11:00,24776,15930,8846,24810
2017-03-02 10:00,25270,16672,8598,25240
2017-03-02 09:00,26212,17282,8930,25994
2017-03-02 08:00,27582,18623,8959,27887
2017-03-02 07:00,29551,20294,9257,30086
2017-03-02 06:00,31917,22211,9706,32467
2017-03-02 05:00,33640,23895,9745,34198
2017-03-02 04:00,34528,24125,10403,35061
2017-03-02 03:00,34577,24762,9815,35107
2017-03-02 02:00,31954,23057,8897,32546
2017-03-02 01:00,30211,23669,6542,30724
2017-03-02 00:00,29481,24849,4632,29986
2017-03-01 23:00,29106,24929,4177,29654
2017-03-01 22:00,28851,25501,3350,29500
2017-03-01 21:00,28753,26165,2588,29562
2017-03-01 20:00,29118,26131,2987,30012
2017-03-01 19:00,29761,26128,3633,30666
2017-03-01 18:00,30332,26007,4325,31371
2017-03-01 17:00,31092,25806,5286,32069
2017-03-01 16:00,32104,24938,7166,32427
2017-03-01 15:00,31362,23064,8298,31038
2017-03-01 14:00,28393,20130,8263,28007
2017-03-01 13:00,26205,18503,7702,25869
2017-03-01 12:00,25482,18008,7474,25038
2017-03-01 11:00,25360,18063,7297,25045
2017-03-01 10:00,25782,18064,7718,25568
2017-03-01 09:00,26686,18609,8077,26409
2017-03-01 08:00,28047,19631,8416,28247
2017-03-01 07:00,29998,21055,8943,30539
2017-03-01 06:00,32423,23205,9218,32963
2017-03-01 05:00,34108,24862,9246,34726
2017-03-01 04:00,34809,25801,9008,35544
2017-03-01 03:00,34561,26393,8168,35472
2017-03-01 02:00,31725,23958,7767,32532
2017-03-01 01:00,29550,22635,6915,30301
2017-03-01 00:00,28759,22627,6132,29408
2017-02-28 23:00,28524,23023,5501,29084
2017-02-28 22:00,28467,23378,5089,29127
2017-02-28 21:00,28703,23442,5261,29469
2017-02-28 20:00,29158,23662,5496,30015
2017-02-28 19:00,29748,24075,5673,30701
2017-02-28 18:00,30517,24212,6305,31348
2017-02-28 17:00,31310,23572,7738,32129
2017-02-28 16:00,32143,22230,9913,32452
2017-02-28 15:00,31164,21028,10136,30826
2017-02-28 14:00,28021,18516,9505,27765
2017-02-28 13:00,26124,17693,8431,25703
2017-02-28 12:00,25269,17534,7735,24867
2017-02-28 11:00,25298,17605,7693,24894
2017-02-28 10:00,25784,17944,7840,25407
2017-02-28 09:00,26679,18413,8266,26246
2017-02-28 08:00,28296,18581,9715,27968
2017-02-28 07:00,30442,19542,10900,30264
2017-02-28 06:00,32894,21162,11732,32846
2017-02-28 05:00,34816,22156,12660,34688
2017-02-28 04:00,35816,22971,12845,35564
2017-02-28 03:00,35983,23142,12841,35596
2017-02-28 02:00,33798,21198,12600,33037
2017-02-28 01:00,32052,21311,10741,30942
2017-02-28 00:00,31468,22282,9186,30088
2017-02-27 23:00,31190,22196,8994,29918
2017-02-27 22:00,31377,22338,9039,30118
2017-02-27 21:00,31492,22590,8902,30427
2017-02-27 20:00,31777,22453,9324,30852
2017-02-27 19:00,32052,22523,9529,31383
2017-02-27 18:00,31988,22240,9748,31757
2017-02-27 17:00,32075,21169,10906,32103
2017-02-27 16:00,31963,18349,13614,31942
2017-02-27 15:00,30297,16644,13653,30231
2017-02-27 14:00,27138,16066,11072,27121
2017-02-27 13:00,25091,16152,8939,25055
2017-02-27 12:00,24195,16125,8070,24189
2017-02-27 11:00,24113,16215,7898,24140
2017-02-27 10:00,24508,16359,8149,24629
2017-02-27 09:00,25358,17225,8133,25404
2017-02-27 08:00,26753,18617,8136,26767
2017-02-27 07:00,28511,19566,8945,28765
2017-02-27 06:00,30668,20186,10482,30804
2017-02-27 05:00,32070,21030,11040,32089
2017-02-27 04:00,32752,21701,11051,32681
2017-02-27 03:00,32744,22022,10722,32513
2017-02-27 02:00,29908,20352,9556,29675
2017-02-27 01:00,27318,20572,6746,27201
2017-02-27 00:00,25946,21823,4123,26003
2017-02-26 23:00,25205,21867,3338,25536
2017-02-26 22:00,25009,22258,2751,25583
2017-02-26 21:00,25067,22976,2091,25799
2017-02-26 20:00,25286,23621,1665,26224
2017-02-26 19:00,25581,23876,1705,26626
2017-02-26 18:00,25905,24189,1716,26966
2017-02-26 17:00,26133,23675,2458,26901
2017-02-26 16:00,26151,20502,5649,26144
2017-02-26 15:00,25958,18625,7333,25591
2017-02-26 14:00,25196,17705,7491,24806
2017-02-26 13:00,24775,17557,7218,24322
2017-02-26 12:00,24579,17689,6890,24253
2017-02-26 11:00,24819,17952,6867,24545
2017-02-26 10:00,25437,18132,7305,25185
2017-02-26 09:00,26446,18895,7551,26060
2017-02-26 08:00,27575,19755,7820,27769
2017-02-26 07:00,28982,21058,7924,29604
2017-02-26 06:00,30380,22022,8358,31233
2017-02-26 05:00,31563,22939,8624,32303
2017-02-26 04:00,32244,23589,8655,32984
2017-02-26 03:00,32388,23709,8679,33135
2017-02-26 02:00,30172,22409,7763,31035
2017-02-26 01:00,27884,23565,4319,28201
2017-02-26 00:00,27197,25393,1804,26860
2017-02-25 23:00,26194,25133,1061,26507
2017-02-25 22:00,25953,25824,129,26572
2017-02-25 21:00,26151,25682,469,26922
2017-02-25 20:00,26623,25794,829,27493
2017-02-25 19:00,27209,26471,738,28286
2017-02-25 18:00,27738,26482,1256,28696
2017-02-25 17:00,28213,25958,2255,28623
2017-02-25 16:00,28119,24642,3477,28038
2017-02-25 15:00,27717,23294,4423,27314
2017-02-25 14:00,26607,20686,5921,26152
2017-02-25 13:00,25632,18625,7007,25326
2017-02-25 12:00,25364,18337,7027,25095
2017-02-25 11:00,25588,18344,7244,25324
2017-02-25 10:00,26263,18856,7407,25930
2017-02-25 09:00,27272,19212,8060,26842
2017-02-25 08:00,28559,19575,8984,28463
2017-02-25 07:00,30499,21396,9103,30658
2017-02-25 06:00,32406,23225,9181,32645
2017-02-25 05:00,33674,24379,9295,34001
2017-02-25 04:00,34300,24961,9339,34724
2017-02-25 03:00,34317,25235,9082,34973
2017-02-25 02:00,31713,23400,8313,32636
2017-02-25 01:00,29536,25494,4042,30122
2017-02-25 00:00,29074,26506,2568,28862
2017-02-24 23:00,28794,26501,2293,28552
2017-02-24 22:00,28878,26609,2269,28661
2017-02-24 21:00,29124,26463,2661,29016
2017-02-24 20:00,29711,26413,3298,29735
2017-02-24 19:00,30648,26529,4119,30639
2017-02-24 18:00,30976,26603,4373,31577
2017-02-24 17:00,31956,26283,5673,32595
2017-02-24 16:00,32795,24158,8637,33132
2017-02-24 15:00,31844,21880,9964,31762
2017-02-24 14:00,28866,20020,8846,28497
2017-02-24 13:00,26814,18508,8306,26286
2017-02-24 12:00,26146,18720,7426,25390
2017-02-24 11:00,26060,18961,7099,25402
2017-02-24 10:00,26545,19114,7431,25869
2017-02-24 09:00,27320,19987,7333,26727
2017-02-24 08:00,28826,20677,8149,27982
2017-02-24 07:00,31037,22095,8942,30285
2017-02-24 06:00,33436,23509,9927,32699
2017-02-24 05:00,35001,24772,10229,34456
2017-02-24 04:00,35677,25210,10467,35278
2017-02-24 03:00,35569,25510,10059,35242
2017-02-24 02:00,32660,24055,8605,32367
2017-02-24 01:00,30439,24446,5993,30179
2017-02-24 00:00,29514,26341,3173,29157
2017-02-23 23:00,29076,26416,2660,28863
2017-02-23 22:00,29059,27033,2026,29023
2017-02-23 21:00,29222,27367,1855,29329
2017-02-23 20:00,29626,27117,2509,29956
2017-02-23 19:00,30178,26434,3744,30529
2017-02-23 18:00,30723,25261,5462,31272
2017-02-23 17:00,31058,25666,5392,32045
2017-02-23 16:00,31901,22990,8911,32379
2017-02-23 15:00,31162,21456,9706,30851
2017-02-23 14:00,28020,19291,8729,27640
2017-02-23 13:00,26331,18300,8031,25534
2017-02-23 12:00,25688,17716,7972,24738
2017-02-23 11:00,25690,17695,7995,24736
2017-02-23 10:00,26238,17796,8442,25253
2017-02-23 09:00,27063,17983,9080,26067
2017-02-23 08:00,28041,19153,8888,27717
2017-02-23 07:00,30078,20395,9683,29946
2017-02-23 06:00,32562,21667,10895,32378
2017-02-23 05:00,34271,23081,11190,34134
2017-02-23 04:00,35174,24016,11158,35043
2017-02-23 03:00,35251,24437,10814,35313
2017-02-23 02:00,32860,22977,9883,33566
2017-02-23 01:00,30848,22116,8732,31124
2017-02-23 00:00,30067,23124,6943,30140
2017-02-22 23:00,29481,23662,5819,29837
2017-02-22 22:00,29444,23754,5690,29882
2017-02-22 21:00,29596,23432,6164,30038
2017-02-22 20:00,29788,23277,6511,30441
2017-02-22 19:00,29949,23950,5999,30951
2017-02-22 18:00,29676,23267,6409,31381
2017-02-22 17:00,30225,22661,7564,31650
2017-02-22 16:00,30727,21906,8821,31461
2017-02-22 15:00,29617,20027,9590,29898
2017-02-22 14:00,26720,17630,9090,26910
2017-02-22 13:00,25023,16915,8108,25001
2017-02-22 12:00,24668,16243,8425,24288
2017-02-22 11:00,24699,16540,8159,24324
2017-02-22 10:00,25185,17157,8028,24846
2017-02-22 09:00,25508,17816,7692,25702
2017-02-22 08:00,26988,18690,8298,27365
2017-02-22 07:00,29217,19920,9297,29538
2017-02-22 06:00,31829,21249,10580,32080
2017-02-22 05:00,33606,23000,10606,33984
2017-02-22 04:00,34665,23816,10849,34990
2017-02-22 03:00,35144,24639,10505,35451
2017-02-22 02:00,33269,23569,9700,33990
2017-02-22 01:00,31420,22399,9021,32193
2017-02-22 00:00,30804,23416,7388,31529
2017-02-21 23:00,30877,24359,6518,31274
2017-02-21 22:00,31241,24499,6742,31252
2017-02-21 21:00,30831,24525,6306,31301
2017-02-21 20:00,30703,24202,6501,31242
2017-02-21 19:00,30691,24008,6683,31390
2017-02-21 18:00,30723,23823,6900,31662
2017-02-21 17:00,30759,22071,8688,31725
2017-02-21 16:00,30342,19761,10581,31685
2017-02-21 15:00,28993,17825,11168,29935
2017-02-21 14:00,26053,17082,8971,26778
2017-02-21 13:00,24505,17426,7079,24812
2017-02-21 12:00,24112,16931,7181,24021
2017-02-21 11:00,24201,17059,7142,24138
2017-02-21 10:00,24607,17489,7118,24712
2017-02-21 09:00,25279,17703,7576,25644
2017-02-21 08:00,26749,17867,8882,27248
2017-02-21 07:00,28849,19260,9589,29450
2017-02-21 06:00,31238,19996,11242,31848
2017-02-21 05:00,32924,20835,12089,33618
2017-02-21 04:00,34002,21482,12520,34610
2017-02-21 03:00,34769,22069,12700,34851
2017-02-21 02:00,33290,21118,12172,32410
2017-02-21 01:00,31464,21031,10433,30411
2017-02-21 00:00,30719,21727,8992,29731
2017-02-20 23:00,30791,21850,8941,29522
2017-02-20 22:00,30738,22566,8172,29508
2017-02-20 21:00,30504,22402,8102,29677
2017-02-20 20:00,30513,22426,8087,29960
2017-02-20 19:00,30150,22464,7686,29828
2017-02-20 18:00,29748,21819,7929,30092
2017-02-20 17:00,28935,20737,8198,29410
2017-02-20 16:00,27781,18367,9414,28255
2017-02-20 15:00,26794,16601,10193,26947
2017-02-20 14:00,25039,16543,8496,25126
2017-02-20 13:00,24153,16622,7531,23803
2017-02-20 12:00,23675,16715,6960,23335
2017-02-20 11:00,23701,16803,6898,23450
2017-02-20 10:00,24165,17331,6834,24003
2017-02-20 09:00,24672,17737,6935,24830
2017-02-20 08:00,25811,18293,7518,26388
2017-02-20 07:00,27780,19342,8438,28407
2017-02-20 06:00,29709,20061,9648,30545
2017-02-20 05:00,30917,20657,10260,32042
2017-02-20 04:00,31641,20989,10652,32741
2017-02-20 03:00,31912,21412,10500,33010
2017-02-20 02:00,30165,20424,9741,32071
2017-02-20 01:00,27885,20472,7413,29562
2017-02-20 00:00,26743,20670,6073,28604
2017-02-19 23:00,26203,20881,5322,28130
2017-02-19 22:00,26060,20880,5180,27917
2017-02-19 21:00,25754,21023,4731,27533
2017-02-19 20:00,25721,20112,5609,27493
2017-02-19 19:00,25645,20716,4929,27742
2017-02-19 18:00,25362,20151,5211,27557
2017-02-19 17:00,24987,18721,6266,26682
2017-02-19 16:00,24393,17143,7250,25682
2017-02-19 15:00,24157,16740,7417,24933
2017-02-19 14:00,23488,16488,7000,24261
2017-02-19 13:00,23143,16413,6730,23775
2017-02-19 12:00,23185,16365,6820,23674
2017-02-19 11:00,23522,16466,7056,23999
2017-02-19 10:00,24073,16788,7285,24599
2017-02-19 09:00,25072,17454,7618,25490
2017-02-19 08:00,26697,18391,8306,26693
2017-02-19 07:00,28247,19853,8394,28649
2017-02-19 06:00,29803,21378,8425,30394
2017-02-19 05:00,30984,22395,8589,31576
2017-02-19 04:00,31709,23130,8579,32393
2017-02-19 03:00,31850,23849,8001,32665
2017-02-19 02:00,29848,23998,5850,31080
2017-02-19 01:00,27447,22965,4482,28513
2017-02-19 00:00,26369,23681,2688,27173
2017-02-18 23:00,26187,23962,2225,26817
2017-02-18 22:00,26288,24252,2036,27017
2017-02-18 21:00,26628,24953,1675,27246
2017-02-18 20:00,27228,25008,2220,27719
2017-02-18 19:00,27677,24882,2795,28238
2017-02-18 18:00,27673,24340,3333,28330
2017-02-18 17:00,27211,23802,3409,27860
2017-02-18 16:00,26206,23094,3112,27018
2017-02-18 15:00,25578,21579,3999,26153
2017-02-18 14:00,24988,18913,6075,25042
2017-02-18 13:00,24344,17230,7114,24306
2017-02-18 12:00,24319,16385,7934,24042
2017-02-18 11:00,24675,16270,8405,24331
2017-02-18 10:00,25129,16321,8808,25033
2017-02-18 09:00,26094,16611,9483,26084
2017-02-18 08:00,27862,17766,10096,27981
2017-02-18 07:00,29966,19365,10601,30085
2017-02-18 06:00,32009,20929,11080,32162
2017-02-18 05:00,33536,22602,10934,33657
2017-02-18 04:00,34530,23997,10533,34727
2017-02-18 03:00,35177,24670,10507,35384
2017-02-18 02:00,34722,23296,11426,34007
2017-02-18 01:00,33520,22677,10843,32191
2017-02-18 00:00,32897,24461,8436,31552
2017-02-17 23:00,32804,25185,7619,31622
2017-02-17 22:00,32983,25832,7151,31892
2017-02-17 21:00,33215,26138,7077,32069
2017-02-17 20:00,33036,26258,6778,32462
2017-02-17 19:00,33081,25840,7241,32758
2017-02-17 18:00,32628,25960,6668,32796
2017-02-17 17:00,31762,24766,6996,32512
2017-02-17 16:00,30743,21897,8846,31888
2017-02-17 15:00,28916,20274,8642,30166
2017-02-17 14:00,26067,17983,8084,27167
2017-02-17 13:00,24848,17407,7441,25372
2017-02-17 12:00,24448,17091,7357,24670
2017-02-17 11:00,24564,16876,7688,24820
2017-02-17 10:00,25163,16976,8187,25362
2017-02-17 09:00,25660,17944,7716,26316
2017-02-17 08:00,27210,18818,8392,27844
2017-02-17 07:00,29422,20976,8446,30203
2017-02-17 06:00,31709,21712,9997,32567
2017-02-17 05:00,33379,23479,9900,34471
2017-02-17 04:00,34361,24543,9818,35562
2017-02-17 03:00,34818,24889,9929,35889
2017-02-17 02:00,33250,24011,9239,34530
2017-02-17 01:00,31496,23370,8126,32784
2017-02-17 00:00,30824,25591,5233,32028
2017-02-16 23:00,30692,26244,4448,31900
2017-02-16 22:00,30725,27451,3274,31860
2017-02-16 21:00,30802,27738,3064,31823
2017-02-16 20:00,30720,27575,3145,31793
2017-02-16 19:00,30567,27735,2832,31888
2017-02-16 18:00,30765,26547,4218,32008
2017-02-16 17:00,30725,24764,5961,31955
2017-02-16 16:00,30984,22609,8375,31733
2017-02-16 15:00,29664,20696,8968,29946
2017-02-16 14:00,26658,18719,7939,26874
2017-02-16 13:00,24919,17003,7916,24942
2017-02-16 12:00,24251,16349,7902,24405
2017-02-16 11:00,24447,16289,8158,24498
2017-02-16 10:00,24821,16714,8107,25082
2017-02-16 09:00,25873,17588,8285,26039
2017-02-16 08:00,27501,18419,9082,27855
2017-02-16 07:00,29225,19989,9236,30189
2017-02-16 06:00,31760,21509,10251,32709
2017-02-16 05:00,33680,23222,10458,34561
2017-02-16 04:00,34773,24091,10682,35669
2017-02-16 03:00,35355,24734,10621,36271
2017-02-16 02:00,33679,23406,10273,34562
2017-02-16 01:00,31959,23663,8296,32497
2017-02-16 00:00,31013,25308,5705,31669
2017-02-15 23:00,30628,26736,3892,31281
2017-02-15 22:00,30568,27255,3313,31035
2017-02-15 21:00,30312,27095,3217,30901
2017-02-15 20:00,30380,26029,4351,31006
2017-02-15 19:00,30602,25179,5423,31203
2017-02-15 18:00,30705,25381,5324,31467
2017-02-15 17:00,31054,24258,6796,31797
2017-02-15 16:00,31088,22594,8494,31882
2017-02-15 15:00,29915,21016,8899,30304
2017-02-15 14:00,27092,18992,8100,27233
2017-02-15 13:00,25187,17704,7483,25240
2017-02-15 12:00,24508,17202,7306,24525
2017-02-15 11:00,24516,17066,7450,24581
2017-02-15 10:00,25089,17108,7981,25140
2017-02-15 09:00,26007,18220,7787,26099
2017-02-15 08:00,27318,19292,8026,27960
2017-02-15 07:00,29168,21312,7856,30365
2017-02-15 06:00,31604,22514,9090,32832
2017-02-15 05:00,33319,24035,9284,34651
2017-02-15 04:00,34363,25118,9245,35692
2017-02-15 03:00,34936,25561,9375,35998
2017-02-15 02:00,33114,24684,8430,33940
2017-02-15 01:00,31142,23167,7975,31968
2017-02-15 00:00,30423,24595,5828,31206
2017-02-14 23:00,30329,25810,4519,30880
2017-02-14 22:00,30229,26271,3958,30755
2017-02-14 21:00,30032,26253,3779,30696
2017-02-14 20:00,29648,25796,3852,30869
2017-02-14 19:00,29860,26010,3850,31232
2017-02-14 18:00,30423,25538,4885,31694
2017-02-14 17:00,30988,24402,6586,32038
2017-02-14 16:00,31338,23102,8236,32076
2017-02-14 15:00,30135,21194,8941,30489
2017-02-14 14:00,27111,19021,8090,27311
2017-02-14 13:00,25182,16985,8197,25292
2017-02-14 12:00,24517,16375,8142,24528
2017-02-14 11:00,24583,16222,8361,24579
2017-02-14 10:00,25150,16687,8463,25161
2017-02-14 09:00,26087,16903,9184,26102
2017-02-14 08:00,27677,17485,10192,28043
2017-02-14 07:00,29995,18866,11129,30400
2017-02-14 06:00,32410,20398,12012,32923
2017-02-14 05:00,34248,21593,12655,34793
2017-02-14 04:00,35276,22707,12569,35897
2017-02-14 03:00,35729,23085,12644,36287
2017-02-14 02:00,33863,21390,12473,33963
2017-02-14 01:00,31785,20313,11472,31793
2017-02-14 00:00,31159,21411,9748,30955
2017-02-13 23:00,30804,21191,9613,30703
2017-02-13 22:00,30570,21660,8910,30516
2017-02-13 21:00,30484,21654,8830,30451
2017-02-13 20:00,30493,21750,8743,30631
2017-02-13 19:00,30549,21483,9066,30963
2017-02-13 18:00,30774,20682,10092,31447
2017-02-13 17:00,31200,18828,12372,31816
2017-02-13 16:00,31251,17618,13633,31793
2017-02-13 15:00,29946,16857,13089,30120
2017-02-13 14:00,27174,15971,11203,26910
2017-02-13 13:00,25304,15679,9625,24861
2017-02-13 12:00,24399,15880,8519,24041
2017-02-13 11:00,24509,16176,8333,24006
2017-02-13 10:00,24957,16822,8135,24445
2017-02-13 09:00,25882,16998,8884,25281
2017-02-13 08:00,26797,17706,9091,26793
2017-02-13 07:00,28786,18618,10168,28792
2017-02-13 06:00,30757,19965,10792,30700
2017-02-13 05:00,32065,20967,11098,31985
2017-02-13 04:00,32808,21391,11417,32475
2017-02-13 03:00,32974,22042,10932,32427
2017-02-13 02:00,30524,20212,10312,29748
2017-02-13 01:00,27685,18393,9292,27105
2017-02-13 00:00,25941,18971,6970,25877
2017-02-12 23:00,25108,19200,5908,25337
2017-02-12 22:00,24804,19805,4999,25120
2017-02-12 21:00,24887,20057,4830,25237
2017-02-12 20:00,25084,20943,4141,25480
2017-02-12 19:00,25358,20993,4365,25806
2017-02-12 18:00,25767,20784,4983,26187
2017-02-12 17:00,26137,19788,6349,26186
2017-02-12 16:00,26319,17577,8742,25651
2017-02-12 15:00,26394,17002,9392,25099
2017-02-12 14:00,25345,17063,8282,24338
2017-02-12 13:00,24524,17027,7497,23803
2017-02-12 12:00,24340,16765,7575,23742
2017-02-12 11:00,24612,16120,8492,24017
2017-02-12 10:00,25184,16318,8866,24677
2017-02-12 09:00,25769,17248,8521,25643
2017-02-12 08:00,27144,18813,8331,27276
2017-02-12 07:00,29043,20268,8775,29160
2017-02-12 06:00,30725,21752,8973,30779
2017-02-12 05:00,31878,22883,8995,31928
2017-02-12 04:00,32653,23733,8920,32529
2017-02-12 03:00,33081,24465,8616,32613
2017-02-12 02:00,31028,23860,7168,30177
2017-02-12 01:00,28617,22363,6254,27447
2017-02-12 00:00,27305,22301,5004,26306
2017-02-11 23:00,26807,23082,3725,26209
2017-02-11 22:00,26996,23567,3429,26309
2017-02-11 21:00,27391,23536,3855,26703
2017-02-11 20:00,27788,23504,4284,27207
2017-02-11 19:00,28155,23843,4312,27775
2017-02-11 18:00,28356,23500,4856,28099
2017-02-11 17:00,27933,22658,5275,27934
2017-02-11 16:00,27080,21656,5424,27167
2017-02-11 15:00,26494,19807,6687,26233
2017-02-11 14:00,25507,18195,7312,25070
2017-02-11 13:00,25174,17338,7836,24389
2017-02-11 12:00,24741,17455,7286,24258
2017-02-11 11:00,25019,17192,7827,24616
2017-02-11 10:00,25791,17100,8691,25370
2017-02-11 09:00,26772,17228,9544,26359
2017-02-11 08:00,28204,18354,9850,27969
2017-02-11 07:00,30333,20234,10099,30141
2017-02-11 06:00,32366,22076,10290,32246
2017-02-11 05:00,33836,23763,10073,33634
2017-02-11 04:00,34752,25104,9648,34613
2017-02-11 03:00,35396,25763,9633,35144
2017-02-11 02:00,34470,25244,9226,34000
2017-02-11 01:00,32828,23890,8938,32159
2017-02-11 00:00,32238,24527,7711,31485
2017-02-10 23:00,32513,25114,7399,31369
2017-02-10 22:00,32635,25701,6934,31456
2017-02-10 21:00,32247,25707,6540,31718
2017-02-10 20:00,32448,25663,6785,32136
2017-02-10 19:00,32667,25831,6836,32472
2017-02-10 18:00,32452,25186,7266,32588
2017-02-10 17:00,32087,24018,8069,32467
2017-02-10 16:00,31497,22692,8805,31972
2017-02-10 15:00,29805,20719,9086,30284
2017-02-10 14:00,27053,18702,8351,27409
2017-02-10 13:00,25409,17794,7615,25502
2017-02-10 12:00,25151,17672,7479,24853
2017-02-10 11:00,25020,17708,7312,24991
2017-02-10 10:00,25577,17910,7667,25560
2017-02-10 09:00,26301,18712,7589,26482
2017-02-10 08:00,27974,20162,7812,28294
2017-02-10 07:00,30361,21474,8887,30657
2017-02-10 06:00,32718,23549,9169,33234
2017-02-10 05:00,34661,25608,9053,35203
2017-02-10 04:00,35911,26798,9113,36315
2017-02-10 03:00,36638,27643,8995,36967
2017-02-10 02:00,35798,26758,9040,35973
2017-02-10 01:00,34126,25203,8923,34133
2017-02-10 00:00,33632,25591,8041,33552
2017-02-09 23:00,33460,26241,7219,33281
2017-02-09 22:00,33387,26528,6859,33102
2017-02-09 21:00,32988,26691,6297,32916
2017-02-09 20:00,32651,26375,6276,32795
2017-02-09 19:00,32390,26255,6135,32798
2017-02-09 18:00,32197,25892,6305,32664
2017-02-09 17:00,31929,25575,6354,32529
2017-02-09 16:00,31477,24195,7282,32335
2017-02-09 15:00,29954,22353,7601,30584
2017-02-09 14:00,26983,20031,6952,27580
2017-02-09 13:00,25495,19261,6234,25698
2017-02-09 12:00,24877,18702,6175,24978
2017-02-09 11:00,25056,18670,6386,25052
2017-02-09 10:00,25708,19242,6466,25628
2017-02-09 09:00,26712,19899,6813,26521
2017-02-09 08:00,28044,21283,6761,27875
2017-02-09 07:00,30332,22147,8185,30267
2017-02-09 06:00,32830,24251,8579,32823
2017-02-09 05:00,34781,25432,9349,34597
2017-02-09 04:00,35970,26369,9601,35652
2017-02-09 03:00,36607,27353,9254,36164
2017-02-09 02:00,35555,26509,9046,34681
2017-02-09 01:00,33696,25547,8149,32943
2017-02-09 00:00,33129,26563,6566,32305
2017-02-08 23:00,33012,27300,5712,32269
2017-02-08 22:00,32903,27879,5024,32348
2017-02-08 21:00,32864,28246,4618,32338
2017-02-08 20:00,32819,27957,4862,32424
2017-02-08 19:00,32823,28192,4631,32574
2017-02-08 18:00,32767,27980,4787,32582
2017-02-08 17:00,32598,26089,6509,32441
2017-02-08 16:00,31983,24446,7537,31973
2017-02-08 15:00,30350,22946,7404,30115
2017-02-08 14:00,27329,21196,6133,26934
2017-02-08 13:00,25800,20229,5571,25027
2017-02-08 12:00,25154,20198,4956,24351
2017-02-08 11:00,25311,20207,5104,24486
2017-02-08 10:00,25857,20537,5320,25063
2017-02-08 09:00,26538,20802,5736,26029
2017-02-08 08:00,28084,21236,6848,28157
2017-02-08 07:00,30394,22132,8262,30716
2017-02-08 06:00,32882,23780,9102,33261
2017-02-08 05:00,34907,25157,9750,35053
2017-02-08 04:00,35942,26199,9743,36055
2017-02-08 03:00,36572,26899,9673,36423
2017-02-08 02:00,35658,26190,9468,35016
2017-02-08 01:00,33677,24959,8718,33015
2017-02-08 00:00,32789,25464,7325,32075
2017-02-07 23:00,32427,26094,6333,32003
2017-02-07 22:00,32659,26332,6327,32148
2017-02-07 21:00,32879,26393,6486,32271
2017-02-07 20:00,33154,25759,7395,32526
2017-02-07 19:00,33539,25611,7928,32789
2017-02-07 18:00,33423,25602,7821,32818
2017-02-07 17:00,33101,24303,8798,32642
2017-02-07 16:00,32654,22506,10148,32170
2017-02-07 15:00,30725,20707,10018,30238
2017-02-07 14:00,27737,19559,8178,26963
2017-02-07 13:00,25955,18773,7182,25088
2017-02-07 12:00,25304,18466,6838,24444
2017-02-07 11:00,25456,18605,6851,24543
2017-02-07 10:00,25974,18873,7101,25129
2017-02-07 09:00,26704,19219,7485,26106
2017-02-07 08:00,28308,19865,8443,28253
2017-02-07 07:00,30787,20417,10370,30790
2017-02-07 06:00,33440,22135,11305,33321
2017-02-07 05:00,35441,23073,12368,35203
2017-02-07 04:00,36562,22530,14032,36293
2017-02-07 03:00,37083,22720,14363,36597
2017-02-07 02:00,36136,21888,14248,34554
2017-02-07 01:00,33944,20942,13002,32338
2017-02-07 00:00,33267,22860,10407,31407
2017-02-06 23:00,33451,22440,11011,31416
2017-02-06 22:00,33470,22811,10659,31626
2017-02-06 21:00,33536,23113,10423,31815
2017-02-06 20:00,33696,23539,10157,32119
2017-02-06 19:00,33740,23969,9771,32419
2017-02-06 18:00,33718,23647,10071,32522
2017-02-06 17:00,33373,22205,11168,32384
2017-02-06 16:00,32585,20387,12198,31855
2017-02-06 15:00,30387,19486,10901,29846
2017-02-06 14:00,27217,17792,9425,26728
2017-02-06 13:00,25371,17475,7896,24803
2017-02-06 12:00,24611,17328,7283,24030
2017-02-06 11:00,24510,17685,6825,24020
2017-02-06 10:00,24847,18440,6407,24527
2017-02-06 09:00,25634,19382,6252,25388
2017-02-06 08:00,27013,19924,7089,25822
2017-02-06 07:00,28914,20513,8401,27913
2017-02-06 06:00,31042,22131,8911,30000
2017-02-06 05:00,32601,22293,10308,31547
2017-02-06 04:00,32783,22876,9907,31882
2017-02-06 03:00,32910,23129,9781,32041
2017-02-06 02:00,31904,22227,9677,30628
2017-02-06 01:00,29794,22665,7129,28312
2017-02-06 00:00,29059,24971,4088,27755
2017-02-05 23:00,28680,25865,2815,27531
2017-02-05 22:00,28755,25718,3037,27476
2017-02-05 21:00,28709,25668,3041,27384
2017-02-05 20:00,28459,25282,3177,27275
2017-02-05 19:00,28680,25422,3258,27236
2017-02-05 18:00,28445,25050,3395,26961
2017-02-05 17:00,27497,23300,4197,26499
2017-02-05 16:00,26363,20534,5829,25887
2017-02-05 15:00,25772,18693,7079,25207
2017-02-05 14:00,24836,18019,6817,24332
2017-02-05 13:00,24289,18057,6232,23764
2017-02-05 12:00,24206,18401,5805,23682
2017-02-05 11:00,24517,18517,6000,23952
2017-02-05 10:00,25123,19048,6075,24626
2017-02-05 09:00,26042,19769,6273,25454
2017-02-05 08:00,27253,21221,6032,27747
2017-02-05 07:00,29096,22049,7047,29662
2017-02-05 06:00,30730,24115,6615,31275
2017-02-05 05:00,31902,24825,7077,32258
2017-02-05 04:00,32493,25315,7178,32985
2017-02-05 03:00,32902,25608,7294,33166
2017-02-05 02:00,31260,25204,6056,31806
2017-02-05 01:00,28763,25238,3525,28936
2017-02-05 00:00,28043,27530,513,27856
2017-02-04 23:00,27639,28181,-542,27815
2017-02-04 22:00,27556,27887,-331,27930
2017-02-04 21:00,27462,27880,-418,28144
2017-02-04 20:00,27687,27568,119,28563
2017-02-04 19:00,27799,27284,515,28915
2017-02-04 18:00,27935,27047,888,29013
2017-02-04 17:00,27726,25850,1876,28608
2017-02-04 16:00,27018,23875,3143,27544
2017-02-04 15:00,26437,22567,3870,26542
2017-02-04 14:00,25482,20221,5261,25401
2017-02-04 13:00,24769,20302,4467,24704
2017-02-04 12:00,24607,19974,4633,24641
2017-02-04 11:00,24917,19980,4937,24990
2017-02-04 10:00,25627,20279,5348,25770
2017-02-04 09:00,26798,20712,6086,26795
2017-02-04 08:00,28395,21619,6776,28609
2017-02-04 07:00,30373,22427,7946,30776
2017-02-04 06:00,32259,24236,8023,32911
2017-02-04 05:00,33723,25763,7960,34386
2017-02-04 04:00,34826,26309,8517,35466
2017-02-04 03:00,35624,27093,8531,35980
2017-02-04 02:00,34742,26112,8630,34792
2017-02-04 01:00,32557,25049,7508,32606
2017-02-04 00:00,31778,26679,5099,31828
2017-02-03 23:00,31731,27509,4222,31812
2017-02-03 22:00,31842,27656,4186,32014
2017-02-03 21:00,32044,27826,4218,32082
2017-02-03 20:00,32223,27843,4380,32376
2017-02-03 19:00,32338,27565,4773,32727
2017-02-03 18:00,32495,27272,5223,32699
2017-02-03 17:00,32633,26915,5718,32556
2017-02-03 16:00,32422,25111,7311,31999
2017-02-03 15:00,30721,23365,7356,30332
2017-02-03 14:00,27695,20884,6811,27079
2017-02-03 13:00,25930,20675,5255,25069
2017-02-03 12:00,25218,20355,4863,24614
2017-02-03 11:00,25289,20595,4694,24779
2017-02-03 10:00,25883,20663,5220,25386
2017-02-03 09:00,26870,21223,5647,26371
2017-02-03 08:00,28217,21616,6601,28499
2017-02-03 07:00,30619,23285,7334,31086
2017-02-03 06:00,33072,25260,7812,33481
2017-02-03 05:00,34891,26491,8400,35098
2017-02-03 04:00,35863,26272,9591,36159
2017-02-03 03:00,36434,26833,9601,36517
2017-02-03 02:00,35390,26573,8817,34988
2017-02-03 01:00,32994,25148,7846,32823
2017-02-03 00:00,32214,26214,6000,31694
2017-02-02 23:00,31995,27043,4952,31561
2017-02-02 22:00,31885,27345,4540,31609
2017-02-02 21:00,31785,27650,4135,31607
2017-02-02 20:00,31832,27276,4556,31970
2017-02-02 19:00,32262,27644,4618,32308
2017-02-02 18:00,32594,27199,5395,32438
2017-02-02 17:00,32833,26563,6270,32610
2017-02-02 16:00,33011,25019,7992,32588
2017-02-02 15:00,31443,22708,8735,30791
2017-02-02 14:00,28168,20759,7409,27658
2017-02-02 13:00,26256,19595,6661,25761
2017-02-02 12:00,25579,19520,6059,25129
2017-02-02 11:00,25718,19316,6402,25207
2017-02-02 10:00,26173,19821,6352,25814
2017-02-02 09:00,27175,19967,7208,26721
2017-02-02 08:00,28565,20545,8020,28816
2017-02-02 07:00,30631,22396,8235,31160
2017-02-02 06:00,33219,23743,9476,33756
2017-02-02 05:00,35124,25288,9836,35478
2017-02-02 04:00,36163,26241,9922,36489
2017-02-02 03:00,36681,26865,9816,36835
2017-02-02 02:00,35513,25707,9806,35138
2017-02-02 01:00,32997,24589,8408,32331
2017-02-02 00:00,32179,26826,5353,31172
2017-02-01 23:00,31964,27531,4433,30743
2017-02-01 22:00,31884,27553,4331,30556
2017-02-01 21:00,31828,27411,4417,30629
2017-02-01 20:00,32053,27236,4817,31026
2017-02-01 19:00,32564,27670,4894,31615
2017-02-01 18:00,32660,27413,5247,32074
2017-02-01 17:00,33151,26397,6754,32794
2017-02-01 16:00,33427,25238,8189,33083
2017-02-01 15:00,31801,23500,8301,31229
2017-02-01 14:00,28520,20319,8201,27805
2017-02-01 13:00,26540,18803,7737,25731
2017-02-01 12:00,25683,18314,7369,25037
2017-02-01 11:00,25709,18093,7616,25105
2017-02-01 10:00,26218,18372,7846,25700
2017-02-01 09:00,27066,19043,8023,26660
2017-02-01 08:00,28469,20012,8457,28631
2017-02-01 07:00,30627,21472,9155,30917
2017-02-01 06:00,33191,23177,10014,33390
2017-02-01 05:00,34986,25282,9704,35161
2017-02-01 04:00,35887,25796,10091,36133
2017-02-01 03:00,36423,26518,9905,36533
2017-02-01 02:00,35099,25158,9941,34973
2017-02-01 01:00,32692,23825,8867,32333
2017-02-01 00:00,31742,25544,6198,31301
2017-01-31 23:00,31378,26494,4884,31003
2017-01-31 22:00,31214,26810,4404,30940
2017-01-31 21:00,31034,27071,3963,31058
2017-01-31 20:00,31339,27281,4058,31256
2017-01-31 19:00,31907,27445,4462,31605
2017-01-31 18:00,32398,27129,5269,32229
2017-01-31 17:00,32911,26495,6416,32972
2017-01-31 16:00,33522,24787,8735,33296
2017-01-31 15:00,31957,22699,9258,31446
2017-01-31 14:00,28693,19855,8838,28090
2017-01-31 13:00,26556,18333,8223,26041
2017-01-31 12:00,25695,17868,7827,25277
2017-01-31 11:00,25647,17923,7724,25303
2017-01-31 10:00,26140,17927,8213,25794
2017-01-31 09:00,27023,18140,8883,26658
2017-01-31 08:00,28260,19091,9169,28107
2017-01-31 07:00,30520,20401,10119,30388
2017-01-31 06:00,33130,22042,11088,32799
2017-01-31 05:00,34890,23408,11482,34695
2017-01-31 04:00,35970,23988,11982,35688
2017-01-31 03:00,36606,24230,12376,36096
2017-01-31 02:00,35118,22968,12150,34895
2017-01-31 01:00,32653,21996,10657,32066
2017-01-31 00:00,31865,24050,7815,30910
2017-01-30 23:00,31451,24434,7017,30687
2017-01-30 22:00,31207,24534,6673,30691
2017-01-30 21:00,31173,24262,6911,30734
2017-01-30 20:00,31503,24353,7150,31122
2017-01-30 19:00,31601,24868,6733,31598
2017-01-30 18:00,32273,24527,7746,32113
2017-01-30 17:00,33031,23344,9687,32717
2017-01-30 16:00,33498,20978,12520,32826
2017-01-30 15:00,31841,19938,11903,31052
2017-01-30 14:00,28498,18928,9570,27696
2017-01-30 13:00,26245,18367,7878,25540
2017-01-30 12:00,25305,18119,7186,24718
2017-01-30 11:00,25160,18064,7096,24676
2017-01-30 10:00,25498,18601,6897,25105
2017-01-30 09:00,26229,19341,6888,25855
2017-01-30 08:00,27604,20524,7080,27312
2017-01-30 07:00,29417,21784,7633,29332
2017-01-30 06:00,31466,22513,8953,31257
2017-01-30 05:00,32817,23292,9525,32574
2017-01-30 04:00,33610,23583,10027,33298
2017-01-30 03:00,33886,23909,9977,33393
2017-01-30 02:00,32034,22949,9085,31488
2017-01-30 01:00,28733,22337,6396,28228
2017-01-30 00:00,27505,24196,3309,26824
2017-01-29 23:00,26755,24705,2050,26235
2017-01-29 22:00,26527,24659,1868,26011
2017-01-29 21:00,26515,24583,1932,25988
2017-01-29 20:00,26774,25151,1623,26282
2017-01-29 19:00,27334,25904,1430,26710
2017-01-29 18:00,27747,26007,1740,27201
2017-01-29 17:00,28148,24573,3575,27332
2017-01-29 16:00,28270,21939,6331,26967
2017-01-29 15:00,28087,20902,7185,26374
2017-01-29 14:00,26871,20393,6478,25423
2017-01-29 13:00,26040,19772,6268,24841
2017-01-29 12:00,25657,19874,5783,24736
2017-01-29 11:00,25884,20113,5771,24998
2017-01-29 10:00,26460,20309,6151,25579
2017-01-29 09:00,27376,21038,6338,26455
2017-01-29 08:00,28467,22143,6324,28361
2017-01-29 07:00,30034,23426,6608,30168
2017-01-29 06:00,31625,24691,6934,31871
2017-01-29 05:00,32596,25988,6608,32942
2017-01-29 04:00,33088,26356,6732,33458
2017-01-29 03:00,33397,26772,6625,33617
2017-01-29 02:00,31791,25748,6043,32380
2017-01-29 01:00,28663,24641,4022,29203
2017-01-29 00:00,27316,26704,612,27421
2017-01-28 23:00,27049,27260,-211,26781
2017-01-28 22:00,27015,27498,-483,26705
2017-01-28 21:00,27396,27734,-338,27065
2017-01-28 20:00,28125,28454,-329,27698
2017-01-28 19:00,29048,28969,79,28508
2017-01-28 18:00,29675,28758,917,29148
2017-01-28 17:00,30092,27950,2142,29398
2017-01-28 16:00,30061,26120,3941,28975
2017-01-28 15:00,29424,24349,5075,28174
2017-01-28 14:00,27903,22504,5399,26792
2017-01-28 13:00,26967,21275,5692,25893
2017-01-28 12:00,26668,20731,5937,25664
2017-01-28 11:00,26890,20534,6356,25905
2017-01-28 10:00,27573,20861,6712,26546
2017-01-28 09:00,28452,21858,6594,27554
2017-01-28 08:00,29996,22458,7538,29819
2017-01-28 07:00,32069,24341,7728,31876
2017-01-28 06:00,34057,26129,7928,33772
2017-01-28 05:00,35311,27417,7894,35135
2017-01-28 04:00,36049,27869,8180,35968
2017-01-28 03:00,36365,28176,8189,36258
2017-01-28 02:00,35004,26935,8069,34581
2017-01-28 01:00,32021,25624,6397,31272
2017-01-28 00:00,31054,27077,3977,30056
2017-01-27 23:00,30702,27208,3494,29889
2017-01-27 22:00,30710,27143,3567,30271
2017-01-27 21:00,30898,27057,3841,30804
2017-01-27 20:00,31592,27590,4002,31771
2017-01-27 19:00,32381,28439,3942,32574
2017-01-27 18:00,33020,29437,3583,33379
2017-01-27 17:00,34015,29118,4897,34131
2017-01-27 16:00,34642,26793,7849,34410
2017-01-27 15:00,33223,24786,8437,32597
2017-01-27 14:00,29929,22726,7203,29272
2017-01-27 13:00,27857,21369,6488,27283
2017-01-27 12:00,26996,20782,6214,26555
2017-01-27 11:00,27053,20793,6260,26605
2017-01-27 10:00,27515,21021,6494,27152
2017-01-27 09:00,28527,21692,6835,28044
2017-01-27 08:00,30068,22521,7547,30295
2017-01-27 07:00,32291,24894,7397,32615
2017-01-27 06:00,34904,26672,8232,35088
2017-01-27 05:00,36615,28083,8532,36961
2017-01-27 04:00,37326,28409,8917,37771
2017-01-27 03:00,37518,28808,8710,38067
2017-01-27 02:00,35871,27484,8387,36828
2017-01-27 01:00,32666,26002,6664,33390
2017-01-27 00:00,31491,27691,3800,31782
2017-01-26 23:00,31364,28540,2824,31391
2017-01-26 22:00,31126,28188,2938,31539
2017-01-26 21:00,31314,28665,2649,31800
2017-01-26 20:00,31960,29157,2803,32334
2017-01-26 19:00,32689,29257,3432,33047
2017-01-26 18:00,33754,29452,4302,33917
2017-01-26 17:00,34831,28502,6329,34743
2017-01-26 16:00,35413,27551,7862,35244
2017-01-26 15:00,33811,25669,8142,33597
2017-01-26 14:00,30198,23113,7085,30167
2017-01-26 13:00,28135,21455,6680,27915
2017-01-26 12:00,27321,20910,6411,26977
2017-01-26 11:00,27399,20893,6506,26957
2017-01-26 10:00,27860,21029,6831,27450
2017-01-26 09:00,28732,21857,6875,28297
2017-01-26 08:00,30515,22385,8130,29735
2017-01-26 07:00,32805,23923,8882,32302
2017-01-26 06:00,35200,25504,9696,34891
2017-01-26 05:00,36858,26990,9868,36690
2017-01-26 04:00,37568,27651,9917,37493
2017-01-26 03:00,37771,27951,9820,37847
2017-01-26 02:00,36215,27074,9141,36757
2017-01-26 01:00,32585,25037,7548,33274
2017-01-26 00:00,31278,26398,4880,31674
2017-01-25 23:00,31336,27096,4240,31106
2017-01-25 22:00,31429,27502,3927,31098
2017-01-25 21:00,31669,27941,3728,31275
2017-01-25 20:00,32350,28083,4267,31970
2017-01-25 19:00,32995,28583,4412,32810
2017-01-25 18:00,33763,28377,5386,33756
2017-01-25 17:00,34830,27474,7356,34837
2017-01-25 16:00,35527,26562,8965,35325
2017-01-25 15:00,34000,24867,9133,33611
2017-01-25 14:00,30362,22093,8269,30219
2017-01-25 13:00,28222,20687,7535,28024
2017-01-25 12:00,27500,20862,6638,27155
2017-01-25 11:00,27520,20557,6963,27105
2017-01-25 10:00,27980,21087,6893,27585
2017-01-25 09:00,28974,21937,7037,28445
2017-01-25 08:00,30731,22313,8418,29731
2017-01-25 07:00,32724,23971,8753,32041
2017-01-25 06:00,35159,25663,9496,34474
2017-01-25 05:00,36950,27443,9507,36384
2017-01-25 04:00,37696,28414,9282,37298
2017-01-25 03:00,37957,29000,8957,37717
2017-01-25 02:00,36467,28147,8320,36744
2017-01-25 01:00,33060,25642,7418,34139
2017-01-25 00:00,31831,26612,5219,32873
2017-01-24 23:00,31457,26653,4804,32543
2017-01-24 22:00,31602,27225,4377,32452
2017-01-24 21:00,31882,27220,4662,32497
2017-01-24 20:00,32427,27314,5113,32848
2017-01-24 19:00,33155,26935,6220,33462
2017-01-24 18:00,33800,26483,7317,33905
2017-01-24 17:00,34729,25681,9048,34328
2017-01-24 16:00,35196,24824,10372,34268
2017-01-24 15:00,33530,22917,10613,32296
2017-01-24 14:00,30239,20479,9760,29088
2017-01-24 13:00,28131,19797,8334,27213
2017-01-24 12:00,27260,19532,7728,26453
2017-01-24 11:00,27280,19331,7949,26506
2017-01-24 10:00,27794,19696,8098,27084
2017-01-24 09:00,28748,20295,8453,27927
2017-01-24 08:00,29988,20565,9423,29235
2017-01-24 07:00,32343,21995,10348,31791
2017-01-24 06:00,34947,23465,11482,34484
2017-01-24 05:00,36931,24740,12191,36423
2017-01-24 04:00,37860,25853,12007,37607
2017-01-24 03:00,38282,26280,12002,38161
2017-01-24 02:00,37082,25938,11144,37707
2017-01-24 01:00,33913,23980,9933,34921
2017-01-24 00:00,32789,24094,8695,33546
2017-01-23 23:00,32561,24213,8348,33340
2017-01-23 22:00,32960,23874,9086,33517
2017-01-23 21:00,33496,23617,9879,33539
2017-01-23 20:00,33761,23032,10729,34047
2017-01-23 19:00,33773,23022,10751,34182
2017-01-23 18:00,33960,22357,11603,34034
2017-01-23 17:00,34027,21151,12876,33763
2017-01-23 16:00,33542,19839,13703,32968
2017-01-23 15:00,31610,19209,12401,30664
2017-01-23 14:00,28106,18802,9304,27465
2017-01-23 13:00,26316,18957,7359,25547
2017-01-23 12:00,25487,19075,6412,24753
2017-01-23 11:00,25421,19356,6065,24770
2017-01-23 10:00,25813,19800,6013,25300
2017-01-23 09:00,26687,20307,6380,26107
2017-01-23 08:00,28277,21257,7020,27245
2017-01-23 07:00,30262,21777,8485,29256
2017-01-23 06:00,32335,22590,9745,31332
2017-01-23 05:00,33999,23479,10520,32743
2017-01-23 04:00,35112,24200,10912,33575
2017-01-23 03:00,35607,24581,11026,33800
2017-01-23 02:00,35054,23984,11070,32625
2017-01-23 01:00,32798,22330,10468,29526
2017-01-23 00:00,31846,24318,7528,28109
2017-01-22 23:00,31649,25206,6443,27843
2017-01-22 22:00,31332,25894,5438,27931
2017-01-22 21:00,30818,25930,4888,28055
2017-01-22 20:00,30403,25539,4864,28375
2017-01-22 19:00,30222,25074,5148,28551
2017-01-22 18:00,29768,24868,4900,28280
2017-01-22 17:00,28893,23335,5558,27513
2017-01-22 16:00,27659,21302,6357,26282
2017-01-22 15:00,26785,20648,6137,25382
2017-01-22 14:00,25980,20155,5825,24604
2017-01-22 13:00,25433,19980,5453,24208
2017-01-22 12:00,25363,19807,5556,24271
2017-01-22 11:00,25620,20120,5500,24657
2017-01-22 10:00,26120,20309,5811,25355
2017-01-22 09:00,27331,20688,6643,26374
2017-01-22 08:00,28416,22415,6001,27928
2017-01-22 07:00,30087,24032,6055,29735
2017-01-22 06:00,31697,25024,6673,31475
2017-01-22 05:00,32873,26097,6776,32621
2017-01-22 04:00,33449,27132,6317,33287
2017-01-22 03:00,33902,27841,6061,33696
2017-01-22 02:00,33135,27562,5573,32599
2017-01-22 01:00,30160,25343,4817,29831
2017-01-22 00:00,28874,25317,3557,28337
2017-01-21 23:00,28723,26478,2245,28042
2017-01-21 22:00,28436,26403,2033,28184
2017-01-21 21:00,28406,26995,1411,28306
2017-01-21 20:00,28668,27420,1248,28855
2017-01-21 19:00,29086,27193,1893,29277
2017-01-21 18:00,29064,27218,1846,29506
2017-01-21 17:00,29211,25949,3262,29117
2017-01-21 16:00,28735,24738,3997,28089
2017-01-21 15:00,27954,23327,4627,27045
2017-01-21 14:00,26913,21439,5474,25948
2017-01-21 13:00,26168,20774,5394,25279
2017-01-21 12:00,26030,20428,5602,25174
2017-01-21 11:00,26327,20138,6189,25527
2017-01-21 10:00,26938,20162,6776,26289
2017-01-21 09:00,28125,20794,7331,27369
2017-01-21 08:00,29807,21166,8641,29243
2017-01-21 07:00,32071,22591,9480,31318
2017-01-21 06:00,33734,24411,9323,33412
2017-01-21 05:00,35320,26264,9056,34950
2017-01-21 04:00,36401,27001,9400,35980
2017-01-21 03:00,37216,28400,8816,36579
2017-01-21 02:00,36912,27922,8990,36174
2017-01-21 01:00,34732,25829,8903,33563
2017-01-21 00:00,33589,26502,7087,32476
2017-01-20 23:00,33709,27174,6535,32380
2017-01-20 22:00,34211,27389,6822,32576
2017-01-20 21:00,34814,26857,7957,32904
2017-01-20 20:00,35384,26914,8470,33194
2017-01-20 19:00,35337,26952,8385,33523
2017-01-20 18:00,34786,26430,8356,33629
2017-01-20 17:00,34592,26720,7872,33563
2017-01-20 16:00,33913,25806,8107,33197
2017-01-20 15:00,31601,24006,7595,31263
2017-01-20 14:00,28193,21253,6940,28160
2017-01-20 13:00,26644,20483,6161,26277
2017-01-20 12:00,25939,20474,5465,25611
2017-01-20 11:00,26002,20546,5456,25716
2017-01-20 10:00,26553,21046,5507,26262
2017-01-20 09:00,27488,21385,6103,27192
2017-01-20 08:00,29134,22514,6620,28825
2017-01-20 07:00,31011,24442,6569,31187
2017-01-20 06:00,33586,26291,7295,33567
2017-01-20 05:00,35418,27154,8264,35229
2017-01-20 04:00,36435,27144,9291,36591
2017-01-20 03:00,36932,27824,9108,37191
2017-01-20 02:00,36020,27797,8223,36422
2017-01-20 01:00,33067,26430,6637,33786
2017-01-20 00:00,31713,26804,4909,32725
2017-01-19 23:00,31665,27205,4460,32678
2017-01-19 22:00,31808,27590,4218,32920
2017-01-19 21:00,31896,27317,4579,33175
2017-01-19 20:00,32141,27296,4845,33434
2017-01-19 19:00,32815,27503,5312,33562
2017-01-19 18:00,33538,26657,6881,33445
2017-01-19 17:00,33790,26080,7710,33157
2017-01-19 16:00,33741,24845,8896,32694
2017-01-19 15:00,31756,23139,8617,30769
2017-01-19 14:00,28313,20792,7521,27959
2017-01-19 13:00,26814,19410,7404,26017
2017-01-19 12:00,26340,19019,7321,25270
2017-01-19 11:00,26374,19258,7116,25348
2017-01-19 10:00,26860,19197,7663,25870
2017-01-19 09:00,27616,20047,7569,26667
2017-01-19 08:00,29158,20939,8219,28794
2017-01-19 07:00,31202,22954,8248,31222
2017-01-19 06:00,33760,24465,9295,33714
2017-01-19 05:00,35889,26146,9743,35565
2017-01-19 04:00,37154,26813,10341,36600
2017-01-19 03:00,38009,27465,10544,37142
2017-01-19 02:00,37699,26835,10864,36082
2017-01-19 01:00,35202,24341,10861,33473
2017-01-19 00:00,34062,25618,8444,32251
2017-01-18 23:00,34262,26517,7745,32074
2017-01-18 22:00,34321,26699,7622,32104
2017-01-18 21:00,34193,27069,7124,32307
2017-01-18 20:00,34195,27553,6642,32689
2017-01-18 19:00,34380,27821,6559,33145
2017-01-18 18:00,34015,27422,6593,33401
2017-01-18 17:00,34095,26503,7592,33527
2017-01-18 16:00,34107,25196,8911,33250
2017-01-18 15:00,32234,23570,8664,31363
2017-01-18 14:00,28940,20994,7946,28242
2017-01-18 13:00,27214,20070,7144,26476
2017-01-18 12:00,26426,19401,7025,25815
2017-01-18 11:00,26518,19234,7284,25931
2017-01-18 10:00,27072,19717,7355,26571
2017-01-18 09:00,27979,19903,8076,27503
2017-01-18 08:00,29275,21140,8135,28543
2017-01-18 07:00,31431,22700,8731,30852
2017-01-18 06:00,34105,24288,9817,33382
2017-01-18 05:00,35908,26123,9785,35138
2017-01-18 04:00,36867,27058,9809,36075
2017-01-18 03:00,37254,27585,9669,36537
2017-01-18 02:00,36377,26816,9561,35199
2017-01-18 01:00,33165,24167,8998,32342
2017-01-18 00:00,32148,25587,6561,31341
2017-01-17 23:00,31846,26497,5349,31098
2017-01-17 22:00,31701,26527,5174,31092
2017-01-17 21:00,31949,26715,5234,31204
2017-01-17 20:00,32532,26545,5987,31715
2017-01-17 19:00,33368,26363,7005,32304
2017-01-17 18:00,33523,26377,7146,32655
2017-01-17 17:00,34175,25023,9152,33083
2017-01-17 16:00,34462,23484,10978,33239
2017-01-17 15:00,32866,22084,10782,31366
2017-01-17 14:00,29387,19910,9477,28102
2017-01-17 13:00,27367,19110,8257,26137
2017-01-17 12:00,26601,18769,7832,25423
2017-01-17 11:00,26546,18836,7710,25462
2017-01-17 10:00,26803,18846,7957,26022
2017-01-17 09:00,27441,19421,8020,26859
2017-01-17 08:00,28931,20187,8744,28009
2017-01-17 07:00,31126,21850,9276,30327
2017-01-17 06:00,33665,23410,10255,32789
2017-01-17 05:00,35407,24449,10958,34522
2017-01-17 04:00,36318,25095,11223,35407
2017-01-17 03:00,36745,25599,11146,35928
2017-01-17 02:00,35667,24729,10938,34559
2017-01-17 01:00,32257,21638,10619,30991
2017-01-17 00:00,31003,22145,8858,29615
2017-01-16 23:00,30548,23370,7178,29381
2017-01-16 22:00,30219,23662,6557,29449
2017-01-16 21:00,30605,23828,6777,29931
2017-01-16 20:00,31170,24161,7009,30433
2017-01-16 19:00,31776,23954,7822,31030
2017-01-16 18:00,32120,23399,8721,31389
2017-01-16 17:00,32082,21463,10619,31337
2017-01-16 16:00,31368,19436,11932,30531
2017-01-16 15:00,29949,18481,11468,28969
2017-01-16 14:00,27714,17780,9934,26690
2017-01-16 13:00,26157,17722,8435,25125
2017-01-16 12:00,25454,17904,7550,24437
2017-01-16 11:00,25456,18324,7132,24428
2017-01-16 10:00,25923,18327,7596,24854
2017-01-16 09:00,26868,19376,7492,25585
2017-01-16 08:00,28084,20916,7168,26716
2017-01-16 07:00,29830,22021,7809,28809
2017-01-16 06:00,31621,23038,8583,30805
2017-01-16 05:00,32770,23831,8939,32090
2017-01-16 04:00,33401,24372,9029,32766
2017-01-16 03:00,33691,24924,8767,32871
2017-01-16 02:00,32631,24096,8535,31327
2017-01-16 01:00,29183,21893,7290,28034
2017-01-16 00:00,27910,22653,5257,26344
2017-01-15 23:00,27906,23345,4561,26017
2017-01-15 22:00,27816,23489,4327,25954
2017-01-15 21:00,28185,24033,4152,26144
2017-01-15 20:00,28618,24168,4450,26449
2017-01-15 19:00,28822,24373,4449,26852
2017-01-15 18:00,28498,24204,4294,27026
2017-01-15 17:00,28164,23335,4829,26927
2017-01-15 16:00,27403,21185,6218,26351
2017-01-15 15:00,26855,20643,6212,25673
2017-01-15 14:00,25845,19767,6078,24774
2017-01-15 13:00,25221,19289,5932,24317
2017-01-15 12:00,25064,19191,5873,24240
2017-01-15 11:00,25326,19521,5805,24533
2017-01-15 10:00,25781,19815,5966,25219
2017-01-15 09:00,26645,21145,5500,26192
2017-01-15 08:00,28030,22690,5340,27486
2017-01-15 07:00,29722,24179,5543,29396
2017-01-15 06:00,31395,26227,5168,31053
2017-01-15 05:00,32612,27121,5491,32148
2017-01-15 04:00,33342,27852,5490,32735
2017-01-15 03:00,33738,28334,5404,33081
2017-01-15 02:00,32908,28224,4684,32221
2017-01-15 01:00,29606,26243,3363,28867
2017-01-15 00:00,28062,25515,2547,27262
2017-01-14 23:00,27956,25667,2289,26642
2017-01-14 22:00,27949,25721,2228,26605
2017-01-14 21:00,28052,26206,1846,26917
2017-01-14 20:00,28241,26883,1358,27541
2017-01-14 19:00,28547,27296,1251,28169
2017-01-14 18:00,28981,27797,1184,28690
2017-01-14 17:00,29164,27288,1876,28715
2017-01-14 16:00,28666,26756,1910,27975
2017-01-14 15:00,27910,25184,2726,27103
2017-01-14 14:00,26831,21841,4990,25813
2017-01-14 13:00,26114,20452,5662,24997
2017-01-14 12:00,25968,19897,6071,24818
2017-01-14 11:00,26271,19881,6390,25113
2017-01-14 10:00,26747,20060,6687,25807
2017-01-14 09:00,27641,21035,6606,26834
2017-01-14 08:00,29372,22468,6904,28728
2017-01-14 07:00,31280,24715,6565,30916
2017-01-14 06:00,33234,26900,6334,32754
2017-01-14 05:00,34656,28454,6202,34322
2017-01-14 04:00,35512,29720,5792,35158
2017-01-14 03:00,36112,30549,5563,35728
2017-01-14 02:00,35610,30210,5400,35177
2017-01-14 01:00,32841,27810,5031,32046
2017-01-14 00:00,31579,27136,4443,30309
2017-01-13 23:00,31266,27170,4096,29893
2017-01-13 22:00,31440,27228,4212,29864
2017-01-13 21:00,31804,27659,4145,30228
2017-01-13 20:00,32340,27986,4354,30846
2017-01-13 19:00,32923,27854,5069,31513
2017-01-13 18:00,33457,28632,4825,32148
2017-01-13 17:00,33811,28045,5766,32896
2017-01-13 16:00,33799,27127,6672,32775
2017-01-13 15:00,31924,24950,6974,30811
2017-01-13 14:00,28573,22155,6418,27707
2017-01-13 13:00,26963,20136,6827,25861
2017-01-13 12:00,26332,19558,6774,25159
2017-01-13 11:00,26446,19391,7055,25229
2017-01-13 10:00,26945,19679,7266,25788
2017-01-13 09:00,27752,20048,7704,26672
2017-01-13 08:00,29167,20241,8926,28771
2017-01-13 07:00,31522,22255,9267,31151
2017-01-13 06:00,33884,24776,9108,33613
2017-01-13 05:00,35624,26010,9614,35570
2017-01-13 04:00,36776,27495,9281,36648
2017-01-13 03:00,37381,28803,8578,37188
2017-01-13 02:00,36783,28300,8483,36384
2017-01-13 01:00,34183,25729,8454,33563
2017-01-13 00:00,33188,26121,7067,32201
2017-01-12 23:00,33098,27199,5899,31987
2017-01-12 22:00,33326,27670,5656,32135
2017-01-12 21:00,33745,27402,6343,32418
2017-01-12 20:00,33949,27275,6674,32705
2017-01-12 19:00,34027,27692,6335,32895
2017-01-12 18:00,33765,27518,6247,33011
2017-01-12 17:00,33314,26013,7301,32895
2017-01-12 16:00,32884,24656,8228,32346
2017-01-12 15:00,30902,22707,8195,30468
2017-01-12 14:00,27814,20742,7072,27327
2017-01-12 13:00,26094,19924,6170,25501
2017-01-12 12:00,25423,19687,5736,24831
2017-01-12 11:00,25466,19964,5502,24908
2017-01-12 10:00,26099,20387,5712,25508
2017-01-12 09:00,26901,20858,6043,26359
2017-01-12 08:00,28179,21413,6766,27603
2017-01-12 07:00,30519,22614,7905,29903
2017-01-12 06:00,33018,24003,9015,32561
2017-01-12 05:00,34702,26008,8694,34560
2017-01-12 04:00,35605,26872,8733,35620
2017-01-12 03:00,36220,27896,8324,36330
2017-01-12 02:00,35684,27938,7746,36013
2017-01-12 01:00,32840,26046,6794,33323
2017-01-12 00:00,31679,26471,5208,32045
2017-01-11 23:00,31327,27686,3641,31983
2017-01-11 22:00,31203,28591,2612,32066
2017-01-11 21:00,31368,28254,3114,32349
2017-01-11 20:00,31689,28302,3387,32845
2017-01-11 19:00,32077,27946,4131,33090
2017-01-11 18:00,32430,27137,5293,32881
2017-01-11 17:00,32594,25508,7086,32540
2017-01-11 16:00,32433,24058,8375,31846
2017-01-11 15:00,30466,22222,8244,29590
2017-01-11 14:00,27659,20704,6955,26554
2017-01-11 13:00,26047,19905,6142,24754
2017-01-11 12:00,25495,19696,5799,24199
2017-01-11 11:00,25494,19944,5550,24344
2017-01-11 10:00,25996,19841,6155,24942
2017-01-11 09:00,26903,20448,6455,25876
2017-01-11 08:00,28542,20340,8202,27925
2017-01-11 07:00,30808,22024,8784,30249
2017-01-11 06:00,33145,23792,9353,32766
2017-01-11 05:00,35059,25005,10054,34585
2017-01-11 04:00,36233,26750,9483,35566
2017-01-11 03:00,36901,27587,9314,36196
2017-01-11 02:00,36803,27118,9685,35912
2017-01-11 01:00,34467,24828,9639,33488
2017-01-11 00:00,33349,24756,8593,32333
2017-01-10 23:00,33003,25148,7855,32237
2017-01-10 22:00,32957,25534,7423,32215
2017-01-10 21:00,33099,25203,7896,32399
2017-01-10 20:00,33316,25067,8249,32628
2017-01-10 19:00,33457,24923,8534,32753
2017-01-10 18:00,33266,24025,9241,32631
2017-01-10 17:00,32960,23560,9400,32410
2017-01-10 16:00,32468,23280,9188,31870
2017-01-10 15:00,30455,20739,9716,29845
2017-01-10 14:00,27589,18667,8922,26792
2017-01-10 13:00,26085,18096,7989,24967
2017-01-10 12:00,25414,17567,7847,24336
2017-01-10 11:00,25468,17002,8466,24400
2017-01-10 10:00,25677,17100,8577,24976
2017-01-10 09:00,26354,17855,8499,25925
2017-01-10 08:00,27762,18277,9485,27475
2017-01-10 07:00,29972,19409,10563,29941
2017-01-10 06:00,32517,21003,11514,32608
2017-01-10 05:00,34471,22158,12313,34451
2017-01-10 04:00,35491,22740,12751,35490
2017-01-10 03:00,36205,23615,12590,36144
2017-01-10 02:00,35937,23780,12157,35528
2017-01-10 01:00,33155,21632,11523,32715
2017-01-10 00:00,32186,21546,10640,31481
2017-01-09 23:00,32158,22458,9700,31425
2017-01-09 22:00,31903,22872,9031,31434
2017-01-09 21:00,32038,23244,8794,31648
2017-01-09 20:00,32651,23144,9507,31988
2017-01-09 19:00,33034,22601,10433,32246
2017-01-09 18:00,32997,22195,10802,32219
2017-01-09 17:00,32421,20206,12215,31923
2017-01-09 16:00,31678,18607,13071,31233
2017-01-09 15:00,29499,17859,11640,29455
2017-01-09 14:00,26635,17270,9365,26358
2017-01-09 13:00,25045,17012,8033,24311
2017-01-09 12:00,24261,17038,7223,23535
2017-01-09 11:00,23932,17171,6761,23495
2017-01-09 10:00,24118,17201,6917,23991
2017-01-09 09:00,24617,18260,6357,24635
2017-01-09 08:00,25922,19556,6366,26062
2017-01-09 07:00,27885,21154,6731,28048
2017-01-09 06:00,29930,22025,7905,30113
2017-01-09 05:00,31527,22764,8763,31632
2017-01-09 04:00,32497,23818,8679,32528
2017-01-09 03:00,33073,24470,8603,33056
2017-01-09 02:00,32816,24736,8080,32503
2017-01-09 01:00,30014,22244,7770,29797
2017-01-09 00:00,28873,22415,6458,28440
2017-01-08 23:00,28425,22975,5450,28051
2017-01-08 22:00,28079,23293,4786,27968
2017-01-08 21:00,28003,23810,4193,27845
2017-01-08 20:00,27917,24417,3500,27741
2017-01-08 19:00,27556,24698,2858,27454
2017-01-08 18:00,27081,24150,2931,26959
2017-01-08 17:00,26561,23463,3098,25995
2017-01-08 16:00,25883,22142,3741,25072
2017-01-08 15:00,25437,20723,4714,24396
2017-01-08 14:00,24502,19226,5276,23617
2017-01-08 13:00,24030,18604,5426,23097
2017-01-08 12:00,24014,18488,5526,22978
2017-01-08 11:00,24447,18563,5884,23272
2017-01-08 10:00,25149,18949,6200,23908
2017-01-08 09:00,26099,19870,6229,24850
2017-01-08 08:00,27347,21233,6114,27474
2017-01-08 07:00,29112,22965,6147,29482
2017-01-08 06:00,30885,25019,5866,31270
2017-01-08 05:00,32139,25988,6151,32446
2017-01-08 04:00,32957,26527,6430,33034
2017-01-08 03:00,33590,27350,6240,33500
2017-01-08 02:00,33451,27249,6202,32830
2017-01-08 01:00,30837,24886,5951,30808
2017-01-08 00:00,29599,26026,3573,29320
2017-01-07 23:00,29589,26868,2721,28929
2017-01-07 22:00,29809,27211,2598,28980
2017-01-07 21:00,30126,27081,3045,29046
2017-01-07 20:00,30652,27464,3188,29211
2017-01-07 19:00,30890,27454,3436,29162
2017-01-07 18:00,30589,27481,3108,29001
2017-01-07 17:00,29822,27912,1910,28464
2017-01-07 16:00,28745,26782,1963,27497
2017-01-07 15:00,27819,24652,3167,26684
2017-01-07 14:00,26552,21534,5018,25633
2017-01-07 13:00,25774,20543,5231,24852
2017-01-07 12:00,25627,20181,5446,24682
2017-01-07 11:00,25893,20092,5801,25032
2017-01-07 10:00,26591,20604,5987,25740
2017-01-07 09:00,27771,21681,6090,26827
2017-01-07 08:00,29096,23577,5519,28722
2017-01-07 07:00,31141,25436,5705,31033
2017-01-07 06:00,33103,28345,4758,33182
2017-01-07 05:00,34536,29699,4837,34518
2017-01-07 04:00,35380,30280,5100,35398
2017-01-07 03:00,36051,30818,5233,35969
2017-01-07 02:00,35749,30719,5030,35075
2017-01-07 01:00,32691,28183,4508,31798
2017-01-07 00:00,31234,27665,3569,30226
2017-01-06 23:00,30977,28293,2684,29782
2017-01-06 22:00,30616,28278,2338,29904
2017-01-06 21:00,30681,28237,2444,30465
2017-01-06 20:00,31225,28595,2630,31075
2017-01-06 19:00,31636,28651,2985,31680
2017-01-06 18:00,32375,28820,3555,32312
2017-01-06 17:00,32894,28771,4123,32845
2017-01-06 16:00,32783,27776,5007,32729
2017-01-06 15:00,31268,25686,5582,30815
2017-01-06 14:00,28583,22569,6014,27560
2017-01-06 13:00,26929,20763,6166,25757
2017-01-06 12:00,26090,20343,5747,25117
2017-01-06 11:00,26135,20367,5768,25197
2017-01-06 10:00,26689,20707,5982,25758
2017-01-06 09:00,27398,21520,5878,26726
2017-01-06 08:00,28642,22023,6619,28737
2017-01-06 07:00,30784,23900,6884,30986
2017-01-06 06:00,33158,25550,7608,33543
2017-01-06 05:00,34885,26821,8064,35410
2017-01-06 04:00,35788,27422,8366,36275
2017-01-06 03:00,36232,28667,7565,36954
2017-01-06 02:00,35819,28535,7284,36548
2017-01-06 01:00,32768,26367,6401,33931
2017-01-06 00:00,31306,25897,5409,32480
2017-01-05 23:00,31133,26215,4918,32252
2017-01-05 22:00,31028,25956,5072,32134
2017-01-05 21:00,31329,26106,5223,32174
2017-01-05 20:00,31833,26311,5522,32344
2017-01-05 19:00,32265,26492,5773,32592
2017-01-05 18:00,32374,25958,6416,32720
2017-01-05 17:00,32251,25732,6519,32597
2017-01-05 16:00,31620,24691,6929,32058
2017-01-05 15:00,29737,23007,6730,30415
2017-01-05 14:00,27180,20317,6863,27378
2017-01-05 13:00,25659,18335,7324,25492
2017-01-05 12:00,25058,17908,7150,24787
2017-01-05 11:00,25246,17918,7328,24880
2017-01-05 10:00,25826,18352,7474,25398
2017-01-05 09:00,26806,19164,7642,26356
2017-01-05 08:00,28368,21060,7308,28249
2017-01-05 07:00,30538,22906,7632,30667
2017-01-05 06:00,32903,26691,6212,33134
2017-01-05 05:00,34678,28687,5991,34830
2017-01-05 04:00,35715,29867,5848,35725
2017-01-05 03:00,36282,30537,5745,36286
2017-01-05 02:00,36130,30344,5786,35724
2017-01-05 01:00,33410,27749,5661,32868
2017-01-05 00:00,32196,27233,4963,31588
2017-01-04 23:00,31905,26114,5791,31429
2017-01-04 22:00,31877,26169,5708,31509
2017-01-04 21:00,31880,26352,5528,31718
2017-01-04 20:00,32111,26798,5313,32096
2017-01-04 19:00,32300,27239,5061,32437
2017-01-04 18:00,32247,27550,4697,32589
2017-01-04 17:00,32117,27149,4968,32638
2017-01-04 16:00,31606,26096,5510,32306
2017-01-04 15:00,30151,24539,5612,30492
2017-01-04 14:00,27623,20175,7448,27403
2017-01-04 13:00,26140,18026,8114,25556
2017-01-04 12:00,25543,17254,8289,24894
2017-01-04 11:00,25627,17053,8574,24989
2017-01-04 10:00,26266,17335,8931,25600
2017-01-04 09:00,27172,18314,8858,26593
2017-01-04 08:00,28762,19158,9604,28569
2017-01-04 07:00,31209,20209,11000,31148
2017-01-04 06:00,33758,21965,11793,33779
2017-01-04 05:00,35659,23335,12324,35691
2017-01-04 04:00,36586,24319,12267,36693
2017-01-04 03:00,37280,25064,12216,37300
2017-01-04 02:00,36953,24771,12182,36431
2017-01-04 01:00,34484,21632,12852,32931
2017-01-04 00:00,33161,20347,12814,31481
2017-01-03 23:00,32947,20972,11975,31385
2017-01-03 22:00,32761,21514,11247,31569
2017-01-03 21:00,32743,21623,11120,31802
2017-01-03 20:00,32794,21655,11139,32335
2017-01-03 19:00,32910,21468,11442,32947
2017-01-03 18:00,32839,20772,12067,33316
2017-01-03 17:00,32615,19704,12911,33499
2017-01-03 16:00,31889,18743,13146,33275
2017-01-03 15:00,30054,18039,12015,31134
2017-01-03 14:00,27293,16970,10323,27929
2017-01-03 13:00,25627,16234,9393,25915
2017-01-03 12:00,24924,15878,9046,25130
2017-01-03 11:00,24971,16086,8885,25231
2017-01-03 10:00,25410,16298,9112,25786
2017-01-03 09:00,26470,16900,9570,26825
2017-01-03 08:00,28005,18059,9946,28674
2017-01-03 07:00,30097,19598,10499,31089
2017-01-03 06:00,32227,21233,10994,33354
2017-01-03 05:00,33752,22406,11346,34900
2017-01-03 04:00,34614,22391,12223,35674
2017-01-03 03:00,35068,22128,12940,36164
2017-01-03 02:00,34570,21562,13008,35424
2017-01-03 01:00,31237,19460,11777,31977
2017-01-03 00:00,29421,20146,9275,29922
2017-01-02 23:00,29394,21492,7902,29313
2017-01-02 22:00,29453,21669,7784,29273
2017-01-02 21:00,29764,21783,7981,29582
2017-01-02 20:00,29999,21477,8522,30023
2017-01-02 19:00,29911,20878,9033,30544
2017-01-02 18:00,29293,20652,8641,30819
2017-01-02 17:00,28621,18948,9673,30888
2017-01-02 16:00,27777,16745,11032,30542
2017-01-02 15:00,26902,16485,10417,29164
2017-01-02 14:00,25525,15678,9847,26949
2017-01-02 13:00,24542,15275,9267,25499
2017-01-02 12:00,24190,15025,9165,24899
2017-01-02 11:00,24350,15116,9234,25016
2017-01-02 10:00,24942,15978,8964,25556
2017-01-02 09:00,25975,17044,8931,26641
2017-01-02 08:00,27366,19017,8349,27405
2017-01-02 07:00,29021,20097,8924,29334
2017-01-02 06:00,30672,21066,9606,31054
2017-01-02 05:00,31796,22090,9706,32080
2017-01-02 04:00,32406,22442,9964,32596
2017-01-02 03:00,32626,23014,9612,32814
2017-01-02 02:00,31907,23094,8813,31669
2017-01-02 01:00,28371,20195,8176,27706
2017-01-02 00:00,27016,18982,8034,25601
2017-01-01 23:00,26344,19481,6863,25111
2017-01-01 22:00,25941,20570,5371,25142
2017-01-01 21:00,25910,20812,5098,25402
2017-01-01 20:00,26079,21161,4918,25739
2017-01-01 19:00,26289,21146,5143,26051
2017-01-01 18:00,26384,19752,6632,26104
2017-01-01 17:00,26357,18665,7692,26042
2017-01-01 16:00,26182,16993,9189,25806
2017-01-01 15:00,25835,16217,9618,25429
2017-01-01 14:00,25061,15466,9595,24794
2017-01-01 13:00,24588,15184,9404,24517
2017-01-01 12:00,24752,15180,9572,24622
2017-01-01 11:00,25327,15423,9904,25115
2017-01-01 10:00,26214,16237,9977,26023
2017-01-01 09:00,27373,17364,10009,27194
2017-01-01 08:00,28639,18696,9943,28294
2017-01-01 07:00,29684,20419,9265,29962
2017-01-01 06:00,30752,21535,9217,31443
2017-01-01 05:00,31971,22552,9419,32454
2017-01-01 04:00,33053,23336,9717,33095
2017-01-01 03:00,33976,24048,9928,33492
2017-01-01 02:00,33760,23728,10032,33022
2017-01-01 01:00,30872,21421,9451,29405
2017-01-01 00:00,29392,20641,8751,27653
2016-12-31 23:00,28884,20877,8007,27442
2016-12-31 22:00,29107,21355,7752,27522
2016-12-31 21:00,29365,21901,7464,27819
2016-12-31 20:00,29456,22352,7104,28136
2016-12-31 19:00,29233,22592,6641,28543
2016-12-31 18:00,28616,22925,5691,28810
2016-12-31 17:00,27602,21178,6424,28494
2016-12-31 16:00,26575,19980,6595,27512
2016-12-31 15:00,25817,18714,7103,26561
2016-12-31 14:00,24759,16924,7835,25434
2016-12-31 13:00,24236,15732,8504,24775
2016-12-31 12:00,24137,15394,8743,24653
2016-12-31 11:00,24518,15559,8959,24992
2016-12-31 10:00,25276,16033,9243,25814
2016-12-31 09:00,26543,17162,9381,27076
2016-12-31 08:00,28222,18268,9954,28528
2016-12-31 07:00,30170,19634,10536,30585
2016-12-31 06:00,31739,21509,10230,32388
2016-12-31 05:00,33124,22808,10316,33659
2016-12-31 04:00,33955,23781,10174,34396
2016-12-31 03:00,34597,24698,9899,34897
2016-12-31 02:00,34469,24603,9866,34568
2016-12-31 01:00,31464,21658,9806,31452
2016-12-31 00:00,29984,22602,7382,29896
2016-12-30 23:00,29672,23996,5676,29695
2016-12-30 22:00,30121,24430,5691,29925
2016-12-30 21:00,30591,24543,6048,30204
2016-12-30 20:00,31061,24669,6392,30617
2016-12-30 19:00,31761,24873,6888,31109
2016-12-30 18:00,31976,24742,7234,31503
2016-12-30 17:00,31445,23283,8162,31475
2016-12-30 16:00,30291,21058,9233,30916
2016-12-30 15:00,28784,19970,8814,29410
2016-12-30 14:00,26750,18262,8488,26941
2016-12-30 13:00,25391,16883,8508,25228
2016-12-30 12:00,24869,16187,8682,24649
2016-12-30 11:00,25008,16380,8628,24695
2016-12-30 10:00,25525,16923,8602,25258
2016-12-30 09:00,26544,17824,8720,26265
2016-12-30 08:00,28193,18685,9508,28123
2016-12-30 07:00,30131,20531,9600,30633
2016-12-30 06:00,32312,22224,10088,32811
2016-12-30 05:00,33868,23503,10365,34235
2016-12-30 04:00,34753,24170,10583,34996
2016-12-30 03:00,35382,24816,10566,35491
2016-12-30 02:00,35168,24539,10629,34875
2016-12-30 01:00,31986,21630,10356,31316
2016-12-30 00:00,30687,22367,8320,29481
2016-12-29 23:00,30077,23631,6446,29141
2016-12-29 22:00,29707,24005,5702,29143
2016-12-29 21:00,29653,23875,5778,29294
2016-12-29 20:00,29928,23608,6320,29802
2016-12-29 19:00,30396,23885,6511,30472
2016-12-29 18:00,30804,23465,7339,30930
2016-12-29 17:00,31253,22529,8724,31125
2016-12-29 16:00,31205,21287,9918,30607
2016-12-29 15:00,30109,20081,10028,29190
2016-12-29 14:00,27870,18082,9788,26828
2016-12-29 13:00,26218,16807,9411,25228
2016-12-29 12:00,25533,16248,9285,24611
2016-12-29 11:00,25588,16357,9231,24707
2016-12-29 10:00,26123,16623,9500,25306
2016-12-29 09:00,27111,17607,9504,26366
2016-12-29 08:00,28367,18681,9686,28576
2016-12-29 07:00,30519,20347,10172,30998
2016-12-29 06:00,32749,22012,10737,33147
2016-12-29 05:00,34203,23699,10504,34530
2016-12-29 04:00,34964,24094,10870,35216
2016-12-29 03:00,35522,24702,10820,35593
2016-12-29 02:00,35124,24172,10952,34853
2016-12-29 01:00,31640,21078,10562,31316
2016-12-29 00:00,30666,21656,9010,29759
2016-12-28 23:00,30123,23137,6986,29409
2016-12-28 22:00,30047,23660,6387,29304
2016-12-28 21:00,29875,23755,6120,29425
2016-12-28 20:00,30181,23168,7013,29894
2016-12-28 19:00,30749,23657,7092,30507
2016-12-28 18:00,31415,23448,7967,30950
2016-12-28 17:00,32006,22853,9153,31341
2016-12-28 16:00,31988,21072,10916,30939
2016-12-28 15:00,30840,19597,11243,29648
2016-12-28 14:00,28423,17908,10515,27328
2016-12-28 13:00,26749,16698,10051,25715
2016-12-28 12:00,26044,16162,9882,25094
2016-12-28 11:00,26116,16277,9839,25154
2016-12-28 10:00,26683,16640,10043,25691
2016-12-28 09:00,27718,17581,10137,26683
2016-12-28 08:00,29190,18747,10443,29152
2016-12-28 07:00,31251,20367,10884,31713
2016-12-28 06:00,33379,22253,11126,34117
2016-12-28 05:00,34888,23484,11404,35616
2016-12-28 04:00,35684,23929,11755,36282
2016-12-28 03:00,36089,24098,11991,36819
2016-12-28 02:00,35589,23556,12033,36172
2016-12-28 01:00,31969,20509,11460,32299
2016-12-28 00:00,30418,20167,10251,30376
2016-12-27 23:00,30065,21303,8762,29936
2016-12-27 22:00,30040,21989,8051,29823
2016-12-27 21:00,30130,22338,7792,29955
2016-12-27 20:00,30259,22375,7884,30620
2016-12-27 19:00,30811,22462,8349,31440
2016-12-27 18:00,31525,21999,9526,32249
2016-12-27 17:00,31959,20913,11046,32931
2016-12-27 16:00,31806,19638,12168,32767
2016-12-27 15:00,30673,18599,12074,31085
2016-12-27 14:00,28504,17128,11376,28360
2016-12-27 13:00,26830,16202,10628,26492
2016-12-27 12:00,26117,15750,10367,25734
2016-12-27 11:00,26152,16013,10139,25744
2016-12-27 10:00,26671,16228,10443,26325
2016-12-27 09:00,27720,17078,10642,27425
2016-12-27 08:00,28953,18081,10872,28267
2016-12-27 07:00,31241,19511,11730,30583
2016-12-27 06:00,33420,20464,12956,33004
2016-12-27 05:00,34671,21037,13634,34658
2016-12-27 04:00,35199,20883,14316,35461
2016-12-27 03:00,35269,20960,14309,35778
2016-12-27 02:00,34336,20333,14003,34719
2016-12-27 01:00,30278,17959,12319,30976
2016-12-27 00:00,28311,17985,10326,29139
2016-12-26 23:00,27753,19401,8352,28748
2016-12-26 22:00,27723,19728,7995,28838
2016-12-26 21:00,27866,19704,8162,29152
2016-12-26 20:00,28350,19668,8682,29651
2016-12-26 19:00,28974,19772,9202,30346
2016-12-26 18:00,29200,20238,8962,30980
2016-12-26 17:00,29187,19797,9390,31197
2016-12-26 16:00,28839,18073,10766,30727
2016-12-26 15:00,28314,16890,11424,29262
2016-12-26 14:00,27022,15888,11134,26925
2016-12-26 13:00,25996,15623,10373,25219
2016-12-26 12:00,25574,16167,9407,24460
2016-12-26 11:00,25655,16736,8919,24477
2016-12-26 10:00,26175,17575,8600,24957
2016-12-26 09:00,27179,18142,9037,25892
2016-12-26 08:00,28244,19470,8774,27528
2016-12-26 07:00,30020,20731,9289,29419
2016-12-26 06:00,31279,21119,10160,31072
2016-12-26 05:00,31860,21829,10031,31883
2016-12-26 04:00,31944,22102,9842,32208
2016-12-26 03:00,31884,22490,9394,32042
2016-12-26 02:00,31250,22097,9153,31326
2016-12-26 01:00,27957,19876,8081,27601
2016-12-26 00:00,26308,19952,6356,26073
2016-12-25 23:00,25810,21783,4027,25766
2016-12-25 22:00,25497,21931,3566,25709
2016-12-25 21:00,25970,21694,4276,25971
2016-12-25 20:00,26381,21743,4638,26415
2016-12-25 19:00,26714,21689,5025,27011
2016-12-25 18:00,27625,21123,6502,27377
2016-12-25 17:00,28092,20477,7615,27401
2016-12-25 16:00,27790,19530,8260,26950
2016-12-25 15:00,27237,18705,8532,26118
2016-12-25 14:00,26402,17946,8456,25162
2016-12-25 13:00,25933,17675,8258,24556
2016-12-25 12:00,25868,17686,8182,24462
2016-12-25 11:00,26232,17596,8636,24878
2016-12-25 10:00,26764,17380,9384,25649
2016-12-25 09:00,27803,18245,9558,26695
2016-12-25 08:00,29210,20089,9121,28283
2016-12-25 07:00,30386,21986,8400,30230
2016-12-25 06:00,31407,23005,8402,31878
2016-12-25 05:00,32115,24387,7728,32803
2016-12-25 04:00,32645,25027,7618,33390
2016-12-25 03:00,33262,25478,7784,33708
2016-12-25 02:00,33249,25487,7762,33277
2016-12-25 01:00,29983,23528,6455,29868
2016-12-25 00:00,28042,23064,4978,28248
2016-12-24 23:00,27661,23547,4114,28034
2016-12-24 22:00,27448,23862,3586,28184
2016-12-24 21:00,27579,24078,3501,28520
2016-12-24 20:00,27630,24344,3286,28949
2016-12-24 19:00,27910,24356,3554,29316
2016-12-24 18:00,28228,23962,4266,29367
2016-12-24 17:00,28288,22347,5941,29017
2016-12-24 16:00,27653,21278,6375,28008
2016-12-24 15:00,26823,19811,7012,26823
2016-12-24 14:00,25707,18243,7464,25455
2016-12-24 13:00,25167,17316,7851,24730
2016-12-24 12:00,25062,17402,7660,24564
2016-12-24 11:00,25463,17273,8190,24876
2016-12-24 10:00,26388,17996,8392,25683
2016-12-24 09:00,27825,18981,8844,26880
2016-12-24 08:00,29339,20541,8798,28946
2016-12-24 07:00,31513,22222,9291,31332
2016-12-24 06:00,33324,24290,9034,33385
2016-12-24 05:00,34481,25039,9442,34760
2016-12-24 04:00,35215,25475,9740,35723
2016-12-24 03:00,35779,26774,9005,36346
2016-12-24 02:00,35777,26487,9290,36203
2016-12-24 01:00,33207,23716,9491,33185
2016-12-24 00:00,31704,23609,8095,31703
2016-12-23 23:00,31583,24446,7137,31462
2016-12-23 22:00,31606,24667,6939,31656
2016-12-23 21:00,31826,24736,7090,31887
2016-12-23 20:00,32319,24693,7626,32267
2016-12-23 19:00,32521,24303,8218,32608
2016-12-23 18:00,32399,24972,7427,32662
2016-12-23 17:00,31617,24712,6905,32498
2016-12-23 16:00,30451,23444,7007,31839
2016-12-23 15:00,29189,22172,7017,30022
2016-12-23 14:00,27099,20468,6631,27475
2016-12-23 13:00,25766,19509,6257,25969
2016-12-23 12:00,25315,18918,6397,25320
2016-12-23 11:00,25629,19234,6395,25520
2016-12-23 10:00,26336,19646,6690,26175
2016-12-23 09:00,27629,20537,7092,27124
2016-12-23 08:00,29471,21214,8257,28850
2016-12-23 07:00,31616,23160,8456,31487
2016-12-23 06:00,33777,24797,8980,33750
2016-12-23 05:00,35261,25959,9302,35398
2016-12-23 04:00,36031,26909,9122,36223
2016-12-23 03:00,36500,27674,8826,36596
2016-12-23 02:00,36242,27468,8774,36011
2016-12-23 01:00,33106,24985,8121,32476
2016-12-23 00:00,31451,23630,7821,30965
2016-12-22 23:00,31104,23727,7377,30694
2016-12-22 22:00,31078,23630,7448,30753
2016-12-22 21:00,31264,23946,7318,30842
2016-12-22 20:00,31907,24972,6935,31286
2016-12-22 19:00,32702,25469,7233,31924
2016-12-22 18:00,33064,25621,7443,32367
2016-12-22 17:00,33114,24872,8242,32412
2016-12-22 16:00,32372,23344,9028,31752
2016-12-22 15:00,30662,21849,8813,30008
2016-12-22 14:00,28182,19547,8635,27165
2016-12-22 13:00,26767,18547,8220,25373
2016-12-22 12:00,26073,18176,7897,24724
2016-12-22 11:00,26103,18285,7818,24861
2016-12-22 10:00,26776,18606,8170,25573
2016-12-22 09:00,27882,19214,8668,26685
2016-12-22 08:00,29469,19770,9699,29012
2016-12-22 07:00,31927,21439,10488,31675
2016-12-22 06:00,34110,23082,11028,34100
2016-12-22 05:00,35625,24385,11240,35603
2016-12-22 04:00,36495,25395,11100,36415
2016-12-22 03:00,37016,26435,10581,36827
2016-12-22 02:00,36866,26285,10581,36152
2016-12-22 01:00,33935,23310,10625,32503
2016-12-22 00:00,32480,22580,9900,30512
2016-12-21 23:00,32204,23751,8453,30097
2016-12-21 22:00,32267,24036,8231,30051
2016-12-21 21:00,32148,24184,7964,30222
2016-12-21 20:00,32747,24437,8310,30761
2016-12-21 19:00,33113,24985,8128,31503
2016-12-21 18:00,33300,24979,8321,32108
2016-12-21 17:00,33058,24832,8226,32536
2016-12-21 16:00,32168,24355,7813,32354
2016-12-21 15:00,30480,22778,7702,30702
2016-12-21 14:00,27782,20064,7718,27846
2016-12-21 13:00,26337,18496,7841,25973
2016-12-21 12:00,25677,18094,7583,25235
2016-12-21 11:00,25964,18246,7718,25325
2016-12-21 10:00,26673,18580,8093,25989
2016-12-21 09:00,27726,19526,8200,27060
2016-12-21 08:00,29576,20872,8704,29161
2016-12-21 07:00,31664,22573,9091,31886
2016-12-21 06:00,34150,24225,9925,34445
2016-12-21 05:00,35786,25601,10185,36066
2016-12-21 04:00,36669,26091,10578,36891
2016-12-21 03:00,37212,26321,10891,37266
2016-12-21 02:00,37005,25805,11200,36476
2016-12-21 01:00,33520,22911,10609,32719
2016-12-21 00:00,32011,23054,8957,30543
2016-12-20 23:00,31519,25341,6178,30117
2016-12-20 22:00,31311,25733,5578,30021
2016-12-20 21:00,31331,25465,5866,30058
2016-12-20 20:00,32009,25705,6304,30568
2016-12-20 19:00,32731,26048,6683,31637
2016-12-20 18:00,33416,26261,7155,32517
2016-12-20 17:00,34053,25357,8696,33104
2016-12-20 16:00,34089,23690,10399,33035
2016-12-20 15:00,32671,21759,10912,31445
2016-12-20 14:00,29792,19760,10032,28413
2016-12-20 13:00,27909,18692,9217,26498
2016-12-20 12:00,27081,17963,9118,25725
2016-12-20 11:00,27086,17984,9102,25755
2016-12-20 10:00,27686,18114,9572,26379
2016-12-20 09:00,28681,18853,9828,27482
2016-12-20 08:00,29911,19804,10107,29882
2016-12-20 07:00,32481,21790,10691,32700
2016-12-20 06:00,35012,23328,11684,35330
2016-12-20 05:00,36712,24422,12290,36957
2016-12-20 04:00,37511,24905,12606,37851
2016-12-20 03:00,37867,24892,12975,38164
2016-12-20 02:00,37348,24318,13030,37037
2016-12-20 01:00,33490,21190,12300,32769
2016-12-20 00:00,31812,21040,10772,30628
2016-12-19 23:00,31296,22841,8455,30169
2016-12-19 22:00,31283,22658,8625,30219
2016-12-19 21:00,31244,22439,8805,30371
2016-12-19 20:00,31570,23009,8561,31025
2016-12-19 19:00,32390,23098,9292,31992
2016-12-19 18:00,33063,23158,9905,32812
2016-12-19 17:00,33715,21788,11927,33334
2016-12-19 16:00,33741,20093,13648,33050
2016-12-19 15:00,32184,18895,13289,31369
2016-12-19 14:00,29360,18414,10946,28360
2016-12-19 13:00,27302,18309,8993,26347
2016-12-19 12:00,26358,18306,8052,25504
2016-12-19 11:00,26254,18209,8045,25490
2016-12-19 10:00,26674,18932,7742,26041
2016-12-19 09:00,27645,19840,7805,26990
2016-12-19 08:00,28929,22072,6857,28563
2016-12-19 07:00,31170,24047,7123,30933
2016-12-19 06:00,33391,25175,8216,33289
2016-12-19 05:00,34675,25676,8999,34730
2016-12-19 04:00,35171,26218,8953,35393
2016-12-19 03:00,35102,26587,8515,35453
2016-12-19 02:00,34240,26379,7861,34380
2016-12-19 01:00,29922,23582,6340,29668
2016-12-19 00:00,27386,23097,4289,27305
2016-12-18 23:00,26973,23916,3057,26561
2016-12-18 22:00,26968,24289,2679,26423
2016-12-18 21:00,27120,24868,2252,26681
2016-12-18 20:00,27523,25049,2474,27239
2016-12-18 19:00,28019,25154,2865,27920
2016-12-18 18:00,28549,25261,3288,28402
2016-12-18 17:00,28869,24820,4049,28398
2016-12-18 16:00,28795,23358,5437,27880
2016-12-18 15:00,28220,22280,5940,27217
2016-12-18 14:00,27030,20812,6218,26150
2016-12-18 13:00,26349,20097,6252,25557
2016-12-18 12:00,26168,19664,6504,25437
2016-12-18 11:00,26458,19871,6587,25686
2016-12-18 10:00,27137,20105,7032,26369
2016-12-18 09:00,28278,20922,7356,27424
2016-12-18 08:00,29729,22281,7448,29010
2016-12-18 07:00,31452,24589,6863,31043
2016-12-18 06:00,33168,26683,6485,32872
2016-12-18 05:00,34131,27961,6170,33898
2016-12-18 04:00,34522,28067,6455,34393
2016-12-18 03:00,34732,28931,5801,34591
2016-12-18 02:00,34256,29029,5227,33787
2016-12-18 01:00,30302,26833,3469,29734
2016-12-18 00:00,28056,26107,1949,27621
2016-12-17 23:00,27813,26720,1093,27089
2016-12-17 22:00,27721,27153,568,27173
2016-12-17 21:00,28124,27172,952,27599
2016-12-17 20:00,28563,27122,1441,28133
2016-12-17 19:00,28998,27908,1090,28709
2016-12-17 18:00,29467,27892,1575,29093
2016-12-17 17:00,29617,27391,2226,29010
2016-12-17 16:00,29412,25991,3421,28445
2016-12-17 15:00,28608,23765,4843,27436
2016-12-17 14:00,27080,21435,5645,26034
2016-12-17 13:00,26129,20049,6080,25178
2016-12-17 12:00,25849,19424,6425,24992
2016-12-17 11:00,25994,19376,6618,25323
2016-12-17 10:00,26406,19747,6659,26136
2016-12-17 09:00,27627,20696,6931,27251
2016-12-17 08:00,29461,21762,7699,28731
2016-12-17 07:00,31507,23872,7635,31155
2016-12-17 06:00,33397,26223,7174,33315
2016-12-17 05:00,34829,27575,7254,34774
2016-12-17 04:00,35645,28474,7171,35770
2016-12-17 03:00,36244,28815,7429,36335
2016-12-17 02:00,36146,29165,6981,36286
2016-12-17 01:00,32730,27255,5475,33190
2016-12-17 00:00,30941,25993,4948,31276
2016-12-16 23:00,30378,25569,4809,30984
2016-12-16 22:00,30445,25723,4722,31069
2016-12-16 21:00,30649,26325,4324,31283
2016-12-16 20:00,31212,26875,4337,31696
2016-12-16 19:00,31715,27019,4696,31965
2016-12-16 18:00,32039,26207,5832,32308
2016-12-16 17:00,32158,26071,6087,32452
2016-12-16 16:00,31784,25250,6534,32025
2016-12-16 15:00,29992,23766,6226,29878
2016-12-16 14:00,27244,21136,6108,26669
2016-12-16 13:00,25701,19722,5979,24855
2016-12-16 12:00,25073,19384,5689,24271
2016-12-16 11:00,25083,19122,5961,24470
2016-12-16 10:00,25491,19019,6472,25142
2016-12-16 09:00,26584,20042,6542,26221
2016-12-16 08:00,28485,21510,6975,28311
2016-12-16 07:00,30879,23402,7477,30887
2016-12-16 06:00,33346,26144,7202,33421
2016-12-16 05:00,35228,27969,7259,35305
2016-12-16 04:00,36309,28697,7612,36418
2016-12-16 03:00,36939,29434,7505,36994
2016-12-16 02:00,37180,29683,7497,36902
2016-12-16 01:00,35171,27264,7907,34085
2016-12-16 00:00,33573,27009,6564,32617
2016-12-15 23:00,33477,28230,5247,32541
2016-12-15 22:00,33409,28175,5234,32465
2016-12-15 21:00,33373,27636,5737,32384
2016-12-15 20:00,33472,27437,6035,32555
2016-12-15 19:00,33369,27595,5774,32752
2016-12-15 18:00,32816,27809,5007,32766
2016-12-15 17:00,32278,27193,5085,32604
2016-12-15 16:00,31677,25983,5694,32162
2016-12-15 15:00,30296,24542,5754,30060
2016-12-15 14:00,27371,21256,6115,26836
2016-12-15 13:00,25529,19846,5683,24948
2016-12-15 12:00,24852,19159,5693,24306
2016-12-15 11:00,24923,18937,5986,24467
2016-12-15 10:00,25240,19390,5850,25123
2016-12-15 09:00,26402,20597,5805,26188
2016-12-15 08:00,28327,21224,7103,28097
2016-12-15 07:00,30680,23535,7145,30794
2016-12-15 06:00,33197,26325,6872,33363
2016-12-15 05:00,35052,28181,6871,35216
2016-12-15 04:00,36118,29188,6930,36285
2016-12-15 03:00,36692,29810,6882,36852
2016-12-15 02:00,36692,29904,6788,36518
2016-12-15 01:00,33840,26913,6927,33536
2016-12-15 00:00,32314,26332,5982,31859
2016-12-14 23:00,32509,27230,5279,31576
2016-12-14 22:00,32251,27426,4825,31474
2016-12-14 21:00,31861,27402,4459,31384
2016-12-14 20:00,31888,27417,4471,31605
2016-12-14 19:00,32022,27470,4552,31923
2016-12-14 18:00,31984,27118,4866,32237
2016-12-14 17:00,31817,26113,5704,32388
2016-12-14 16:00,31825,24938,6887,32173
2016-12-14 15:00,30311,23622,6689,30242
2016-12-14 14:00,27332,20579,6753,27006
2016-12-14 13:00,25413,19084,6329,25073
2016-12-14 12:00,24707,18682,6025,24387
2016-12-14 11:00,24834,18759,6075,24495
2016-12-14 10:00,25440,18886,6554,25096
2016-12-14 09:00,26577,19281,7296,26096
2016-12-14 08:00,28167,19450,8717,28345
2016-12-14 07:00,30614,21305,9309,30967
2016-12-14 06:00,33383,23978,9405,33633
2016-12-14 05:00,35348,25146,10202,35593
2016-12-14 04:00,36330,26769,9561,36705
2016-12-14 03:00,36919,27988,8931,37259
2016-12-14 02:00,36859,27791,9068,36759
2016-12-14 01:00,33892,24293,9599,33888
2016-12-14 00:00,32212,24768,7444,32369
2016-12-13 23:00,31695,25363,6332,32158
2016-12-13 22:00,31292,25803,5489,32072
2016-12-13 21:00,31123,26192,4931,31954
2016-12-13 20:00,31266,26180,5086,32086
2016-12-13 19:00,31397,26268,5129,32310
2016-12-13 18:00,31615,26170,5445,32634
2016-12-13 17:00,31851,24754,7097,32722
2016-12-13 16:00,31820,23423,8397,32583
2016-12-13 15:00,30205,21228,8977,30656
2016-12-13 14:00,27156,18594,8562,27362
2016-12-13 13:00,25506,17229,8277,25375
2016-12-13 12:00,24677,16776,7901,24673
2016-12-13 11:00,24776,16898,7878,24764
2016-12-13 10:00,25376,16665,8711,25313
2016-12-13 09:00,26499,17068,9431,26329
2016-12-13 08:00,28771,17648,11123,28317
2016-12-13 07:00,31193,19493,11700,30779
2016-12-13 06:00,33578,21361,12217,33415
2016-12-13 05:00,35437,22956,12481,35322
2016-12-13 04:00,36379,24381,11998,36444
2016-12-13 03:00,36968,23687,13281,36978
2016-12-13 02:00,36886,23612,13274,36486
2016-12-13 01:00,33756,21653,12103,33228
2016-12-13 00:00,32253,20782,11471,31681
2016-12-12 23:00,32214,21825,10389,31515
2016-12-12 22:00,32140,21777,10363,31546
2016-12-12 21:00,31804,22137,9667,31573
2016-12-12 20:00,31932,21518,10414,31765
2016-12-12 19:00,32311,21950,10361,32135
2016-12-12 18:00,32394,20897,11497,32426
2016-12-12 17:00,32077,19683,12394,32417
2016-12-12 16:00,31468,17888,13580,32017
2016-12-12 15:00,29736,16910,12826,29898
2016-12-12 14:00,26868,16398,10470,26582
2016-12-12 13:00,24958,15918,9040,24590
2016-12-12 12:00,24143,15816,8327,23877
2016-12-12 11:00,24200,16265,7935,23929
2016-12-12 10:00,24577,16873,7704,24444
2016-12-12 09:00,25635,17912,7723,25298
2016-12-12 08:00,27194,19437,7757,26876
2016-12-12 07:00,29413,20426,8987,29085
2016-12-12 06:00,31220,21581,9639,31330
2016-12-12 05:00,32829,22905,9924,32991
2016-12-12 04:00,33609,23674,9935,33773
2016-12-12 03:00,34033,24142,9891,33935
2016-12-12 02:00,33620,24714,8906,32946
2016-12-12 01:00,30528,22753,7775,29163
2016-12-12 00:00,29036,21908,7128,27412
2016-12-11 23:00,28795,22477,6318,26951
2016-12-11 22:00,28525,23239,5286,26961
2016-12-11 21:00,28253,23453,4800,27055
2016-12-11 20:00,28288,23587,4701,27106
2016-12-11 19:00,28353,23666,4687,27292
2016-12-11 18:00,28005,22942,5063,27444
2016-12-11 17:00,27080,21860,5220,27029
2016-12-11 16:00,26173,19917,6256,25952
2016-12-11 15:00,25548,18569,6979,25114
2016-12-11 14:00,24722,17347,7375,24052
2016-12-11 13:00,24398,16828,7570,23497
2016-12-11 12:00,24324,16923,7401,23498
2016-12-11 11:00,24717,17476,7241,23877
2016-12-11 10:00,25293,17924,7369,24634
2016-12-11 09:00,26376,19228,7148,25699
2016-12-11 08:00,27747,19685,8062,27347
2016-12-11 07:00,29498,21171,8327,29238
2016-12-11 06:00,31141,22985,8156,30956
2016-12-11 05:00,32070,24014,8056,32100
2016-12-11 04:00,32780,24468,8312,32771
2016-12-11 03:00,33360,25647,7713,33223
2016-12-11 02:00,33459,26548,6911,32753
2016-12-11 01:00,31153,24380,6773,29486
2016-12-11 00:00,29837,23900,5937,27956
2016-12-10 23:00,29522,24209,5313,27598
2016-12-10 22:00,29571,24742,4829,27554
2016-12-10 21:00,29723,24688,5035,27830
2016-12-10 20:00,29976,24896,5080,27987
2016-12-10 19:00,30134,25107,5027,28277
2016-12-10 18:00,29806,24601,5205,28345
2016-12-10 17:00,28768,24542,4226,27869
2016-12-10 16:00,27683,23707,3976,26830
2016-12-10 15:00,27085,21872,5213,25869
2016-12-10 14:00,25818,18939,6879,24626
2016-12-10 13:00,25111,17420,7691,23954
2016-12-10 12:00,24949,17038,7911,23799
2016-12-10 11:00,25263,16997,8266,24207
2016-12-10 10:00,25994,17197,8797,24965
2016-12-10 09:00,26971,17964,9007,26012
2016-12-10 08:00,28769,19196,9573,28499
2016-12-10 07:00,30804,20659,10145,30855
2016-12-10 06:00,32689,23196,9493,32935
2016-12-10 05:00,34128,25278,8850,34430
2016-12-10 04:00,35039,26800,8239,35525
2016-12-10 03:00,35729,27473,8256,36257
2016-12-10 02:00,35891,27391,8500,36202
2016-12-10 01:00,33022,24676,8346,33385
2016-12-10 00:00,31874,23449,8425,31948
2016-12-09 23:00,31915,23983,7932,31751
2016-12-09 22:00,31983,24347,7636,31775
2016-12-09 21:00,32070,24681,7389,31745
2016-12-09 20:00,32387,24962,7425,31964
2016-12-09 19:00,32707,25139,7568,32275
2016-12-09 18:00,32653,25147,7506,32497
2016-12-09 17:00,32575,25220,7355,32404
2016-12-09 16:00,32363,24303,8060,32275
2016-12-09 15:00,30802,22131,8671,30389
2016-12-09 14:00,27675,19143,8532,27141
2016-12-09 13:00,25831,17926,7905,25265
2016-12-09 12:00,25158,17293,7865,24658
2016-12-09 11:00,25330,17306,8024,24799
2016-12-09 10:00,25908,17734,8174,25411
2016-12-09 09:00,26995,18293,8702,26384
2016-12-09 08:00,28549,19604,8945,28680
2016-12-09 07:00,30905,22184,8721,31140
2016-12-09 06:00,33593,24812,8781,33618
2016-12-09 05:00,35481,26614,8867,35360
2016-12-09 04:00,36378,27261,9117,36313
2016-12-09 03:00,36967,28035,8932,36974
2016-12-09 02:00,37002,28260,8742,36603
2016-12-09 01:00,34208,25506,8702,33314
2016-12-09 00:00,32680,23640,9040,31964
2016-12-08 23:00,32310,23940,8370,31695
2016-12-08 22:00,32299,24590,7709,31577
2016-12-08 21:00,32316,24900,7416,31683
2016-12-08 20:00,32543,24946,7597,32080
2016-12-08 19:00,32858,25409,7449,32613
2016-12-08 18:00,33077,25806,7271,32996
2016-12-08 17:00,33246,26002,7244,33317
2016-12-08 16:00,33327,25232,8095,33396
2016-12-08 15:00,31773,23427,8346,31571
2016-12-08 14:00,28491,20279,8212,28281
2016-12-08 13:00,26715,18676,8039,26275
2016-12-08 12:00,26107,18607,7500,25615
2016-12-08 11:00,26259,18684,7575,25725
2016-12-08 10:00,26849,18677,8172,26311
2016-12-08 09:00,27670,19145,8525,27199
2016-12-08 08:00,29297,19577,9720,28968
2016-12-08 07:00,31866,21374,10492,31612
2016-12-08 06:00,34604,24217,10387,34321
2016-12-08 05:00,36435,25762,10673,36210
2016-12-08 04:00,37404,26807,10597,37176
2016-12-08 03:00,37881,27220,10661,37698
2016-12-08 02:00,37702,27273,10429,37101
2016-12-08 01:00,34603,24948,9655,33483
2016-12-08 00:00,32970,23868,9102,31498
2016-12-07 23:00,32393,23915,8478,31313
2016-12-07 22:00,32170,24690,7480,31370
2016-12-07 21:00,32171,24751,7420,31442
2016-12-07 20:00,32397,24753,7644,31710
2016-12-07 19:00,32763,25158,7605,32295
2016-12-07 18:00,33391,25227,8164,32906
2016-12-07 17:00,33569,24907,8662,33427
2016-12-07 16:00,33331,23682,9649,33537
2016-12-07 15:00,31837,21693,10144,31664
2016-12-07 14:00,28441,18723,9718,28228
2016-12-07 13:00,26553,17140,9413,26086
2016-12-07 12:00,25703,16488,9215,25347
2016-12-07 11:00,25748,16580,9168,25400
2016-12-07 10:00,26320,16772,9548,25909
2016-12-07 09:00,27225,17676,9549,26851
2016-12-07 08:00,28782,19023,9759,28897
2016-12-07 07:00,31218,21822,9396,31518
2016-12-07 06:00,33909,24525,9384,34177
2016-12-07 05:00,35860,26468,9392,36030
2016-12-07 04:00,36787,27362,9425,36997
2016-12-07 03:00,37273,28225,9048,37476
2016-12-07 02:00,36942,28374,8568,36873
2016-12-07 01:00,33650,25494,8156,33245
2016-12-07 00:00,31754,24112,7642,31225
2016-12-06 23:00,31552,23935,7617,30799
2016-12-06 22:00,31377,23861,7516,30794
2016-12-06 21:00,31286,23896,7390,30982
2016-12-06 20:00,31678,23903,7775,31423
2016-12-06 19:00,32183,24387,7796,32080
2016-12-06 18:00,32550,24707,7843,32686
2016-12-06 17:00,32727,24965,7762,33222
2016-12-06 16:00,32778,24100,8678,33259
2016-12-06 15:00,31258,22104,9154,31452
2016-12-06 14:00,28092,18724,9368,28078
2016-12-06 13:00,26210,16170,10040,26019
2016-12-06 12:00,25426,15644,9782,25277
2016-12-06 11:00,25487,15444,10043,25345
2016-12-06 10:00,26058,15441,10617,25924
2016-12-06 09:00,27173,16145,11028,26896
2016-12-06 08:00,28578,17258,11320,28550
2016-12-06 07:00,30956,18964,11992,31169
2016-12-06 06:00,33782,20740,13042,33748
2016-12-06 05:00,35741,22372,13369,35595
2016-12-06 04:00,36727,23149,13578,36640
2016-12-06 03:00,37255,23277,13978,37149
2016-12-06 02:00,37062,23160,13902,36517
2016-12-06 01:00,33672,19785,13887,32771
2016-12-06 00:00,32168,18678,13490,30868
2016-12-05 23:00,31473,19179,12294,30692
2016-12-05 22:00,31441,19775,11666,30686
2016-12-05 21:00,31517,19663,11854,30793
2016-12-05 20:00,32062,19491,12571,31193
2016-12-05 19:00,32146,19470,12676,31676
2016-12-05 18:00,32351,19354,12997,32196
2016-12-05 17:00,32318,18409,13909,32537
2016-12-05 16:00,32285,17592,14693,32441
2016-12-05 15:00,30670,16376,14294,30608
2016-12-05 14:00,27603,15535,12068,27313
2016-12-05 13:00,25451,14908,10543,25222
2016-12-05 12:00,24589,14873,9716,24439
2016-12-05 11:00,24512,15282,9230,24457
2016-12-05 10:00,24924,15981,8943,24931
2016-12-05 09:00,25779,17013,8766,25681
2016-12-05 08:00,27104,17614,9490,26695
2016-12-05 07:00,28939,19057,9882,28802
2016-12-05 06:00,31113,20329,10784,30994
2016-12-05 05:00,32797,21126,11671,32413
2016-12-05 04:00,33596,21644,11952,33200
2016-12-05 03:00,33931,22033,11898,33545
2016-12-05 02:00,33433,22051,11382,32583
2016-12-05 01:00,29800,19233,10567,28714
2016-12-05 00:00,27680,18786,8894,26445
2016-12-04 23:00,27009,19764,7245,25846
2016-12-04 22:00,26875,20157,6718,25568
2016-12-04 21:00,26715,20268,6447,25652
2016-12-04 20:00,26759,20175,6584,25879
2016-12-04 19:00,27108,20742,6366,26339
2016-12-04 18:00,27446,21141,6305,26663
2016-12-04 17:00,27165,20180,6985,26543
2016-12-04 16:00,26864,18878,7986,26041
2016-12-04 15:00,26559,17808,8751,25494
2016-12-04 14:00,25552,16464,9088,24567
2016-12-04 13:00,24869,15381,9488,23978
2016-12-04 12:00,24787,15267,9520,23877
2016-12-04 11:00,25048,15544,9504,24153
2016-12-04 10:00,25696,16175,9521,24837
2016-12-04 09:00,26686,17307,9379,25915
2016-12-04 08:00,27884,18942,8942,27978
2016-12-04 07:00,29760,20902,8858,29934
2016-12-04 06:00,31407,22715,8692,31702
2016-12-04 05:00,32483,23972,8511,32872
2016-12-04 04:00,32933,24930,8003,33506
2016-12-04 03:00,33291,25657,7634,34048
2016-12-04 02:00,33087,25340,7747,33458
2016-12-04 01:00,29862,23131,6731,29751
2016-12-04 00:00,27913,22584,5329,27567
2016-12-03 23:00,27250,23797,3453,26896
2016-12-03 22:00,27117,24838,2279,26849
2016-12-03 21:00,27403,24683,2720,27029
2016-12-03 20:00,27528,24684,2844,27512
2016-12-03 19:00,28054,24753,3301,28040
2016-12-03 18:00,28581,24617,3964,28451
2016-12-03 17:00,28944,23893,5051,28477
2016-12-03 16:00,28736,23101,5635,27877
2016-12-03 15:00,28118,21353,6765,27048
2016-12-03 14:00,26780,18783,7997,25718
2016-12-03 13:00,25555,17242,8313,24846
2016-12-03 12:00,25443,16853,8590,24591
2016-12-03 11:00,25823,16791,9032,24877
2016-12-03 10:00,26528,17729,8799,25583
2016-12-03 09:00,27709,18682,9027,26569
2016-12-03 08:00,29106,18985,10121,28704
2016-12-03 07:00,31193,21088,10105,31009
2016-12-03 06:00,33138,23296,9842,33072
2016-12-03 05:00,34580,24669,9911,34481
2016-12-03 04:00,35373,25551,9822,35350
2016-12-03 03:00,35937,26124,9813,35961
2016-12-03 02:00,35634,25933,9701,35713
2016-12-03 01:00,32789,23237,9552,32435
2016-12-03 00:00,30874,21822,9052,30485
2016-12-02 23:00,30311,23305,7006,30159
2016-12-02 22:00,31029,23711,7318,30256
2016-12-02 21:00,30958,23742,7216,30462
2016-12-02 20:00,31141,23437,7704,31082
2016-12-02 19:00,31583,23447,8136,31623
2016-12-02 18:00,31810,23483,8327,32147
2016-12-02 17:00,32196,23505,8691,32583
2016-12-02 16:00,32575,22891,9684,32612
2016-12-02 15:00,31227,21475,9752,30873
2016-12-02 14:00,28198,18180,10018,27712
2016-12-02 13:00,26298,16898,9400,25761
2016-12-02 12:00,25562,16502,9060,25152
2016-12-02 11:00,25602,16803,8799,25221
2016-12-02 10:00,26195,17216,8979,25797
2016-12-02 09:00,27138,17656,9482,26795
2016-12-02 08:00,28492,18536,9956,28829
2016-12-02 07:00,30736,20246,10490,31353
2016-12-02 06:00,33372,22646,10726,33968
2016-12-02 05:00,35058,24491,10567,35726
2016-12-02 04:00,35931,25276,10655,36591
2016-12-02 03:00,36363,25753,10610,37023
2016-12-02 02:00,36174,25769,10405,36444
2016-12-02 01:00,32962,23247,9715,32940
2016-12-02 00:00,31383,21823,9560,30913
2016-12-01 23:00,31304,23601,7703,30506
2016-12-01 22:00,31099,24194,6905,30446
2016-12-01 21:00,31031,24473,6558,30650
2016-12-01 20:00,31308,24778,6530,31163
2016-12-01 19:00,31619,25014,6605,31796
2016-12-01 18:00,31804,24988,6816,32380
2016-12-01 17:00,32353,23928,8425,32936
2016-12-01 16:00,32469,22928,9541,33185
2016-12-01 15:00,31142,21121,10021,31609
2016-12-01 14:00,27871,18027,9844,28223
2016-12-01 13:00,25940,16445,9495,26139
2016-12-01 12:00,25323,15839,9484,25365
2016-12-01 11:00,25448,15794,9654,25391
2016-12-01 10:00,26014,16181,9833,25938
2016-12-01 09:00,27027,16886,10141,26775
2016-12-01 08:00,28501,18230,10271,28241
2016-12-01 07:00,30672,20474,10198,30342
2016-12-01 06:00,33188,22379,10809,32746
2016-12-01 05:00,35033,24261,10772,34469
2016-12-01 04:00,35952,25448,10504,35475
2016-12-01 03:00,36398,26307,10091,35912
2016-12-01 02:00,36236,26430,9806,35572
2016-12-01 01:00,33194,23484,9710,32621
2016-12-01 00:00,31641,21977,9664,31221
2016-11-30 23:00,31319,23136,8183,31132
2016-11-30 22:00,31235,23411,7824,31052
2016-11-30 21:00,31072,23323,7749,31090
2016-11-30 20:00,31172,23648,7524,31381
2016-11-30 19:00,31241,23840,7401,31772
2016-11-30 18:00,31844,23442,8402,31961
2016-11-30 17:00,32542,22908,9634,32281
2016-11-30 16:00,32691,23136,9555,32353
2016-11-30 15:00,31297,21496,9801,30672
2016-11-30 14:00,28154,18558,9596,27671
2016-11-30 13:00,26378,17098,9280,25705
2016-11-30 12:00,25555,16335,9220,24968
2016-11-30 11:00,25589,16193,9396,25017
2016-11-30 10:00,26141,16049,10092,25572
2016-11-30 09:00,27069,16872,10197,26471
2016-11-30 08:00,28327,17922,10405,28198
2016-11-30 07:00,30554,20055,10499,30499
2016-11-30 06:00,33151,22475,10676,32801
2016-11-30 05:00,35001,24462,10539,34474
2016-11-30 04:00,35951,25388,10563,35500
2016-11-30 03:00,36399,26047,10352,35966
2016-11-30 02:00,36146,26148,9998,35428
2016-11-30 01:00,32889,23507,9382,32329
2016-11-30 00:00,30876,21569,9307,30909
2016-11-29 23:00,30165,22383,7782,30709
2016-11-29 22:00,29773,22537,7236,30785
2016-11-29 21:00,29660,22899,6761,30775
2016-11-29 20:00,30364,22517,7847,31109
2016-11-29 19:00,30838,22981,7857,31511
2016-11-29 18:00,31180,22577,8603,31890
2016-11-29 17:00,31707,22277,9430,32083
2016-11-29 16:00,32384,22085,10299,31952
2016-11-29 15:00,31083,19888,11195,30300
2016-11-29 14:00,27925,17142,10783,27299
2016-11-29 13:00,25855,15569,10286,25333
2016-11-29 12:00,25139,15098,10041,24652
2016-11-29 11:00,25197,15093,10104,24730
2016-11-29 10:00,25728,15230,10498,25285
2016-11-29 09:00,26584,16162,10422,26196
2016-11-29 08:00,27980,17107,10873,28087
2016-11-29 07:00,30435,17970,12465,30467
2016-11-29 06:00,33199,19906,13293,32898
2016-11-29 05:00,35131,21485,13646,34700
2016-11-29 04:00,36138,22488,13650,35722
2016-11-29 03:00,36710,23268,13442,36288
2016-11-29 02:00,36448,23220,13228,35901
2016-11-29 01:00,33414,19494,13920,32680
2016-11-29 00:00,31989,17628,14361,31164
2016-11-28 23:00,31666,17926,13740,30954
2016-11-28 22:00,31532,18845,12687,31011
2016-11-28 21:00,31464,19827,11637,31072
2016-11-28 20:00,31415,19878,11537,31436
2016-11-28 19:00,31817,19348,12469,31801
2016-11-28 18:00,32104,19136,12968,32065
2016-11-28 17:00,31967,18034,13933,32076
2016-11-28 16:00,31603,16217,15386,31624
2016-11-28 15:00,29922,15347,14575,29880
2016-11-28 14:00,26882,14578,12304,27063
2016-11-28 13:00,24836,14342,10494,25135
2016-11-28 12:00,24024,14176,9848,24326
2016-11-28 11:00,23917,14439,9478,24311
2016-11-28 10:00,24384,15398,8986,24697
2016-11-28 09:00,25230,16409,8821,25431
2016-11-28 08:00,26591,17832,8759,26981
2016-11-28 07:00,28394,18792,9602,29021
2016-11-28 06:00,30780,20177,10603,31003
2016-11-28 05:00,32407,21148,11259,32441
2016-11-28 04:00,33230,21862,11368,33266
2016-11-28 03:00,33530,22489,11041,33444
2016-11-28 02:00,33181,23036,10145,32741
2016-11-28 01:00,29813,20841,8972,29405
2016-11-28 00:00,27729,19974,7755,27828
2016-11-27 23:00,27347,20076,7271,27502
2016-11-27 22:00,27418,19859,7559,27507
2016-11-27 21:00,27514,19848,7666,27729
2016-11-27 20:00,27621,19720,7901,27791
2016-11-27 19:00,27635,20120,7515,27897
2016-11-27 18:00,27245,19710,7535,27775
2016-11-27 17:00,26730,18869,7861,27348
2016-11-27 16:00,25902,16872,9030,26305
2016-11-27 15:00,25331,15812,9519,25378
2016-11-27 14:00,24577,14979,9598,24407
2016-11-27 13:00,24035,14473,9562,23857
2016-11-27 12:00,23649,14294,9355,23841
2016-11-27 11:00,24009,14557,9452,24161
2016-11-27 10:00,24687,15229,9458,24831
2016-11-27 09:00,25762,16222,9540,25778
2016-11-27 08:00,27183,16855,10328,26784
2016-11-27 07:00,28790,17893,10897,28521
2016-11-27 06:00,30384,18853,11531,30139
2016-11-27 05:00,31535,19752,11783,31359
2016-11-27 04:00,32323,20780,11543,32239
2016-11-27 03:00,32790,21407,11383,32740
2016-11-27 02:00,32770,21828,10942,32357
2016-11-27 01:00,30632,19200,11432,29481
2016-11-27 00:00,29300,19174,10126,28184
2016-11-26 23:00,29154,20910,8244,27820
2016-11-26 22:00,28707,21302,7405,27858
2016-11-26 21:00,28234,21465,6769,28029
2016-11-26 20:00,28207,21092,7115,28199
2016-11-26 19:00,28188,20835,7353,28345
2016-11-26 18:00,27769,20574,7195,28175
2016-11-26 17:00,26893,19696,7197,27653
2016-11-26 16:00,26005,17450,8555,26774
2016-11-26 15:00,25474,16210,9264,25918
2016-11-26 14:00,24492,15075,9417,24884
2016-11-26 13:00,23748,14111,9637,24149
2016-11-26 12:00,23489,13837,9652,23987
2016-11-26 11:00,23714,13980,9734,24337
2016-11-26 10:00,24301,14702,9599,24989
2016-11-26 09:00,25308,15332,9976,25861
2016-11-26 08:00,26579,15864,10715,27084
2016-11-26 07:00,28127,16686,11441,28711
2016-11-26 06:00,29772,17486,12286,30132
2016-11-26 05:00,30912,17744,13168,31248
2016-11-26 04:00,31632,18224,13408,32137
2016-11-26 03:00,32220,18675,13545,32777
2016-11-26 02:00,32290,19383,12907,32647
2016-11-26 01:00,29584,18061,11523,29656
2016-11-26 00:00,27983,18654,9329,28014
2016-11-25 23:00,27649,20148,7501,27567
2016-11-25 22:00,27362,20356,7006,27483
2016-11-25 21:00,27190,20517,6673,27429
2016-11-25 20:00,27028,20543,6485,27433
2016-11-25 19:00,27067,20255,6812,27483
2016-11-25 18:00,27277,19733,7544,27469
2016-11-25 17:00,26823,18614,8209,27279
2016-11-25 16:00,26492,16867,9625,26942
2016-11-25 15:00,26114,16272,9842,26318
2016-11-25 14:00,24928,15650,9278,25050
2016-11-25 13:00,23917,15115,8802,24032
2016-11-25 12:00,23482,14881,8601,23693
2016-11-25 11:00,23577,14833,8744,23779
2016-11-25 10:00,23998,15535,8463,24223
2016-11-25 09:00,24830,16593,8237,24922
2016-11-25 08:00,25708,17727,7981,26477
2016-11-25 07:00,26847,19401,7446,27719
2016-11-25 06:00,27772,20977,6795,28640
2016-11-25 05:00,28311,22119,6192,29131
2016-11-25 04:00,28626,22946,5680,29523
2016-11-25 03:00,29098,23865,5233,29999
2016-11-25 02:00,29644,24321,5323,30479
2016-11-25 01:00,28072,21791,6281,28702
2016-11-25 00:00,27387,22189,5198,27844
2016-11-24 23:00,27270,23456,3814,27761
2016-11-24 22:00,27046,23443,3603,27815
2016-11-24 21:00,27068,23500,3568,28062
2016-11-24 20:00,26956,23462,3494,28029
2016-11-24 19:00,26703,22927,3776,27966
2016-11-24 18:00,26604,22819,3785,27685
2016-11-24 17:00,26378,22367,4011,27132
2016-11-24 16:00,26084,20586,5498,26233
2016-11-24 15:00,26124,18606,7518,25425
2016-11-24 14:00,25279,16824,8455,24575
2016-11-24 13:00,24553,15837,8716,23907
2016-11-24 12:00,24309,15284,9025,23787
2016-11-24 11:00,24339,15424,8915,24197
2016-11-24 10:00,25069,16373,8696,24993
2016-11-24 09:00,26130,17353,8777,25845
2016-11-24 08:00,27663,18359,9304,27485
2016-11-24 07:00,29484,19549,9935,29645
2016-11-24 06:00,31479,20943,10536,31913
2016-11-24 05:00,32931,22585,10346,33619
2016-11-24 04:00,33829,23877,9952,34682
2016-11-24 03:00,34634,24454,10180,35254
2016-11-24 02:00,34858,25823,9035,34953
2016-11-24 01:00,32220,22951,9269,32316
2016-11-24 00:00,31031,22011,9020,31141
2016-11-23 23:00,31139,23394,7745,31088
2016-11-23 22:00,30592,23889,6703,31182
2016-11-23 21:00,30434,23837,6597,31079
2016-11-23 20:00,30413,23565,6848,31261
2016-11-23 19:00,30358,23406,6952,31481
2016-11-23 18:00,30514,23637,6877,31632
2016-11-23 17:00,30463,22808,7655,31594
2016-11-23 16:00,30023,21597,8426,31246
2016-11-23 15:00,28899,19330,9569,29530
2016-11-23 14:00,26833,17012,9821,26767
2016-11-23 13:00,25184,15947,9237,24844
2016-11-23 12:00,24542,15579,8963,24105
2016-11-23 11:00,24657,15670,8987,24183
2016-11-23 10:00,25264,16256,9008,24751
2016-11-23 09:00,26265,17295,8970,25693
2016-11-23 08:00,27681,18295,9386,27249
2016-11-23 07:00,29689,19476,10213,29436
2016-11-23 06:00,31871,20943,10928,31784
2016-11-23 05:00,33446,22893,10553,33611
2016-11-23 04:00,34435,23839,10596,34726
2016-11-23 03:00,35171,23938,11233,35445
2016-11-23 02:00,35222,24269,10953,35080
2016-11-23 01:00,32815,21890,10925,32461
2016-11-23 00:00,31600,21997,9603,31398
2016-11-22 23:00,30971,22962,8009,31167
2016-11-22 22:00,30585,23568,7017,31140
2016-11-22 21:00,30291,23432,6859,30986
2016-11-22 20:00,30288,23196,7092,31034
2016-11-22 19:00,30342,23089,7253,31230
2016-11-22 18:00,30535,22572,7963,31384
2016-11-22 17:00,30671,22306,8365,31408
2016-11-22 16:00,30263,20278,9985,31183
2016-11-22 15:00,29034,17972,11062,29455
2016-11-22 14:00,26877,16282,10595,26463
2016-11-22 13:00,24991,15283,9708,24518
2016-11-22 12:00,24319,14712,9607,23877
2016-11-22 11:00,24345,14363,9982,23936
2016-11-22 10:00,24900,15123,9777,24329
2016-11-22 09:00,25826,16149,9677,24984
2016-11-22 08:00,27337,16898,10439,26650
2016-11-22 07:00,29191,17999,11192,28904
2016-11-22 06:00,31373,18918,12455,31429
2016-11-22 05:00,33045,20141,12904,33293
2016-11-22 04:00,34059,21005,13054,34407
2016-11-22 03:00,34820,21727,13093,35185
2016-11-22 02:00,34944,21771,13173,34952
2016-11-22 01:00,32347,19311,13036,32440
2016-11-22 00:00,31027,18541,12486,31235
2016-11-21 23:00,30946,18810,12136,31182
2016-11-21 22:00,31198,18711,12487,31192
2016-11-21 21:00,31167,19040,12127,31167
2016-11-21 20:00,31146,18905,12241,31308
2016-11-21 19:00,31271,18469,12802,31503
2016-11-21 18:00,30988,18303,12685,31592
2016-11-21 17:00,30611,17167,13444,31290
2016-11-21 16:00,29871,15486,14385,30445
2016-11-21 15:00,28436,14504,13932,28480
2016-11-21 14:00,25956,13868,12088,25603
2016-11-21 13:00,24147,13563,10584,23669
2016-11-21 12:00,23437,13429,10008,22813
2016-11-21 11:00,23668,13683,9985,22787
2016-11-21 10:00,24322,14394,9928,23259
2016-11-21 09:00,24864,15573,9291,24060
2016-11-21 08:00,26039,16165,9874,25716
2016-11-21 07:00,27847,17041,10806,27672
2016-11-21 06:00,29597,18283,11314,29590
2016-11-21 05:00,30852,19622,11230,31022
2016-11-21 04:00,31788,20463,11325,31982
2016-11-21 03:00,32336,21201,11135,32395
2016-11-21 02:00,32199,21589,10610,31643
2016-11-21 01:00,29702,19667,10035,29082
2016-11-21 00:00,28468,19021,9447,28265
2016-11-20 23:00,28182,20119,8063,27870
2016-11-20 22:00,28015,20987,7028,27591
2016-11-20 21:00,27762,21416,6346,27416
2016-11-20 20:00,27401,21439,5962,27262
2016-11-20 19:00,27003,21514,5489,26958
2016-11-20 18:00,26450,21486,4964,26385
2016-11-20 17:00,25744,20291,5453,25393
2016-11-20 16:00,24809,17822,6987,24467
2016-11-20 15:00,24257,15658,8599,23853
2016-11-20 14:00,23632,14887,8745,22950
2016-11-20 13:00,23118,14866,8252,22536
2016-11-20 12:00,22973,14855,8118,22529
2016-11-20 11:00,23269,14850,8419,22901
2016-11-20 10:00,23867,15359,8508,23593
2016-11-20 09:00,24891,15600,9291,24554
2016-11-20 08:00,26244,16803,9441,25952
2016-11-20 07:00,27580,18458,9122,27796
2016-11-20 06:00,29188,20068,9120,29508
2016-11-20 05:00,30561,21207,9354,30705
2016-11-20 04:00,31427,22476,8951,31614
2016-11-20 03:00,32024,23368,8656,32198
2016-11-20 02:00,31958,23720,8238,31984
2016-11-20 01:00,29815,22134,7681,29709
2016-11-20 00:00,28638,22233,6405,28544
2016-11-19 23:00,28201,23557,4644,28095
2016-11-19 22:00,28406,23749,4657,27916
2016-11-19 21:00,28609,23456,5153,27865
2016-11-19 20:00,28626,23375,5251,27883
2016-11-19 19:00,28542,23460,5082,27881
2016-11-19 18:00,27979,23035,4944,27718
2016-11-19 17:00,27294,22290,5004,27043
2016-11-19 16:00,26466,21511,4955,26110
2016-11-19 15:00,25746,19529,6217,25248
2016-11-19 14:00,24734,16899,7835,24193
2016-11-19 13:00,23969,15770,8199,23369
2016-11-19 12:00,23701,15363,8338,23242
2016-11-19 11:00,24005,15381,8624,23573
2016-11-19 10:00,24530,15635,8895,24257
2016-11-19 09:00,25246,16290,8956,25197
2016-11-19 08:00,26566,17313,9253,27313
2016-11-19 07:00,28626,19212,9414,29372
2016-11-19 06:00,30527,21464,9063,31395
2016-11-19 05:00,31937,23327,8610,33009
2016-11-19 04:00,32849,24156,8693,34099
2016-11-19 03:00,33997,25049,8948,34977
2016-11-19 02:00,34448,25505,8943,34978
2016-11-19 01:00,32209,23098,9111,32604
2016-11-19 00:00,31094,22738,8356,31562
2016-11-18 23:00,31079,23480,7599,31273
2016-11-18 22:00,30919,23464,7455,31131
2016-11-18 21:00,30381,23445,6936,30791
2016-11-18 20:00,30254,23219,7035,30863
2016-11-18 19:00,30472,22877,7595,30976
2016-11-18 18:00,30278,22762,7516,31021
2016-11-18 17:00,30363,22499,7864,31143
2016-11-18 16:00,30536,22012,8524,31002
2016-11-18 15:00,29199,19996,9203,29670
2016-11-18 14:00,26497,17682,8815,26901
2016-11-18 13:00,24952,15519,9433,24944
2016-11-18 12:00,24279,15354,8925,24198
2016-11-18 11:00,24364,15379,8985,24269
2016-11-18 10:00,24901,16035,8866,24809
2016-11-18 09:00,25837,16287,9550,25633
2016-11-18 08:00,27097,17638,9459,27204
2016-11-18 07:00,29182,19252,9930,29415
2016-11-18 06:00,31456,21372,10084,31715
2016-11-18 05:00,33164,23499,9665,33493
2016-11-18 04:00,34288,24669,9619,34637
2016-11-18 03:00,35080,25502,9578,35277
2016-11-18 02:00,35160,25604,9556,35007
2016-11-18 01:00,32611,23098,9513,32353
2016-11-18 00:00,31482,22313,9169,31235
2016-11-17 23:00,31183,23655,7528,30945
2016-11-17 22:00,30516,23620,6896,30796
2016-11-17 21:00,30151,23296,6855,30603
2016-11-17 20:00,30229,23113,7116,30725
2016-11-17 19:00,30261,23347,6914,30848
2016-11-17 18:00,30342,22364,7978,30953
2016-11-17 17:00,30387,21706,8681,31080
2016-11-17 16:00,30583,21008,9575,30968
2016-11-17 15:00,29479,19360,10119,29591
2016-11-17 14:00,26656,16896,9760,26793
2016-11-17 13:00,24916,15984,8932,24753
2016-11-17 12:00,24298,15667,8631,24009
2016-11-17 11:00,24396,15646,8750,24076
2016-11-17 10:00,24984,16274,8710,24621
2016-11-17 09:00,25393,17017,8376,25526
2016-11-17 08:00,26841,17507,9334,27039
2016-11-17 07:00,29050,19203,9847,29263
2016-11-17 06:00,31391,20984,10407,31698
2016-11-17 05:00,33240,22742,10498,33554
2016-11-17 04:00,34449,24069,10380,34728
2016-11-17 03:00,35243,25075,10168,35482
2016-11-17 02:00,35327,25808,9519,35207
2016-11-17 01:00,32903,23548,9355,32530
2016-11-17 00:00,31953,23475,8478,31598
2016-11-16 23:00,31509,24564,6945,31465
2016-11-16 22:00,31131,24650,6481,31390
2016-11-16 21:00,30815,24852,5963,31273
2016-11-16 20:00,30803,24427,6376,31355
2016-11-16 19:00,31126,24114,7012,31422
2016-11-16 18:00,30832,23996,6836,31321
2016-11-16 17:00,30542,22503,8039,31071
2016-11-16 16:00,30377,20305,10072,30542
2016-11-16 15:00,28997,18044,10953,29070
2016-11-16 14:00,26356,16277,10079,26244
2016-11-16 13:00,24442,15254,9188,24411
2016-11-16 12:00,23714,14989,8725,23759
2016-11-16 11:00,23794,15215,8579,23932
2016-11-16 10:00,24369,15711,8658,24562
2016-11-16 09:00,25344,16392,8952,25519
2016-11-16 08:00,26661,16779,9882,27202
2016-11-16 07:00,28846,18665,10181,29557
2016-11-16 06:00,31276,20419,10857,32263
2016-11-16 05:00,33387,22478,10909,34532
2016-11-16 04:00,34820,23639,11181,36108
2016-11-16 03:00,35801,25304,10497,37343
2016-11-16 02:00,36274,26223,10051,37588
2016-11-16 01:00,34284,25045,9239,35559
2016-11-16 00:00,33666,25318,8348,34738
2016-11-15 23:00,33526,25583,7943,34481
2016-11-15 22:00,33456,24863,8593,33852
2016-11-15 21:00,33254,24058,9196,33246
2016-11-15 20:00,32621,23859,8762,32613
2016-11-15 19:00,32000,23793,8207,32234
2016-11-15 18:00,31247,23230,8017,31665
2016-11-15 17:00,30447,21992,8455,31229
2016-11-15 16:00,30002,19644,10358,30651
2016-11-15 15:00,28762,17468,11294,29227
2016-11-15 14:00,26334,15842,10492,26655
2016-11-15 13:00,24481,14096,10385,24695
2016-11-15 12:00,23825,13402,10423,24005
2016-11-15 11:00,24065,13462,10603,24123
2016-11-15 10:00,24640,13759,10881,24763
2016-11-15 09:00,25435,14471,10964,25587
2016-11-15 08:00,26999,15747,11252,27528
2016-11-15 07:00,29301,17003,12298,29871
2016-11-15 06:00,31978,18933,13045,32481
2016-11-15 05:00,34229,20614,13615,34666
2016-11-15 04:00,35791,21543,14248,36268
2016-11-15 03:00,37111,22522,14589,37651
2016-11-15 02:00,37785,23027,14758,38023
2016-11-15 01:00,36259,21129,15130,35600
2016-11-15 00:00,36092,21066,15026,34597
2016-11-14 23:00,35596,21984,13612,34183
2016-11-14 22:00,34762,21745,13017,33640
2016-11-14 21:00,33660,21303,12357,32963
2016-11-14 20:00,32918,20792,12126,32465
2016-11-14 19:00,32218,20159,12059,31893
2016-11-14 18:00,31394,19391,12003,31371
2016-11-14 17:00,30590,18136,12454,30885
2016-11-14 16:00,29917,15572,14345,30083
2016-11-14 15:00,28651,13742,14909,28552
2016-11-14 14:00,26001,13273,12728,25982
2016-11-14 13:00,24002,12806,11196,24151
2016-11-14 12:00,23247,12712,10535,23430
2016-11-14 11:00,23297,13308,9989,23451
2016-11-14 10:00,23742,14074,9668,23909
2016-11-14 09:00,24553,14812,9741,24730
2016-11-14 08:00,25923,16105,9818,26158
2016-11-14 07:00,27639,17088,10551,27960
2016-11-14 06:00,29981,18083,11898,30070
2016-11-14 05:00,31840,18929,12911,31830
2016-11-14 04:00,33114,20001,13113,33060
2016-11-14 03:00,34122,20851,13271,33896
2016-11-14 02:00,34269,21751,12518,33350
2016-11-14 01:00,31904,19723,12181,30723
2016-11-14 00:00,31146,19412,11734,29694
2016-11-13 23:00,30384,19570,10814,28877
2016-11-13 22:00,29447,19615,9832,28219
2016-11-13 21:00,28447,19942,8505,27747
2016-11-13 20:00,27549,19916,7633,27283
2016-11-13 19:00,26776,20235,6541,26748
2016-11-13 18:00,25963,19310,6653,26245
2016-11-13 17:00,25217,18085,7132,25593
2016-11-13 16:00,24301,16017,8284,24824
2016-11-13 15:00,23859,14814,9045,24462
2016-11-13 14:00,23428,14489,8939,23818
2016-11-13 13:00,22988,13726,9262,23308
2016-11-13 12:00,22980,13619,9361,23284
2016-11-13 11:00,23364,13890,9474,23590
2016-11-13 10:00,24014,14853,9161,24238
2016-11-13 09:00,25123,15746,9377,25148
2016-11-13 08:00,26745,17287,9458,26505
2016-11-13 07:00,28174,18665,9509,28217
2016-11-13 06:00,29932,19816,10116,29953
2016-11-13 05:00,31463,21448,10015,31478
2016-11-13 04:00,32511,22772,9739,32780
2016-11-13 03:00,33485,24211,9274,33764
2016-11-13 02:00,33742,25317,8425,33611
2016-11-13 01:00,31619,24134,7485,31697
2016-11-13 00:00,30855,24647,6208,31136
2016-11-12 23:00,30456,25556,4900,30293
2016-11-12 22:00,30180,25613,4567,29635
2016-11-12 21:00,29704,24941,4763,29265
2016-11-12 20:00,29217,24142,5075,28956
2016-11-12 19:00,28720,23395,5325,28626
2016-11-12 18:00,28107,22869,5238,28076
2016-11-12 17:00,27255,21761,5494,27449
2016-11-12 16:00,26178,19303,6875,26577
2016-11-12 15:00,25633,17258,8375,25891
2016-11-12 14:00,24839,16164,8675,24835
2016-11-12 13:00,24146,15351,8795,24132
2016-11-12 12:00,24017,14870,9147,24072
2016-11-12 11:00,24396,14834,9562,24466
2016-11-12 10:00,25107,15200,9907,25220
2016-11-12 09:00,26232,16112,10120,26197
2016-11-12 08:00,27795,17315,10480,27851
2016-11-12 07:00,29560,18585,10975,29994
2016-11-12 06:00,31648,20307,11341,32256
2016-11-12 05:00,33437,22539,10898,34190
2016-11-12 04:00,34838,24269,10569,35806
2016-11-12 03:00,36226,26093,10133,37396
2016-11-12 02:00,37224,26583,10641,38191
2016-11-12 01:00,36100,25563,10537,36312
2016-11-12 00:00,35795,26482,9313,35328
2016-11-11 23:00,35569,26785,8784,34894
2016-11-11 22:00,35070,26249,8821,34159
2016-11-11 21:00,34162,25403,8759,33414
2016-11-11 20:00,33467,24761,8706,32929
2016-11-11 19:00,32575,24517,8058,32428
2016-11-11 18:00,31638,24050,7588,31739
2016-11-11 17:00,30677,22809,7868,30897
2016-11-11 16:00,29511,20839,8672,29692
2016-11-11 15:00,28262,18551,9711,28249
2016-11-11 14:00,26538,17072,9466,26413
2016-11-11 13:00,25134,15567,9567,25033
2016-11-11 12:00,24666,14890,9776,24551
2016-11-11 11:00,24979,15006,9973,24781
2016-11-11 10:00,25689,15666,10023,25477
2016-11-11 09:00,26734,16632,10102,26509
2016-11-11 08:00,28172,17816,10356,28420
2016-11-11 07:00,30352,19535,10817,30823
2016-11-11 06:00,32937,21493,11444,33452
2016-11-11 05:00,35036,23660,11376,35675
2016-11-11 04:00,36589,25338,11251,37353
2016-11-11 03:00,38167,27318,10849,38763
2016-11-11 02:00,39255,28545,10710,39277
2016-11-11 01:00,38153,27093,11060,37520
2016-11-11 00:00,38322,28151,10171,37153
2016-11-10 23:00,37906,28819,9087,36682
2016-11-10 22:00,37066,27531,9535,35810
2016-11-10 21:00,35998,26668,9330,34743
2016-11-10 20:00,35135,25580,9555,33983
2016-11-10 19:00,34166,24966,9200,33200
2016-11-10 18:00,33144,24398,8746,32551
2016-11-10 17:00,32119,22702,9417,31831
2016-11-10 16:00,31187,20938,10249,30988
2016-11-10 15:00,29718,18732,10986,29387
2016-11-10 14:00,27317,17201,10116,26872
2016-11-10 13:00,25578,15591,9987,25166
2016-11-10 12:00,24986,14953,10033,24581
2016-11-10 11:00,25199,15139,10060,24811
2016-11-10 10:00,25957,15519,10438,25568
2016-11-10 09:00,26976,16231,10745,26663
2016-11-10 08:00,28477,17657,10820,28346
2016-11-10 07:00,30759,19132,11627,30809
2016-11-10 06:00,33548,20736,12812,33565
2016-11-10 05:00,35994,22848,13146,35880
2016-11-10 04:00,37747,24680,13067,37701
2016-11-10 03:00,39269,26013,13256,39336
2016-11-10 02:00,40208,26963,13245,39625
2016-11-10 01:00,39124,25598,13526,37050
2016-11-10 00:00,39214,25623,13591,36359
2016-11-09 23:00,38561,26702,11859,36116
2016-11-09 22:00,37559,26166,11393,35516
2016-11-09 21:00,36279,25543,10736,34771
2016-11-09 20:00,35292,25145,10147,34239
2016-11-09 19:00,34262,24561,9701,33651
2016-11-09 18:00,33154,23653,9501,32875
2016-11-09 17:00,32202,21860,10342,32262
2016-11-09 16:00,31758,19937,11821,31431
2016-11-09 15:00,30315,18248,12067,29510
2016-11-09 14:00,27625,16628,10997,27084
2016-11-09 13:00,25746,15082,10664,25314
2016-11-09 12:00,25161,14769,10392,24724
2016-11-09 11:00,25342,14787,10555,24949
2016-11-09 10:00,25971,15242,10729,25662
2016-11-09 09:00,26788,16127,10661,26662
2016-11-09 08:00,28552,17312,11240,28080
2016-11-09 07:00,30744,19092,11652,30569
2016-11-09 06:00,33231,20044,13187,33275
2016-11-09 05:00,35312,22105,13207,35485
2016-11-09 04:00,36952,23899,13053,37101
2016-11-09 03:00,38329,25034,13295,38528
2016-11-09 02:00,38993,25502,13491,38975
2016-11-09 01:00,37494,23848,13646,36488
2016-11-09 00:00,37389,24115,13274,35528
2016-11-08 23:00,36899,24564,12335,35169
2016-11-08 22:00,35916,24491,11425,34602
2016-11-08 21:00,34778,23930,10848,33838
2016-11-08 20:00,34004,24076,9928,33224
2016-11-08 19:00,33442,23708,9734,32718
2016-11-08 18:00,32760,22263,10497,32145
2016-11-08 17:00,32017,22052,9965,31581
2016-11-08 16:00,31171,19942,11229,30822
2016-11-08 15:00,30026,17494,12532,28945
2016-11-08 14:00,27333,15882,11451,26435
2016-11-08 13:00,25431,14522,10909,24645
2016-11-08 12:00,24708,13685,11023,24058
2016-11-08 11:00,24776,13571,11205,24206
2016-11-08 10:00,25435,13944,11491,24865
2016-11-08 09:00,26274,14688,11586,25829
2016-11-08 08:00,27385,14326,13059,27151
2016-11-08 07:00,29503,16048,13455,29438
2016-11-08 06:00,32002,17467,14535,32055
2016-11-08 05:00,34178,18541,15637,34093
2016-11-08 04:00,35787,19600,16187,35568
2016-11-08 03:00,36848,21040,15808,36760
2016-11-08 02:00,37136,21977,15159,36857
2016-11-08 01:00,35208,21527,13681,34037
2016-11-08 00:00,35027,20228,14799,32845
2016-11-07 23:00,34696,20020,14676,32440
2016-11-07 22:00,33986,20770,13216,32032
2016-11-07 21:00,33105,19834,13271,31580
2016-11-07 20:00,32651,19771,12880,31421
2016-11-07 19:00,31866,19803,12063,31306
2016-11-07 18:00,31077,19813,11264,31029
2016-11-07 17:00,31220,19406,11814,30778
2016-11-07 16:00,30658,18450,12208,30278
2016-11-07 15:00,28865,16154,12711,28644
2016-11-07 14:00,26275,14495,11780,26051
2016-11-07 13:00,24394,14418,9976,24060
2016-11-07 12:00,23380,14604,8776,23273
2016-11-07 11:00,23400,13739,9661,23281
2016-11-07 10:00,23891,13501,10390,23680
2016-11-07 09:00,24689,13310,11379,24470
2016-11-07 08:00,23192,15447,7745,22844
2016-11-07 07:00,25848,18617,7231,24803
2016-11-07 06:00,27623,18305,9318,26663
2016-11-07 05:00,29606,18973,10633,28160
2016-11-07 04:00,31336,19975,11361,29204
2016-11-07 03:00,32480,20770,11710,29878
2016-11-07 02:00,33135,21139,11996,29517
2016-11-07 01:00,32681,20050,12631,26556
2016-11-07 00:00,30327,20531,9796,25208
2016-11-06 23:00,29462,20877,8585,24603
2016-11-06 22:00,29123,20903,8220,24222
2016-11-06 21:00,28516,20970,7546,23974
2016-11-06 20:00,28042,20585,7457,23771
2016-11-06 19:00,27751,20633,7118,23673
2016-11-06 18:00,27463,20240,7223,23430
2016-11-06 17:00,26975,19424,7551,22998
2016-11-06 16:00,26351,18149,8202,22301
2016-11-06 15:00,25341,16416,8925,21793
2016-11-06 14:00,24581,15392,9189,21349
2016-11-06 13:00,23889,14789,9100,20894
2016-11-06 12:00,23422,14397,9025,20875
2016-11-06 11:00,23381,14880,8501,21179
2016-11-06 10:00,23590,14917,8673,21836
2016-11-06 09:00,24020,15399,8621,21864
2016-11-06 08:00,24859,16285,8574,25165
2016-11-06 07:00,29545,18572,10973,30096
2016-11-06 06:00,28741,20099,8642,29536
2016-11-06 05:00,30459,21162,9297,31415
2016-11-06 04:00,31637,22355,9282,32663
2016-11-06 03:00,32648,23293,9355,33754
2016-11-06 02:00,32939,24021,8918,33803
2016-11-06 01:00,31064,23357,7707,31219
2016-11-06 00:00,30216,24038,6178,30130
2016-11-05 23:00,29770,25024,4746,29379
2016-11-05 22:00,29089,25340,3749,28940
2016-11-05 21:00,28621,25297,3324,28564
2016-11-05 20:00,28323,24917,3406,28378
2016-11-05 19:00,28170,24721,3449,28268
2016-11-05 18:00,28143,24388,3755,28268
2016-11-05 17:00,27967,23939,4028,28074
2016-11-05 16:00,27512,22190,5322,27523
2016-11-05 15:00,26959,20805,6154,26873
2016-11-05 14:00,26032,19194,6838,25636
2016-11-05 13:00,24764,17847,6917,24359
2016-11-05 12:00,24143,16787,7356,23826
2016-11-05 11:00,23912,16155,7757,23887
2016-11-05 10:00,24604,16113,8491,24381
2016-11-05 09:00,25400,16652,8748,25244
2016-11-05 08:00,26354,17273,9081,26309
2016-11-05 07:00,28153,18291,9862,28543
2016-11-05 06:00,30344,20052,10292,30907
2016-11-05 05:00,32478,21443,11035,33091
2016-11-05 04:00,34034,22925,11109,34681
2016-11-05 03:00,35247,24221,11026,36121
2016-11-05 02:00,35811,24836,10975,36388
2016-11-05 01:00,34644,24036,10608,34412
2016-11-05 00:00,34503,24577,9926,33711
2016-11-04 23:00,34298,25779,8519,33401
2016-11-04 22:00,34050,25938,8112,33272
2016-11-04 21:00,33446,25614,7832,32922
2016-11-04 20:00,32663,25383,7280,32545
2016-11-04 19:00,32406,25235,7171,32446
2016-11-04 18:00,32293,24636,7657,32368
2016-11-04 17:00,32059,24119,7940,32199
2016-11-04 16:00,31963,22412,9551,31958
2016-11-04 15:00,31878,20788,11090,31721
2016-11-04 14:00,30047,19359,10688,29390
2016-11-04 13:00,26985,17417,9568,26348
2016-11-04 12:00,25207,16004,9203,24809
2016-11-04 11:00,24724,15226,9498,24441
2016-11-04 10:00,24910,15298,9612,24735
2016-11-04 09:00,25552,15902,9650,25470
2016-11-04 08:00,26643,16813,9830,26418
2016-11-04 07:00,28192,17628,10564,28448
2016-11-04 06:00,30505,19742,10763,30931
2016-11-04 05:00,33149,21862,11287,33333
2016-11-04 04:00,35086,23139,11947,35072
2016-11-04 03:00,36411,24456,11955,36564
2016-11-04 02:00,36808,24542,12266,36748
2016-11-04 01:00,35246,23286,11960,34733
2016-11-04 00:00,34847,24705,10142,33823
2016-11-03 23:00,34603,25902,8701,33623
2016-11-03 22:00,34225,25606,8619,33368
2016-11-03 21:00,33609,25359,8250,32924
2016-11-03 20:00,33116,24948,8168,32244
2016-11-03 19:00,32885,25340,7545,31862
2016-11-03 18:00,32374,25266,7108,31634
2016-11-03 17:00,31727,24053,7674,31392
2016-11-03 16:00,31744,22530,9214,31232
2016-11-03 15:00,31608,21220,10388,31036
2016-11-03 14:00,30056,19684,10372,29124
2016-11-03 13:00,26866,17564,9302,26253
2016-11-03 12:00,25095,16228,8867,24701
2016-11-03 11:00,24484,15684,8800,24304
2016-11-03 10:00,24703,15462,9241,24599
2016-11-03 09:00,25422,16236,9186,25364
2016-11-03 08:00,26434,17063,9371,25917
2016-11-03 07:00,27985,18146,9839,27504
2016-11-03 06:00,30323,19734,10589,29923
2016-11-03 05:00,32943,22012,10931,32429
2016-11-03 04:00,34602,23414,11188,34156
2016-11-03 03:00,35822,24302,11520,35412
2016-11-03 02:00,35629,24404,11225,35259
2016-11-03 01:00,34138,23486,10652,32993
2016-11-03 00:00,33341,25407,7934,32025
2016-11-02 23:00,32897,26666,6231,31709
2016-11-02 22:00,32623,26331,6292,31746
2016-11-02 21:00,32110,25971,6139,31458
2016-11-02 20:00,31739,25845,5894,31071
2016-11-02 19:00,31802,25599,6203,31192
2016-11-02 18:00,31951,24636,7315,31270
2016-11-02 17:00,31623,23728,7895,31424
2016-11-02 16:00,31616,23384,8232,31620
2016-11-02 15:00,31647,22434,9213,31594
2016-11-02 14:00,29978,20273,9705,29429
2016-11-02 13:00,27089,17945,9144,26224
2016-11-02 12:00,25352,17021,8331,24550
2016-11-02 11:00,24799,17022,7777,24076
2016-11-02 10:00,24956,17305,7651,24252
2016-11-02 09:00,25473,17372,8101,24920
2016-11-02 08:00,26324,18120,8204,25707
2016-11-02 07:00,27622,19683,7939,27551
2016-11-02 06:00,29665,21344,8321,29822
2016-11-02 05:00,32140,22148,9992,32127
2016-11-02 04:00,34027,22648,11379,33801
2016-11-02 03:00,35156,23026,12130,34967
2016-11-02 02:00,35116,23700,11416,34400
2016-11-02 01:00,32862,23476,9386,32206
2016-11-02 00:00,32104,24319,7785,31610
2016-11-01 23:00,31882,24853,7029,31504
2016-11-01 22:00,31739,24674,7065,31809
2016-11-01 21:00,31547,24343,7204,31800
2016-11-01 20:00,31443,24888,6555,31764
2016-11-01 19:00,31779,25039,6740,31736
2016-11-01 18:00,31946,24519,7427,31870
2016-11-01 17:00,31574,23382,8192,31860
2016-11-01 16:00,31565,22236,9329,31651
2016-11-01 15:00,31903,21490,10413,31363
2016-11-01 14:00,29957,19813,10144,29058
2016-11-01 13:00,26956,17825,9131,25883
2016-11-01 12:00,25228,16793,8435,24282
2016-11-01 11:00,24559,16624,7935,23824
2016-11-01 10:00,24730,16748,7982,24007
2016-11-01 09:00,25364,17234,8130,24593
2016-11-01 08:00,26206,17833,8373,25426
2016-11-01 07:00,27295,18715,8580,27384
2016-11-01 06:00,29345,20279,9066,29730
2016-11-01 05:00,31450,21842,9608,32199
2016-11-01 04:00,32544,22995,9549,33780
2016-11-01 03:00,33263,23739,9524,34792
2016-11-01 02:00,33787,23832,9955,34167
2016-11-01 01:00,32518,23430,9088,32071
2016-11-01 00:00,32050,23003,9047,31672
2016-10-31 23:00,32208,23253,8955,31645
2016-10-31 22:00,32147,23222,8925,31578
2016-10-31 21:00,31701,22969,8732,31591
2016-10-31 20:00,31650,23155,8495,31569
2016-10-31 19:00,32176,23480,8696,31770
2016-10-31 18:00,31840,22829,9011,31898
2016-10-31 17:00,31468,21716,9752,31721
2016-10-31 16:00,31617,20452,11165,31404
2016-10-31 15:00,31023,19074,11949,30862
2016-10-31 14:00,29392,18420,10972,28303
2016-10-31 13:00,26477,18142,8335,25158
2016-10-31 12:00,24692,17694,6998,23517
2016-10-31 11:00,24063,17676,6387,23001
2016-10-31 10:00,24118,18159,5959,23147
2016-10-31 09:00,24604,19208,5396,23679
2016-10-31 08:00,25438,20092,5346,24499
2016-10-31 07:00,26730,20893,5837,25970
2016-10-31 06:00,28655,22481,6174,28051
2016-10-31 05:00,30793,24042,6751,30137
2016-10-31 04:00,32277,25472,6805,31513
2016-10-31 03:00,33072,26514,6558,32199
2016-10-31 02:00,32878,26752,6126,31210
2016-10-31 01:00,30631,24719,5912,29180
2016-10-31 00:00,29508,24668,4840,28577
2016-10-30 23:00,29024,24597,4427,28126
2016-10-30 22:00,28872,24257,4615,27861
2016-10-30 21:00,28807,24160,4647,27713
2016-10-30 20:00,29163,24447,4716,27653
2016-10-30 19:00,29489,24254,5235,27521
2016-10-30 18:00,29043,24127,4916,27217
2016-10-30 17:00,28250,22944,5306,26632
2016-10-30 16:00,27061,21751,5310,25744
2016-10-30 15:00,26130,20157,5973,24879
2016-10-30 14:00,25521,19472,6049,24254
2016-10-30 13:00,24666,18585,6081,23393
2016-10-30 12:00,24145,18116,6029,23085
2016-10-30 11:00,24180,18135,6045,23169
2016-10-30 10:00,24554,18313,6241,23689
2016-10-30 09:00,25430,19016,6414,24510
2016-10-30 08:00,26599,19742,6857,25654
2016-10-30 07:00,28196,21013,7183,27453
2016-10-30 06:00,29678,23268,6410,29356
2016-10-30 05:00,31458,24411,7047,31059
2016-10-30 04:00,32840,25735,7105,32150
2016-10-30 03:00,33856,26808,7048,33047
2016-10-30 02:00,34021,27769,6252,32686
2016-10-30 01:00,32138,26475,5663,31379
2016-10-30 00:00,31348,26919,4429,30844
2016-10-29 23:00,30997,27454,3543,30341
2016-10-29 22:00,30586,27294,3292,29922
2016-10-29 21:00,30300,27817,2483,29636
2016-10-29 20:00,30550,27685,2865,29550
2016-10-29 19:00,30366,27264,3102,29374
2016-10-29 18:00,30050,27064,2986,29213
2016-10-29 17:00,29454,26379,3075,28671
2016-10-29 16:00,28179,25662,2517,27722
2016-10-29 15:00,27050,24387,2663,26692
2016-10-29 14:00,26362,22582,3780,25629
2016-10-29 13:00,25184,20482,4702,24430
2016-10-29 12:00,24578,19086,5492,23926
2016-10-29 11:00,24522,18398,6124,23995
2016-10-29 10:00,24909,18358,6551,24519
2016-10-29 09:00,25656,18702,6954,25438
2016-10-29 08:00,26634,19557,7077,26542
2016-10-29 07:00,28061,19947,8114,28314
2016-10-29 06:00,29954,22425,7529,30594
2016-10-29 05:00,32116,24475,7641,32632
2016-10-29 04:00,33607,26281,7326,34015
2016-10-29 03:00,34655,27776,6879,35185
2016-10-29 02:00,34938,28157,6781,35146
2016-10-29 01:00,33731,26451,7280,34191
2016-10-29 00:00,33526,26624,6902,34293
2016-10-28 23:00,33623,26421,7202,34303
2016-10-28 22:00,33581,27084,6497,34232
2016-10-28 21:00,33591,26995,6596,34221
2016-10-28 20:00,33298,26545,6753,33988
2016-10-28 19:00,33478,26112,7366,33889
2016-10-28 18:00,33484,25793,7691,33908
2016-10-28 17:00,33068,25483,7585,33285
2016-10-28 16:00,32212,24577,7635,32388
2016-10-28 15:00,31315,23552,7763,31719
2016-10-28 14:00,29494,21588,7906,29351
2016-10-28 13:00,26788,19689,7099,26360
2016-10-28 12:00,25237,18336,6901,24971
2016-10-28 11:00,24793,17771,7022,24603
2016-10-28 10:00,25046,17760,7286,24906
2016-10-28 09:00,25572,18555,7017,25662
2016-10-28 08:00,26506,19140,7366,26662
2016-10-28 07:00,27790,20254,7536,28591
2016-10-28 06:00,30152,22493,7659,31196
2016-10-28 05:00,32726,24073,8653,33669
2016-10-28 04:00,34525,26045,8480,35336
2016-10-28 03:00,35579,28320,7259,36677
2016-10-28 02:00,35957,28100,7857,36248
2016-10-28 01:00,34636,26867,7769,34948
2016-10-28 00:00,34711,26971,7740,34815
2016-10-27 23:00,34466,27020,7446,34686
2016-10-27 22:00,34741,27065,7676,34313
2016-10-27 21:00,34667,26874,7793,33873
2016-10-27 20:00,34111,26236,7875,33464
2016-10-27 19:00,33728,25721,8007,33170
2016-10-27 18:00,33237,25332,7905,32719
2016-10-27 17:00,32668,24762,7906,32209
2016-10-27 16:00,31839,23925,7914,31602
2016-10-27 15:00,31249,22771,8478,31076
2016-10-27 14:00,29341,21295,8046,28917
2016-10-27 13:00,26397,19283,7114,26030
2016-10-27 12:00,24924,17883,7041,24567
2016-10-27 11:00,24417,17554,6863,24148
2016-10-27 10:00,24628,17440,7188,24427
2016-10-27 09:00,25287,18193,7094,25169
2016-10-27 08:00,26032,19058,6974,26198
2016-10-27 07:00,27599,20337,7262,28279
2016-10-27 06:00,30099,22586,7513,30812
2016-10-27 05:00,32868,24467,8401,33456
2016-10-27 04:00,34936,26200,8736,35241
2016-10-27 03:00,36199,27915,8284,36509
2016-10-27 02:00,36237,27758,8479,36061
2016-10-27 01:00,34876,26620,8256,34711
2016-10-27 00:00,34699,26805,7894,34466
2016-10-26 23:00,34399,27125,7274,34122
2016-10-26 22:00,34074,27102,6972,33595
2016-10-26 21:00,33506,27001,6505,32943
2016-10-26 20:00,32793,26464,6329,32370
2016-10-26 19:00,32433,26417,6016,32099
2016-10-26 18:00,32343,25712,6631,31787
2016-10-26 17:00,31857,24663,7194,31380
2016-10-26 16:00,31438,24163,7275,31033
2016-10-26 15:00,31155,23597,7558,30863
2016-10-26 14:00,29397,21953,7444,29001
2016-10-26 13:00,26355,19707,6648,26041
2016-10-26 12:00,24635,18700,5935,24579
2016-10-26 11:00,24217,18126,6091,24250
2016-10-26 10:00,24477,18114,6363,24498
2016-10-26 09:00,25097,18664,6433,25160
2016-10-26 08:00,25841,19184,6657,26091
2016-10-26 07:00,27375,20941,6434,28002
2016-10-26 06:00,29792,22989,6803,30555
2016-10-26 05:00,32514,24781,7733,33273
2016-10-26 04:00,34413,26299,8114,35119
2016-10-26 03:00,35571,26999,8572,36349
2016-10-26 02:00,35465,27201,8264,35782
2016-10-26 01:00,34041,26141,7900,34518
2016-10-26 00:00,33892,26095,7797,34365
2016-10-25 23:00,33529,26327,7202,34011
2016-10-25 22:00,33245,26684,6561,33531
2016-10-25 21:00,32913,26686,6227,33059
2016-10-25 20:00,32529,26339,6190,32550
2016-10-25 19:00,32385,26276,6109,32474
2016-10-25 18:00,32070,26250,5820,32222
2016-10-25 17:00,31904,25701,6203,31857
2016-10-25 16:00,31045,24793,6252,31406
2016-10-25 15:00,30697,23395,7302,31083
2016-10-25 14:00,29401,21367,8034,29310
2016-10-25 13:00,26373,19635,6738,26322
2016-10-25 12:00,24783,18217,6566,24985
2016-10-25 11:00,24227,17387,6840,24677
2016-10-25 10:00,24448,17595,6853,24978
2016-10-25 09:00,24982,18144,6838,25706
2016-10-25 08:00,25690,18822,6868,27039
2016-10-25 07:00,27365,19680,7685,28837
2016-10-25 06:00,29794,21611,8183,31558
2016-10-25 05:00,32266,22788,9478,34295
2016-10-25 04:00,34193,23807,10386,36240
2016-10-25 03:00,35173,24710,10463,37551
2016-10-25 02:00,35096,24457,10639,36788
2016-10-25 01:00,33611,22822,10789,35299
2016-10-25 00:00,33334,22026,11308,35265
2016-10-24 23:00,33631,21529,12102,35245
2016-10-24 22:00,33824,21275,12549,35124
2016-10-24 21:00,33980,21225,12755,34854
2016-10-24 20:00,33863,21049,12814,34514
2016-10-24 19:00,33690,21135,12555,34336
2016-10-24 18:00,33424,20848,12576,34083
2016-10-24 17:00,32905,20264,12641,33539
2016-10-24 16:00,32203,19219,12984,32874
2016-10-24 15:00,31298,18078,13220,31996
2016-10-24 14:00,29140,17744,11396,29496
2016-10-24 13:00,26420,17189,9231,26320
2016-10-24 12:00,24540,16899,7641,24699
2016-10-24 11:00,23870,17198,6672,24194
2016-10-24 10:00,23907,17374,6533,24359
2016-10-24 09:00,24430,18105,6325,24978
2016-10-24 08:00,25132,18994,6138,25898
2016-10-24 07:00,26455,19760,6695,27757
2016-10-24 06:00,28316,21084,7232,30101
2016-10-24 05:00,30533,22370,8163,32384
2016-10-24 04:00,32099,24313,7786,33942
2016-10-24 03:00,32846,25608,7238,34889
2016-10-24 02:00,32437,25976,6461,33960
2016-10-24 01:00,30280,25622,4658,32086
2016-10-24 00:00,29185,25686,3499,31130
2016-10-23 23:00,28454,25859,2595,30207
2016-10-23 22:00,27989,25308,2681,29526
2016-10-23 21:00,27619,25127,2492,28898
2016-10-23 20:00,27558,24668,2890,28407
2016-10-23 19:00,27542,23919,3623,27951
2016-10-23 18:00,27245,23311,3934,27594
2016-10-23 17:00,26595,22633,3962,26942
2016-10-23 16:00,25800,21146,4654,26218
2016-10-23 15:00,24988,19511,5477,25506
2016-10-23 14:00,24544,18677,5867,24936
2016-10-23 13:00,23691,17831,5860,24106
2016-10-23 12:00,23377,17796,5581,23847
2016-10-23 11:00,23616,17934,5682,23996
2016-10-23 10:00,24067,18453,5614,24557
2016-10-23 09:00,24831,19504,5327,25438
2016-10-23 08:00,25658,20352,5306,26641
2016-10-23 07:00,27126,22358,4768,28693
2016-10-23 06:00,29037,24248,4789,30818
2016-10-23 05:00,31044,26157,4887,32895
2016-10-23 04:00,32469,27886,4583,34321
2016-10-23 03:00,33573,29850,3723,35546
2016-10-23 02:00,33595,30580,3015,35219
2016-10-23 01:00,32625,31258,1367,34266
2016-10-23 00:00,32438,32302,136,33878
2016-10-22 23:00,32210,32148,62,33086
2016-10-22 22:00,31454,31241,213,32209
2016-10-22 21:00,30369,29940,429,31436
2016-10-22 20:00,29427,28953,474,30879
2016-10-22 19:00,28925,28303,622,30362
2016-10-22 18:00,28504,27416,1088,29714
2016-10-22 17:00,28032,26350,1682,28897
2016-10-22 16:00,27196,25304,1892,27971
2016-10-22 15:00,26260,23953,2307,26951
2016-10-22 14:00,25816,22522,3294,26406
2016-10-22 13:00,24742,19939,4803,25320
2016-10-22 12:00,24402,18681,5721,24852
2016-10-22 11:00,24555,18280,6275,24941
2016-10-22 10:00,25117,18582,6535,25579
2016-10-22 09:00,26031,19214,6817,26544
2016-10-22 08:00,27515,20487,7028,28060
2016-10-22 07:00,29616,22069,7547,30087
2016-10-22 06:00,32214,24933,7281,32831
2016-10-22 05:00,34766,26935,7831,35439
2016-10-22 04:00,36734,29026,7708,37420
2016-10-22 03:00,38351,30895,7456,39038
2016-10-22 02:00,38967,31536,7431,39256
2016-10-22 01:00,39290,31928,7362,39159
2016-10-22 00:00,39883,32604,7279,39421
2016-10-21 23:00,39462,32254,7208,39061
2016-10-21 22:00,38600,31686,6914,38053
2016-10-21 21:00,37362,29874,7488,36933
2016-10-21 20:00,36043,28617,7426,35753
2016-10-21 19:00,35107,28209,6898,34781
2016-10-21 18:00,34199,27443,6756,33915
2016-10-21 17:00,33205,26375,6830,32853
2016-10-21 16:00,32278,25025,7253,31939
2016-10-21 15:00,31640,23759,7881,31242
2016-10-21 14:00,30100,22540,7560,29684
2016-10-21 13:00,27241,20449,6792,26930
2016-10-21 12:00,25741,18827,6914,25544
2016-10-21 11:00,25325,18225,7100,25191
2016-10-21 10:00,25610,18461,7149,25641
2016-10-21 09:00,26455,19276,7179,26522
2016-10-21 08:00,27832,20055,7777,28011
2016-10-21 07:00,29870,21490,8380,30834
2016-10-21 06:00,32718,23955,8763,33929
2016-10-21 05:00,35841,26323,9518,37224
2016-10-21 04:00,38209,28283,9926,39648
2016-10-21 03:00,39926,29089,10837,41357
2016-10-21 02:00,40182,29472,10710,41130
2016-10-21 01:00,40124,29457,10667,40732
2016-10-21 00:00,40369,29851,10518,40859
2016-10-20 23:00,39596,29470,10126,40282
2016-10-20 22:00,38412,29421,8991,39295
2016-10-20 21:00,37048,28603,8445,37966
2016-10-20 20:00,35743,28027,7716,36577
2016-10-20 19:00,34816,27456,7360,35559
2016-10-20 18:00,33950,26771,7179,34521
2016-10-20 17:00,33090,25716,7374,33459
2016-10-20 16:00,32364,24638,7726,32521
2016-10-20 15:00,31777,23577,8200,31935
2016-10-20 14:00,30590,22039,8551,30169
2016-10-20 13:00,27525,19739,7786,27261
2016-10-20 12:00,25808,18497,7311,25740
2016-10-20 11:00,25349,18090,7259,25347
2016-10-20 10:00,25675,18235,7440,25669
2016-10-20 09:00,26405,18928,7477,26507
2016-10-20 08:00,27276,19900,7376,27651
2016-10-20 07:00,29137,21182,7955,29879
2016-10-20 06:00,31775,23202,8573,32767
2016-10-20 05:00,34753,25142,9611,35746
2016-10-20 04:00,36828,26931,9897,37825
2016-10-20 03:00,38013,28113,9900,39241
2016-10-20 02:00,37757,27656,10101,38769
2016-10-20 01:00,36990,27260,9730,38102
2016-10-20 00:00,36514,27758,8756,38291
2016-10-19 23:00,35758,27778,7980,37750
2016-10-19 22:00,34979,27934,7045,36774
2016-10-19 21:00,34194,27235,6959,35738
2016-10-19 20:00,33852,27083,6769,34809
2016-10-19 19:00,33358,26954,6404,34312
2016-10-19 18:00,32698,26849,5849,33681
2016-10-19 17:00,31950,25708,6242,32981
2016-10-19 16:00,31573,24876,6697,32279
2016-10-19 15:00,31256,23843,7413,31655
2016-10-19 14:00,29783,22774,7009,29977
2016-10-19 13:00,26995,20174,6821,26973
2016-10-19 12:00,25284,18646,6638,25429
2016-10-19 11:00,24701,18262,6439,24984
2016-10-19 10:00,24866,18478,6388,25252
2016-10-19 09:00,25503,19349,6154,26022
2016-10-19 08:00,26289,20406,5883,27042
2016-10-19 07:00,28073,21987,6086,29033
2016-10-19 06:00,30573,23931,6642,31698
2016-10-19 05:00,33309,25908,7401,34438
2016-10-19 04:00,35294,27678,7616,36336
2016-10-19 03:00,36330,28711,7619,37569
2016-10-19 02:00,35759,28203,7556,36754
2016-10-19 01:00,34486,27257,7229,35869
2016-10-19 00:00,34131,27941,6190,35827
2016-10-18 23:00,33689,28073,5616,35281
2016-10-18 22:00,33239,28050,5189,34681
2016-10-18 21:00,32742,27753,4989,33965
2016-10-18 20:00,32245,27347,4898,33250
2016-10-18 19:00,32121,27184,4937,32902
2016-10-18 18:00,31960,27072,4888,32342
2016-10-18 17:00,31751,26508,5243,31728
2016-10-18 16:00,31590,25315,6275,31293
2016-10-18 15:00,31348,23940,7408,31020
2016-10-18 14:00,30060,22136,7924,29351
2016-10-18 13:00,26972,20341,6631,26288
2016-10-18 12:00,25321,18827,6494,24656
2016-10-18 11:00,24870,18090,6780,24202
2016-10-18 10:00,25137,18263,6874,24514
2016-10-18 09:00,25785,18794,6991,25204
2016-10-18 08:00,26796,19584,7212,26236
2016-10-18 07:00,28276,20845,7431,28444
2016-10-18 06:00,30519,22535,7984,31111
2016-10-18 05:00,33209,24314,8895,33747
2016-10-18 04:00,35273,25784,9489,35509
2016-10-18 03:00,36372,26841,9531,36471
2016-10-18 02:00,35734,26316,9418,35563
2016-10-18 01:00,34383,25324,9059,34641
2016-10-18 00:00,34077,25397,8680,34510
2016-10-17 23:00,33915,25309,8606,34200
2016-10-17 22:00,33776,25123,8653,33742
2016-10-17 21:00,33597,24921,8676,33269
2016-10-17 20:00,33341,24292,9049,32865
2016-10-17 19:00,33327,24059,9268,32827
2016-10-17 18:00,33098,23889,9209,32593
2016-10-17 17:00,32711,22853,9858,32085
2016-10-17 16:00,32237,21365,10872,31589
2016-10-17 15:00,31587,19896,11691,30948
2016-10-17 14:00,29740,18931,10809,29150
2016-10-17 13:00,26970,18240,8730,26065
2016-10-17 12:00,25172,18055,7117,24520
2016-10-17 11:00,24459,17983,6476,24034
2016-10-17 10:00,24517,18556,5961,24209
2016-10-17 09:00,25046,19433,5613,24787
2016-10-17 08:00,25934,20270,5664,25804
2016-10-17 07:00,27224,21578,5646,27093
2016-10-17 06:00,29218,23490,5728,29052
2016-10-17 05:00,31533,25075,6458,31120
2016-10-17 04:00,33214,26043,7171,32462
2016-10-17 03:00,34066,27047,7019,33133
2016-10-17 02:00,33299,27015,6284,31760
2016-10-17 01:00,31736,26734,5002,30133
2016-10-17 00:00,31052,26304,4748,29398
2016-10-16 23:00,30615,26536,4079,28712
2016-10-16 22:00,30303,26414,3889,28115
2016-10-16 21:00,30131,26036,4095,27755
2016-10-16 20:00,29897,25664,4233,27579
2016-10-16 19:00,29579,25278,4301,27495
2016-10-16 18:00,29291,24897,4394,27403
2016-10-16 17:00,28461,23575,4886,27011
2016-10-16 16:00,27386,21899,5487,26202
2016-10-16 15:00,26219,20261,5958,25312
2016-10-16 14:00,25755,19414,6341,24882
2016-10-16 13:00,24893,19085,5808,24016
2016-10-16 12:00,24562,18315,6247,23738
2016-10-16 11:00,24712,18501,6211,23867
2016-10-16 10:00,25187,18953,6234,24445
2016-10-16 09:00,25966,19350,6616,25282
2016-10-16 08:00,26891,20272,6619,26299
2016-10-16 07:00,28372,22018,6354,27832
2016-10-16 06:00,30280,24140,6140,29888
2016-10-16 05:00,32185,25796,6389,31819
2016-10-16 04:00,33535,27288,6247,33047
2016-10-16 03:00,34334,27889,6445,33786
2016-10-16 02:00,33967,28083,5884,32519
2016-10-16 01:00,32769,27846,4923,31561
2016-10-16 00:00,32360,28959,3401,31204
2016-10-15 23:00,31723,29301,2422,30665
2016-10-15 22:00,31105,29193,1912,30030
2016-10-15 21:00,30626,28792,1834,29603
2016-10-15 20:00,30345,28650,1695,29407
2016-10-15 19:00,29987,28409,1578,29303
2016-10-15 18:00,29860,27912,1948,29311
2016-10-15 17:00,29046,26745,2301,28934
2016-10-15 16:00,28254,25261,2993,28000
2016-10-15 15:00,27063,23738,3325,26865
2016-10-15 14:00,26333,21896,4437,26082
2016-10-15 13:00,25191,20061,5130,24851
2016-10-15 12:00,24424,18972,5452,24331
2016-10-15 11:00,24295,18537,5758,24382
2016-10-15 10:00,24745,18775,5970,24872
2016-10-15 09:00,25362,19440,5922,25737
2016-10-15 08:00,26562,20414,6148,27008
2016-10-15 07:00,28416,21681,6735,28804
2016-10-15 06:00,30710,23967,6743,31147
2016-10-15 05:00,32820,25857,6963,33291
2016-10-15 04:00,34441,27668,6773,34743
2016-10-15 03:00,35585,29078,6507,35720
2016-10-15 02:00,35314,28697,6617,35047
2016-10-15 01:00,34730,27963,6767,34575
2016-10-15 00:00,34968,27904,7064,34643
2016-10-14 23:00,34815,28117,6698,34353
2016-10-14 22:00,34694,27759,6935,33925
2016-10-14 21:00,34347,27447,6900,33582
2016-10-14 20:00,33903,27194,6709,33230
2016-10-14 19:00,33793,26745,7048,33119
2016-10-14 18:00,33489,26267,7222,33071
2016-10-14 17:00,32880,25612,7268,32787
2016-10-14 16:00,32260,24717,7543,32188
2016-10-14 15:00,31472,23563,7909,31500
2016-10-14 14:00,29631,22354,7277,29468
2016-10-14 13:00,26664,20584,6080,26293
2016-10-14 12:00,25215,19336,5879,24821
2016-10-14 11:00,24643,19340,5303,24451
2016-10-14 10:00,24929,19483,5446,24770
2016-10-14 09:00,25658,20122,5536,25537
2016-10-14 08:00,26733,21254,5479,26818
2016-10-14 07:00,28405,22912,5493,29030
2016-10-14 06:00,30795,24518,6277,31633
2016-10-14 05:00,33517,26275,7242,34307
2016-10-14 04:00,35466,28158,7308,36125
2016-10-14 03:00,36590,29546,7044,37140
2016-10-14 02:00,36016,29102,6914,36049
2016-10-14 01:00,35074,28343,6731,35310
2016-10-14 00:00,35118,29434,5684,35428
2016-10-13 23:00,34811,29287,5524,35098
2016-10-13 22:00,34362,28688,5674,34403
2016-10-13 21:00,33884,27822,6062,33661
2016-10-13 20:00,33293,27429,5864,32922
2016-10-13 19:00,32859,27374,5485,32673
2016-10-13 18:00,32409,27353,5056,32341
2016-10-13 17:00,31889,26827,5062,32004
2016-10-13 16:00,31440,26135,5305,31610
2016-10-13 15:00,30898,25026,5872,31285
2016-10-13 14:00,29438,23406,6032,29650
2016-10-13 13:00,26446,21583,4863,26704
2016-10-13 12:00,24904,20192,4712,25232
2016-10-13 11:00,24584,19911,4673,24866
2016-10-13 10:00,24765,20296,4469,25157
2016-10-13 09:00,25521,20919,4602,25863
2016-10-13 08:00,26441,21723,4718,26853
2016-10-13 07:00,27985,22619,5366,28918
2016-10-13 06:00,30420,24654,5766,31473
2016-10-13 05:00,33175,26779,6396,34199
2016-10-13 04:00,35102,28561,6541,36111
2016-10-13 03:00,36351,29890,6461,37213
2016-10-13 02:00,35521,29480,6041,36222
2016-10-13 01:00,34425,29171,5254,35610
2016-10-13 00:00,34578,30014,4564,35612
2016-10-12 23:00,33983,29886,4097,35203
2016-10-12 22:00,33361,29416,3945,34513
2016-10-12 21:00,32849,29139,3710,33756
2016-10-12 20:00,32530,28704,3826,33092
2016-10-12 19:00,32725,28636,4089,32799
2016-10-12 18:00,32937,28201,4736,32520
2016-10-12 17:00,32724,27377,5347,32206
2016-10-12 16:00,32161,26314,5847,31863
2016-10-12 15:00,31518,25009,6509,31497
2016-10-12 14:00,29712,23802,5910,29961
2016-10-12 13:00,26641,21572,5069,26991
2016-10-12 12:00,25032,20175,4857,25461
2016-10-12 11:00,24611,19850,4761,25081
2016-10-12 10:00,24862,20067,4795,25384
2016-10-12 09:00,25526,21075,4451,26105
2016-10-12 08:00,26657,22182,4475,27206
2016-10-12 07:00,28359,23101,5258,29389
2016-10-12 06:00,30749,25101,5648,32074
2016-10-12 05:00,33597,27428,6169,34938
2016-10-12 04:00,35711,29633,6078,36957
2016-10-12 03:00,36895,31371,5524,38156
2016-10-12 02:00,36227,31033,5194,37255
2016-10-12 01:00,35581,31548,4033,36725
2016-10-12 00:00,35719,31936,3783,36898
2016-10-11 23:00,35425,31957,3468,36596
2016-10-11 22:00,34828,31153,3675,35950
2016-10-11 21:00,34116,29990,4126,35151
2016-10-11 20:00,33499,28762,4737,34343
2016-10-11 19:00,33449,27964,5485,33887
2016-10-11 18:00,33326,27077,6249,33414
2016-10-11 17:00,32932,26062,6870,32887
2016-10-11 16:00,32458,24572,7886,32262
2016-10-11 15:00,31634,23157,8477,31664
2016-10-11 14:00,30115,21249,8866,30117
2016-10-11 13:00,27251,19553,7698,27369
2016-10-11 12:00,25741,18527,7214,26104
2016-10-11 11:00,25218,18179,7039,25859
2016-10-11 10:00,25506,18484,7022,26252
2016-10-11 09:00,26278,19165,7113,27028
2016-10-11 08:00,27616,20137,7479,28268
2016-10-11 07:00,29641,21710,7931,30376
2016-10-11 06:00,32506,23745,8761,33160
2016-10-11 05:00,35538,26113,9425,36204
2016-10-11 04:00,37997,27934,10063,38544
2016-10-11 03:00,39573,29335,10238,40125
2016-10-11 02:00,39353,29647,9706,39518
2016-10-11 01:00,39633,29914,9719,39610
2016-10-11 00:00,40209,30438,9771,39882
2016-10-10 23:00,39740,29942,9798,39442
2016-10-10 22:00,38625,28505,10120,38577
2016-10-10 21:00,37311,27066,10245,37471
2016-10-10 20:00,35983,25706,10277,36185
2016-10-10 19:00,35085,24371,10714,35303
2016-10-10 18:00,34229,23583,10646,34269
2016-10-10 17:00,33196,22469,10727,33134
2016-10-10 16:00,32092,20289,11803,32170
2016-10-10 15:00,30939,18618,12321,31216
2016-10-10 14:00,29603,17768,11835,29596
2016-10-10 13:00,26964,17257,9707,26854
2016-10-10 12:00,25745,16895,8850,25336
2016-10-10 11:00,25308,17254,8054,24858
2016-10-10 10:00,25409,17665,7744,25169
2016-10-10 09:00,25889,18920,6969,25959
2016-10-10 08:00,27083,20291,6792,27268
2016-10-10 07:00,29143,21902,7241,29609
2016-10-10 06:00,31949,23515,8434,32350
2016-10-10 05:00,34893,25366,9527,35176
2016-10-10 04:00,37116,27029,10087,37469
2016-10-10 03:00,38221,28623,9598,38832
2016-10-10 02:00,37952,29500,8452,38367
2016-10-10 01:00,37944,30166,7778,38208
2016-10-10 00:00,37597,30848,6749,37713
2016-10-09 23:00,36346,29631,6715,36438
2016-10-09 22:00,34813,28495,6318,35089
2016-10-09 21:00,33084,27352,5732,33426
2016-10-09 20:00,31600,26217,5383,31924
2016-10-09 19:00,29951,25134,4817,30484
2016-10-09 18:00,28843,24163,4680,29099
2016-10-09 17:00,27756,23123,4633,27753
2016-10-09 16:00,26698,21354,5344,26559
2016-10-09 15:00,25754,19783,5971,25356
2016-10-09 14:00,25427,19336,6091,25240
2016-10-09 13:00,24623,18825,5798,24732
2016-10-09 12:00,24374,18248,6126,24590
2016-10-09 11:00,24534,18240,6294,24936
2016-10-09 10:00,25080,18782,6298,25659
2016-10-09 09:00,26014,19677,6337,26762
2016-10-09 08:00,27367,20808,6559,28080
2016-10-09 07:00,29266,22795,6471,30460
2016-10-09 06:00,31581,24486,7095,32912
2016-10-09 05:00,33970,26249,7721,35310
2016-10-09 04:00,35937,28069,7868,37202
2016-10-09 03:00,37499,29610,7889,38519
2016-10-09 02:00,37632,29539,8093,38178
2016-10-09 01:00,37962,30276,7686,38242
2016-10-09 00:00,37698,30904,6794,37794
2016-10-08 23:00,36602,30514,6088,36640
2016-10-08 22:00,35082,30057,5025,35238
2016-10-08 21:00,33545,29552,3993,33659
2016-10-08 20:00,32242,28576,3666,32490
2016-10-08 19:00,31181,27924,3257,31540
2016-10-08 18:00,30267,27194,3073,30621
2016-10-08 17:00,29285,25941,3344,29527
2016-10-08 16:00,28319,24749,3570,28252
2016-10-08 15:00,27234,23739,3495,27060
2016-10-08 14:00,26783,22167,4616,26782
2016-10-08 13:00,25752,20159,5593,25837
2016-10-08 12:00,25235,19071,6164,25372
2016-10-08 11:00,25282,18658,6624,25463
2016-10-08 10:00,25816,18849,6967,26042
2016-10-08 09:00,26721,19492,7229,26997
2016-10-08 08:00,28053,20403,7650,28433
2016-10-08 07:00,30101,21173,8928,30915
2016-10-08 06:00,32496,23546,8950,33709
2016-10-08 05:00,35103,24991,10112,36530
2016-10-08 04:00,36974,26880,10094,38796
2016-10-08 03:00,38453,28226,10227,40292
2016-10-08 02:00,38323,27945,10378,39914
2016-10-08 01:00,38713,28178,10535,40459
2016-10-08 00:00,39155,29137,10018,40620
2016-10-07 23:00,38610,28974,9636,39881
2016-10-07 22:00,37777,28513,9264,38762
2016-10-07 21:00,36549,27778,8771,37417
2016-10-07 20:00,35395,27281,8114,36086
2016-10-07 19:00,34719,27418,7301,35086
2016-10-07 18:00,33835,26844,6991,34234
2016-10-07 17:00,32816,25865,6951,32949
2016-10-07 16:00,32007,24578,7429,32031
2016-10-07 15:00,31261,23132,8129,31385
2016-10-07 14:00,29977,21788,8189,30016
2016-10-07 13:00,27189,19721,7468,27237
2016-10-07 12:00,25629,18545,7084,25677
2016-10-07 11:00,25199,18223,6976,25250
2016-10-07 10:00,25442,18659,6783,25593
2016-10-07 09:00,26135,19421,6714,26432
2016-10-07 08:00,27318,20261,7057,27331
2016-10-07 07:00,29143,21244,7899,29427
2016-10-07 06:00,31763,23222,8541,32133
2016-10-07 05:00,34475,24911,9564,35150
2016-10-07 04:00,36508,26498,10010,37371
2016-10-07 03:00,37790,27466,10324,38608
2016-10-07 02:00,36947,26779,10168,37660
2016-10-07 01:00,36672,26680,9992,37664
2016-10-07 00:00,36615,27963,8652,37839
2016-10-06 23:00,35910,28406,7504,37252
2016-10-06 22:00,35060,28315,6745,36325
2016-10-06 21:00,34239,28122,6117,35291
2016-10-06 20:00,33522,27732,5790,34282
2016-10-06 19:00,33258,27531,5727,33644
2016-10-06 18:00,32765,27274,5491,32977
2016-10-06 17:00,31952,26395,5557,32202
2016-10-06 16:00,31460,24687,6773,31550
2016-10-06 15:00,30897,23511,7386,31172
2016-10-06 14:00,29556,21950,7606,29834
2016-10-06 13:00,26623,19970,6653,27111
2016-10-06 12:00,24974,19038,5936,25642
2016-10-06 11:00,24501,18717,5784,25220
2016-10-06 10:00,24780,18981,5799,25505
2016-10-06 09:00,25445,19473,5972,26277
2016-10-06 08:00,26565,20630,5935,27155
2016-10-06 07:00,28285,21752,6533,29026
2016-10-06 06:00,30802,23902,6900,31634
2016-10-06 05:00,33543,25402,8141,34388
2016-10-06 04:00,35497,27054,8443,36265
2016-10-06 03:00,36592,28061,8531,37098
2016-10-06 02:00,35332,27189,8143,35952
2016-10-06 01:00,34958,27593,7365,35627
2016-10-06 00:00,35209,28886,6323,35590
2016-10-05 23:00,34765,28776,5989,35170
2016-10-05 22:00,34328,28380,5948,34517
2016-10-05 21:00,33853,28053,5800,33778
2016-10-05 20:00,33266,27096,6170,33123
2016-10-05 19:00,33158,27136,6022,32788
2016-10-05 18:00,32960,26786,6174,32487
2016-10-05 17:00,32513,26120,6393,32099
2016-10-05 16:00,31879,25117,6762,31741
2016-10-05 15:00,31255,23367,7888,31419
2016-10-05 14:00,29776,22129,7647,29894
2016-10-05 13:00,27064,20636,6428,26925
2016-10-05 12:00,25382,19417,5965,25404
2016-10-05 11:00,24945,19176,5769,24961
2016-10-05 10:00,25167,19330,5837,25208
2016-10-05 09:00,25842,20136,5706,25892
2016-10-05 08:00,26880,20561,6319,27118
2016-10-05 07:00,28568,21332,7236,29275
2016-10-05 06:00,31016,23131,7885,31816
2016-10-05 05:00,33806,24363,9443,34577
2016-10-05 04:00,35613,25546,10067,36581
2016-10-05 03:00,36576,26731,9845,37302
2016-10-05 02:00,35400,26172,9228,36027
2016-10-05 01:00,34774,26183,8591,35839
2016-10-05 00:00,34702,26856,7846,35691
2016-10-04 23:00,34262,27136,7126,35355
2016-10-04 22:00,33952,26573,7379,34885
2016-10-04 21:00,33473,26722,6751,34346
2016-10-04 20:00,32935,26555,6380,33711
2016-10-04 19:00,33262,26507,6755,33339
2016-10-04 18:00,33123,26054,7069,32924
2016-10-04 17:00,32534,25191,7343,32423
2016-10-04 16:00,32008,24109,7899,31979
2016-10-04 15:00,31318,22977,8341,31427
2016-10-04 14:00,30332,21050,9282,29858
2016-10-04 13:00,27362,19569,7793,27087
2016-10-04 12:00,25674,18185,7489,25517
2016-10-04 11:00,25168,17397,7771,24992
2016-10-04 10:00,25311,17631,7680,25176
2016-10-04 09:00,26007,18486,7521,25854
2016-10-04 08:00,26991,19418,7573,26832
2016-10-04 07:00,28175,20448,7727,29035
2016-10-04 06:00,30608,22396,8212,31397
2016-10-04 05:00,33488,24217,9271,34026
2016-10-04 04:00,35610,25449,10161,35910
2016-10-04 03:00,36669,26086,10583,36887
2016-10-04 02:00,35454,25379,10075,35794
2016-10-04 01:00,34829,25651,9178,35597
2016-10-04 00:00,34653,27364,7289,35704
2016-10-03 23:00,34084,27670,6414,35341
2016-10-03 22:00,33709,26585,7124,34871
2016-10-03 21:00,33500,25973,7527,34324
2016-10-03 20:00,33369,25396,7973,33472
2016-10-03 19:00,33321,24700,8621,33291
2016-10-03 18:00,33102,24058,9044,32987
2016-10-03 17:00,32604,23107,9497,32507
2016-10-03 16:00,31835,21547,10288,31822
2016-10-03 15:00,30882,19279,11603,31295
2016-10-03 14:00,29689,18922,10767,29683
2016-10-03 13:00,27116,18493,8623,26952
2016-10-03 12:00,25427,18380,7047,25329
2016-10-03 11:00,24770,18415,6355,24711
2016-10-03 10:00,24813,18750,6063,24744
2016-10-03 09:00,25430,20029,5401,25107
2016-10-03 08:00,26130,21224,4906,25848
2016-10-03 07:00,27582,22295,5287,27645
2016-10-03 06:00,29686,23729,5957,29944
2016-10-03 05:00,31902,25095,6807,32209
2016-10-03 04:00,33576,26342,7234,33870
2016-10-03 03:00,34449,27379,7070,34458
2016-10-03 02:00,33041,27278,5763,33189
2016-10-03 01:00,32723,28175,4548,32743
2016-10-03 00:00,32160,29241,2919,32200
2016-10-02 23:00,31382,28996,2386,31409
2016-10-02 22:00,30617,28073,2544,30705
2016-10-02 21:00,30100,27354,2746,29855
2016-10-02 20:00,29922,26729,3193,29177
2016-10-02 19:00,29375,25693,3682,28760
2016-10-02 18:00,28830,24974,3856,28267
2016-10-02 17:00,27879,23942,3937,27624
2016-10-02 16:00,26940,22496,4444,26814
2016-10-02 15:00,26013,20999,5014,25989
2016-10-02 14:00,25907,19765,6142,25834
2016-10-02 13:00,25328,18537,6791,25260
2016-10-02 12:00,25132,18117,7015,25042
2016-10-02 11:00,25164,18349,6815,25160
2016-10-02 10:00,25482,19028,6454,25642
2016-10-02 09:00,26346,20490,5856,26636
2016-10-02 08:00,27748,21793,5955,27653
2016-10-02 07:00,29575,22951,6624,30247
2016-10-02 06:00,31692,24667,7025,32407
2016-10-02 05:00,33751,26401,7350,34546
2016-10-02 04:00,35552,28739,6813,36135
2016-10-02 03:00,36732,30339,6393,36877
2016-10-02 02:00,36229,30598,5631,35922
2016-10-02 01:00,36634,32397,4237,35938
2016-10-02 00:00,36619,33765,2854,35960
2016-10-01 23:00,36041,33746,2295,35312
2016-10-01 22:00,35191,33180,2011,34437
2016-10-01 21:00,34314,32275,2039,33569
2016-10-01 20:00,33332,31120,2212,33000
2016-10-01 19:00,32404,29778,2626,32392
2016-10-01 18:00,31509,28232,3277,31725
2016-10-01 17:00,30484,27167,3317,30830
2016-10-01 16:00,29356,25512,3844,29721
2016-10-01 15:00,28038,23602,4436,28545
2016-10-01 14:00,27628,22306,5322,28155
2016-10-01 13:00,26745,20512,6233,27132
2016-10-01 12:00,26337,19299,7038,26740
2016-10-01 11:00,26446,19074,7372,26923
2016-10-01 10:00,27090,19343,7747,27636
2016-10-01 09:00,28228,20777,7451,28745
2016-10-01 08:00,29853,22219,7634,30497
2016-10-01 07:00,32090,23735,8355,31740
2016-10-01 06:00,34927,26651,8276,34405
2016-10-01 05:00,37556,29501,8055,37169
2016-10-01 04:00,39863,32561,7302,39229
2016-10-01 03:00,41591,34522,7069,40253
2016-10-01 02:00,41683,34262,7421,40439
2016-10-01 01:00,43060,36229,6831,41197
2016-10-01 00:00,43860,37463,6397,41459
2016-09-30 23:00,43466,37254,6212,40894
2016-09-30 22:00,42664,36259,6405,39992
2016-09-30 21:00,41588,34733,6855,39001
2016-09-30 20:00,39970,32765,7205,37956
2016-09-30 19:00,38813,31579,7234,37217
2016-09-30 18:00,37507,30662,6845,36343
2016-09-30 17:00,36198,28721,7477,35372
2016-09-30 16:00,34851,26498,8353,34297
2016-09-30 15:00,33526,24505,9021,33125
2016-09-30 14:00,31982,23005,8977,31606
2016-09-30 13:00,29329,21719,7610,28834
2016-09-30 12:00,27882,21008,6874,27480
2016-09-30 11:00,27548,20587,6961,27264
2016-09-30 10:00,28113,20613,7500,27795
2016-09-30 09:00,29162,21722,7440,28865
2016-09-30 08:00,30739,22999,7740,30367
2016-09-30 07:00,33192,24352,8840,32785
2016-09-30 06:00,36522,27191,9331,36041
2016-09-30 05:00,40177,30001,10176,39583
2016-09-30 04:00,43195,32885,10310,42244
2016-09-30 03:00,45124,34806,10318,43586
2016-09-30 02:00,45241,35232,10009,43709
2016-09-30 01:00,46723,36906,9817,44549
2016-09-30 00:00,47431,38210,9221,44791
2016-09-29 23:00,46803,38037,8766,44065
2016-09-29 22:00,45639,37054,8585,42828
2016-09-29 21:00,44123,35042,9081,41325
2016-09-29 20:00,42157,33426,8731,39840
2016-09-29 19:00,40525,31811,8714,38737
2016-09-29 18:00,38797,30403,8394,37392
2016-09-29 17:00,37018,28888,8130,36079
2016-09-29 16:00,35453,26364,9089,34787
2016-09-29 15:00,34082,24825,9257,33521
2016-09-29 14:00,32634,23495,9139,32085
2016-09-29 13:00,29866,21504,8362,29321
2016-09-29 12:00,28536,20752,7784,27924
2016-09-29 11:00,28165,20534,7631,27740
2016-09-29 10:00,28475,20951,7524,28312
2016-09-29 09:00,29610,21480,8130,29445
2016-09-29 08:00,31410,22723,8687,31117
2016-09-29 07:00,34112,24852,9260,33940
2016-09-29 06:00,37556,27888,9668,37541
2016-09-29 05:00,41479,31264,10215,41371
2016-09-29 04:00,44759,34484,10275,44174
2016-09-29 03:00,46916,36663,10253,45516
2016-09-29 02:00,47074,36808,10266,46212
2016-09-29 01:00,48537,38658,9879,47235
2016-09-29 00:00,49422,39909,9513,47452
2016-09-28 23:00,48849,39754,9095,46615
2016-09-28 22:00,47458,38409,9049,45271
2016-09-28 21:00,45388,36513,8875,43743
2016-09-28 20:00,43277,34726,8551,41884
2016-09-28 19:00,41433,32960,8473,40423
2016-09-28 18:00,39702,30998,8704,38768
2016-09-28 17:00,37976,28945,9031,37135
2016-09-28 16:00,35973,26554,9419,35514
2016-09-28 15:00,34425,24957,9468,33870
2016-09-28 14:00,32952,23351,9601,32391
2016-09-28 13:00,30346,21535,8811,29848
2016-09-28 12:00,29091,20161,8930,28461
2016-09-28 11:00,28821,19818,9003,28257
2016-09-28 10:00,29397,20354,9043,28860
2016-09-28 09:00,30235,21184,9051,30030
2016-09-28 08:00,31977,22420,9557,31696
2016-09-28 07:00,34584,25124,9460,35450
2016-09-28 06:00,38125,29130,8995,39653
2016-09-28 05:00,42474,32192,10282,44088
2016-09-28 04:00,45983,35996,9987,47677
2016-09-28 03:00,48317,38914,9403,49633
2016-09-28 02:00,48759,40245,8514,50283
2016-09-28 01:00,50361,41953,8408,51777
2016-09-28 00:00,51247,42643,8604,52146
2016-09-27 23:00,50643,41782,8861,51296
2016-09-27 22:00,49045,39833,9212,49929
2016-09-27 21:00,47251,37975,9276,47984
2016-09-27 20:00,45025,35209,9816,45616
2016-09-27 19:00,43071,33195,9876,43532
2016-09-27 18:00,41109,30588,10521,41311
2016-09-27 17:00,39041,28311,10730,38975
2016-09-27 16:00,36851,26028,10823,36658
2016-09-27 15:00,35322,23857,11465,34730
2016-09-27 14:00,33811,22256,11555,33033
2016-09-27 13:00,30871,20465,10406,30177
2016-09-27 12:00,29309,19559,9750,28811
2016-09-27 11:00,29068,19239,9829,28632
2016-09-27 10:00,29652,19495,10157,29305
2016-09-27 09:00,30622,20249,10373,30646
2016-09-27 08:00,32548,21562,10986,32363
2016-09-27 07:00,35358,22985,12373,35979
2016-09-27 06:00,39230,25296,13934,40083
2016-09-27 05:00,44089,28490,15599,44644
2016-09-27 04:00,48164,31155,17009,48332
2016-09-27 03:00,50892,33089,17803,50321
2016-09-27 02:00,51883,33505,18378,51564
2016-09-27 01:00,53608,34933,18675,53453
2016-09-27 00:00,53894,34567,19327,53574
2016-09-26 23:00,52978,33403,19575,52212
2016-09-26 22:00,51143,31805,19338,50164
2016-09-26 21:00,48712,29376,19336,47618
2016-09-26 20:00,45896,27628,18268,44783
2016-09-26 19:00,43196,26194,17002,42257
2016-09-26 18:00,40505,24704,15801,39943
2016-09-26 17:00,37916,22873,15043,37696
2016-09-26 16:00,35596,20730,14866,35566
2016-09-26 15:00,33618,18520,15098,33757
2016-09-26 14:00,31932,17113,14819,31776
2016-09-26 13:00,29232,16876,12356,29311
2016-09-26 12:00,27700,16734,10966,27709
2016-09-26 11:00,27229,17052,10177,27504
2016-09-26 10:00,27551,17498,10053,27971
2016-09-26 09:00,28375,18509,9866,29038
2016-09-26 08:00,29733,19656,10077,30593
2016-09-26 07:00,32087,20682,11405,33762
2016-09-26 06:00,35520,22662,12858,37301
2016-09-26 05:00,39270,24064,15206,41065
2016-09-26 04:00,42300,25839,16461,43628
2016-09-26 03:00,44268,27259,17009,45115
2016-09-26 02:00,44421,27568,16853,45498
2016-09-26 01:00,44882,28708,16174,46094
2016-09-26 00:00,43986,29140,14846,45417
2016-09-25 23:00,42300,28484,13816,43920
2016-09-25 22:00,40214,27228,12986,41666
2016-09-25 21:00,37565,26224,11341,39211
2016-09-25 20:00,35031,25298,9733,36512
2016-09-25 19:00,32877,24388,8489,34058
2016-09-25 18:00,30913,23465,7448,31870
2016-09-25 17:00,29208,22453,6755,29905
2016-09-25 16:00,27712,20438,7274,28345
2016-09-25 15:00,26501,18126,8375,26958
2016-09-25 14:00,26071,17180,8891,26673
2016-09-25 13:00,25469,17154,8315,26380
2016-09-25 12:00,25306,17024,8282,26332
2016-09-25 11:00,25550,17226,8324,26688
2016-09-25 10:00,26245,17598,8647,27407
2016-09-25 09:00,27301,18654,8647,28590
2016-09-25 08:00,28832,19803,9029,30096
2016-09-25 07:00,30604,21316,9288,32080
2016-09-25 06:00,33185,23261,9924,34727
2016-09-25 05:00,35662,24609,11053,37330
2016-09-25 04:00,37685,25930,11755,39501
2016-09-25 03:00,38942,26861,12081,40595
2016-09-25 02:00,38781,26318,12463,40836
2016-09-25 01:00,39290,27434,11856,41532
2016-09-25 00:00,38997,28493,10504,41245
2016-09-24 23:00,37736,28231,9505,39990
2016-09-24 22:00,36072,27635,8437,38149
2016-09-24 21:00,34274,27590,6684,36305
2016-09-24 20:00,32807,27094,5713,34726
2016-09-24 19:00,31712,26687,5025,33417
2016-09-24 18:00,30906,26227,4679,32222
2016-09-24 17:00,30161,25592,4569,30943
2016-09-24 16:00,28834,24353,4481,29610
2016-09-24 15:00,27367,22411,4956,28223
2016-09-24 14:00,26872,21135,5737,27630
2016-09-24 13:00,26087,19853,6234,26698
2016-09-24 12:00,25607,19333,6274,26185
2016-09-24 11:00,25589,19141,6448,26314
2016-09-24 10:00,26028,19472,6556,26976
2016-09-24 09:00,26878,19822,7056,27998
2016-09-24 08:00,28057,20682,7375,29357
2016-09-24 07:00,29908,21737,8171,30581
2016-09-24 06:00,32192,23490,8702,33345
2016-09-24 05:00,34542,25161,9381,36044
2016-09-24 04:00,36247,26649,9598,38038
2016-09-24 03:00,37151,27393,9758,38767
2016-09-24 02:00,36095,26480,9615,38335
2016-09-24 01:00,36763,27643,9120,39081
2016-09-24 00:00,36955,29214,7741,39203
2016-09-23 23:00,36234,29843,6391,38365
2016-09-23 22:00,35260,30120,5140,37293
2016-09-23 21:00,34454,29885,4569,36113
2016-09-23 20:00,33997,29481,4516,34933
2016-09-23 19:00,33855,29452,4403,34381
2016-09-23 18:00,33649,28850,4799,33812
2016-09-23 17:00,33100,28297,4803,33249
2016-09-23 16:00,32214,26494,5720,32536
2016-09-23 15:00,31090,24566,6524,31782
2016-09-23 14:00,29912,22940,6972,30372
2016-09-23 13:00,27340,21389,5951,27652
2016-09-23 12:00,26163,20583,5580,26284
2016-09-23 11:00,25808,20449,5359,25956
2016-09-23 10:00,26187,20552,5635,26354
2016-09-23 09:00,26829,21431,5398,27197
2016-09-23 08:00,27710,22320,5390,28316
2016-09-23 07:00,29126,23072,6054,30309
2016-09-23 06:00,31645,25657,5988,33065
2016-09-23 05:00,34513,28618,5895,35988
2016-09-23 04:00,36679,30941,5738,38047
2016-09-23 03:00,37424,32335,5089,38269
2016-09-23 02:00,36205,31990,4215,37514
2016-09-23 01:00,36475,33135,3340,37977
2016-09-23 00:00,36575,34155,2420,38195
2016-09-22 23:00,36648,34195,2453,37742
2016-09-22 22:00,36279,33629,2650,36970
2016-09-22 21:00,35658,32563,3095,36231
2016-09-22 20:00,35092,31669,3423,35402
2016-09-22 19:00,34945,30713,4232,35011
2016-09-22 18:00,35072,29719,5353,34655
2016-09-22 17:00,34616,28670,5946,34040
2016-09-22 16:00,33474,26909,6565,33341
2016-09-22 15:00,32634,24988,7646,32601
2016-09-22 14:00,31388,23402,7986,31177
2016-09-22 13:00,28693,21801,6892,28774
2016-09-22 12:00,27369,20746,6623,27347
2016-09-22 11:00,27011,20494,6517,27006
2016-09-22 10:00,27157,21113,6044,27409
2016-09-22 09:00,27875,21840,6035,28350
2016-09-22 08:00,29271,22752,6519,29741
2016-09-22 07:00,31440,24366,7074,32207
2016-09-22 06:00,34496,26964,7532,35467
2016-09-22 05:00,38115,29693,8422,38856
2016-09-22 04:00,40763,32080,8683,41399
2016-09-22 03:00,42005,32908,9097,42209
2016-09-22 02:00,41488,32470,9018,42019
2016-09-22 01:00,42698,33671,9027,43052
2016-09-22 00:00,43367,33994,9373,43334
2016-09-21 23:00,42958,33666,9292,42612
2016-09-21 22:00,42416,32939,9477,41550
2016-09-21 21:00,41483,32033,9450,40436
2016-09-21 20:00,40492,31318,9174,39139
2016-09-21 19:00,39604,30720,8884,38206
2016-09-21 18:00,38651,29756,8895,37190
2016-09-21 17:00,37476,28521,8955,35969
2016-09-21 16:00,36290,26455,9835,34749
2016-09-21 15:00,34761,24863,9898,33616
2016-09-21 14:00,33079,23584,9495,32144
2016-09-21 13:00,30076,21933,8143,29372
2016-09-21 12:00,28351,20607,7744,27911
2016-09-21 11:00,27957,20413,7544,27635
2016-09-21 10:00,28314,20603,7711,28094
2016-09-21 09:00,29363,21448,7915,29092
2016-09-21 08:00,30978,22821,8157,30887
2016-09-21 07:00,33476,25059,8417,34171
2016-09-21 06:00,36870,27819,9051,37721
2016-09-21 05:00,40360,30386,9974,41516
2016-09-21 04:00,43144,33240,9904,44143
2016-09-21 03:00,44388,35187,9201,45455
2016-09-21 02:00,43880,35491,8389,45877
2016-09-21 01:00,44825,36794,8031,47227
2016-09-21 00:00,45014,37215,7799,47597
2016-09-20 23:00,44585,37297,7288,46800
2016-09-20 22:00,43894,36729,7165,45534
2016-09-20 21:00,43001,36088,6913,43969
2016-09-20 20:00,41853,33844,8009,42123
2016-09-20 19:00,40838,31850,8988,40668
2016-09-20 18:00,39586,29449,10137,39147
2016-09-20 17:00,38037,27532,10505,37527
2016-09-20 16:00,36354,25377,10977,35895
2016-09-20 15:00,34814,23194,11620,34335
2016-09-20 14:00,33121,21804,11317,32560
2016-09-20 13:00,30099,20156,9943,30127
2016-09-20 12:00,28544,18838,9706,28797
2016-09-20 11:00,28103,18308,9795,28611
2016-09-20 10:00,28511,18616,9895,29213
2016-09-20 09:00,29694,19653,10041,30401
2016-09-20 08:00,31349,20798,10551,32006
2016-09-20 07:00,33948,22237,11711,34087
2016-09-20 06:00,37563,25318,12245,37761
2016-09-20 05:00,41655,28777,12878,41856
2016-09-20 04:00,44877,31637,13240,45155
2016-09-20 03:00,46622,33336,13286,46790
2016-09-20 02:00,46560,34526,12034,47189
2016-09-20 01:00,47577,35989,11588,48729
2016-09-20 00:00,48203,35974,12229,49333
2016-09-19 23:00,48062,34593,13469,48630
2016-09-19 22:00,47405,32379,15026,47052
2016-09-19 21:00,46702,29474,17228,45084
2016-09-19 20:00,44265,26917,17348,42873
2016-09-19 19:00,41343,25640,15703,41104
2016-09-19 18:00,38936,24122,14814,39341
2016-09-19 17:00,36786,22223,14563,37431
2016-09-19 16:00,34934,20164,14770,35533
2016-09-19 15:00,33405,17864,15541,33886
2016-09-19 14:00,31850,16743,15107,31937
2016-09-19 13:00,28994,16641,12353,29142
2016-09-19 12:00,27282,16173,11109,27680
2016-09-19 11:00,26871,16441,10430,27337
2016-09-19 10:00,27357,17033,10324,27806
2016-09-19 09:00,28265,18457,9808,28815
2016-09-19 08:00,29880,20058,9822,30592
2016-09-19 07:00,32415,21742,10673,33389
2016-09-19 06:00,35827,24024,11803,36738
2016-09-19 05:00,39716,25606,14110,40320
2016-09-19 04:00,42932,27821,15111,42965
2016-09-19 03:00,44798,29361,15437,43942
2016-09-19 02:00,45427,29425,16002,44275
2016-09-19 01:00,46389,30900,15489,44759
2016-09-19 00:00,45600,31074,14526,43955
2016-09-18 23:00,43860,29838,14022,42231
2016-09-18 22:00,41250,28071,13179,39892
2016-09-18 21:00,38273,26639,11634,37417
2016-09-18 20:00,35536,25468,10068,35081
2016-09-18 19:00,33252,23910,9342,33116
2016-09-18 18:00,31117,23169,7948,31405
2016-09-18 17:00,29139,22195,6944,29798
2016-09-18 16:00,27618,20637,6981,28274
2016-09-18 15:00,26337,18671,7666,26760
2016-09-18 14:00,26198,17512,8686,26676
2016-09-18 13:00,25874,17117,8757,26544
2016-09-18 12:00,25708,16790,8918,26430
2016-09-18 11:00,25963,17102,8861,26748
2016-09-18 10:00,26605,17521,9084,27456
2016-09-18 09:00,27691,18696,8995,28616
2016-09-18 08:00,29267,20080,9187,29961
2016-09-18 07:00,31677,21896,9781,31958
2016-09-18 06:00,34368,23828,10540,34715
2016-09-18 05:00,37000,25576,11424,37454
2016-09-18 04:00,39164,27147,12017,39720
2016-09-18 03:00,40467,28054,12413,40731
2016-09-18 02:00,40744,28377,12367,41051
2016-09-18 01:00,41367,29917,11450,41842
2016-09-18 00:00,40711,30855,9856,41485
2016-09-17 23:00,39068,30335,8733,40141
2016-09-17 22:00,37021,29375,7646,38348
2016-09-17 21:00,35008,28455,6553,36534
2016-09-17 20:00,33430,27639,5791,34842
2016-09-17 19:00,32286,27257,5029,33442
2016-09-17 18:00,31300,26569,4731,32168
2016-09-17 17:00,30341,25683,4658,30940
2016-09-17 16:00,29349,24651,4698,29568
2016-09-17 15:00,28032,22633,5399,28159
2016-09-17 14:00,27506,21031,6475,27734
2016-09-17 13:00,26615,19289,7326,27011
2016-09-17 12:00,26084,18755,7329,26550
2016-09-17 11:00,26426,18669,7757,26450
2016-09-17 10:00,26785,18934,7851,27326
2016-09-17 09:00,27593,19552,8041,28437
2016-09-17 08:00,29223,20429,8794,29482
2016-09-17 07:00,31230,21382,9848,31343
2016-09-17 06:00,33742,23847,9895,33974
2016-09-17 05:00,36270,25836,10434,36631
2016-09-17 04:00,38202,27077,11125,38653
2016-09-17 03:00,39237,28118,11119,39377
2016-09-17 02:00,39245,28188,11057,39237
2016-09-17 01:00,40251,29375,10876,40182
2016-09-17 00:00,40389,30034,10355,40271
2016-09-16 23:00,39525,29801,9724,39494
2016-09-16 22:00,38341,28905,9436,38320
2016-09-16 21:00,37049,28036,9013,36941
2016-09-16 20:00,35736,27695,8041,35657
2016-09-16 19:00,34938,27238,7700,34843
2016-09-16 18:00,34258,26986,7272,34117
2016-09-16 17:00,33588,26470,7118,33413
2016-09-16 16:00,32802,25121,7681,32523
2016-09-16 15:00,31842,23066,8776,31575
2016-09-16 14:00,30477,21467,9010,29993
2016-09-16 13:00,27890,19736,8154,27554
2016-09-16 12:00,26392,18806,7586,26204
2016-09-16 11:00,25968,18277,7691,25916
2016-09-16 10:00,26268,18617,7651,26332
2016-09-16 09:00,27042,19252,7790,27224
2016-09-16 08:00,28307,20296,8011,28422
2016-09-16 07:00,30146,21664,8482,30693
2016-09-16 06:00,32779,23178,9601,33627
2016-09-16 05:00,35793,24919,10874,36752
2016-09-16 04:00,38019,26756,11263,38872
2016-09-16 03:00,38750,26805,11945,39123
2016-09-16 02:00,38207,26285,11922,38860
2016-09-16 01:00,38753,27858,10895,39484
2016-09-16 00:00,38603,29235,9368,39313
2016-09-15 23:00,37844,28691,9153,38412
2016-09-15 22:00,36887,28391,8496,37285
2016-09-15 21:00,35983,28171,7812,36074
2016-09-15 20:00,34840,27726,7114,35059
2016-09-15 19:00,34265,27438,6827,34404
2016-09-15 18:00,33740,27151,6589,33582
2016-09-15 17:00,33178,26559,6619,32898
2016-09-15 16:00,32406,25335,7071,32170
2016-09-15 15:00,31516,22876,8640,31427
2016-09-15 14:00,30177,21439,8738,30011
2016-09-15 13:00,27580,20592,6988,27329
2016-09-15 12:00,26057,19531,6526,26027
2016-09-15 11:00,25617,19224,6393,25694
2016-09-15 10:00,25883,19598,6285,25988
2016-09-15 09:00,26581,20469,6112,26776
2016-09-15 08:00,27795,21081,6714,27820
2016-09-15 07:00,29608,21819,7789,29849
2016-09-15 06:00,32187,23095,9092,32713
2016-09-15 05:00,35167,24810,10357,35717
2016-09-15 04:00,37294,26408,10886,38044
2016-09-15 03:00,37742,26588,11154,38453
2016-09-15 02:00,36569,25920,10649,37435
2016-09-15 01:00,36690,27175,9515,38086
2016-09-15 00:00,36598,28167,8431,37993
2016-09-14 23:00,36029,28380,7649,37218
2016-09-14 22:00,35296,27997,7299,36006
2016-09-14 21:00,34651,27724,6927,34926
2016-09-14 20:00,33666,27720,5946,33969
2016-09-14 19:00,33362,27537,5825,33427
2016-09-14 18:00,33422,27210,6212,33008
2016-09-14 17:00,33119,26448,6671,32448
2016-09-14 16:00,32373,25352,7021,31840
2016-09-14 15:00,31449,23319,8130,31330
2016-09-14 14:00,30302,22420,7882,29864
2016-09-14 13:00,27747,20989,6758,27257
2016-09-14 12:00,26100,20040,6060,25793
2016-09-14 11:00,25624,19757,5867,25354
2016-09-14 10:00,25861,20042,5819,25619
2016-09-14 09:00,26571,20657,5914,26313
2016-09-14 08:00,27314,21660,5654,27424
2016-09-14 07:00,28730,22723,6007,29434
2016-09-14 06:00,31136,24792,6344,31927
2016-09-14 05:00,34033,26117,7916,34740
2016-09-14 04:00,35988,27536,8452,36878
2016-09-14 03:00,36227,28130,8097,37125
2016-09-14 02:00,34605,30245,4360,35785
2016-09-14 01:00,34463,31304,3159,36225
2016-09-14 00:00,34494,30761,3733,36336
2016-09-13 23:00,34406,29469,4937,35806
2016-09-13 22:00,34333,29911,4422,35091
2016-09-13 21:00,33947,29914,4033,34512
2016-09-13 20:00,33696,28942,4754,34076
2016-09-13 19:00,33904,28348,5556,33921
2016-09-13 18:00,34039,27600,6439,33767
2016-09-13 17:00,33779,26614,7165,33453
2016-09-13 16:00,32943,24536,8407,32831
2016-09-13 15:00,32208,22505,9703,32117
2016-09-13 14:00,30961,21136,9825,30492
2016-09-13 13:00,28266,19811,8455,27704
2016-09-13 12:00,26683,19127,7556,26195
2016-09-13 11:00,26233,19541,6692,25833
2016-09-13 10:00,26455,20321,6134,26155
2016-09-13 09:00,27155,20955,6200,26824
2016-09-13 08:00,28101,21873,6228,27910
2016-09-13 07:00,29551,24043,5508,30312
2016-09-13 06:00,32145,26012,6133,32967
2016-09-13 05:00,34964,27838,7126,36050
2016-09-13 04:00,37191,28599,8592,38413
2016-09-13 03:00,37912,29473,8439,39012
2016-09-13 02:00,38041,30895,7146,38295
2016-09-13 01:00,38740,31925,6815,39085
2016-09-13 00:00,38972,31286,7686,39325
2016-09-12 23:00,38401,29981,8420,38751
2016-09-12 22:00,37717,28526,9191,38051
2016-09-12 21:00,35932,27310,8622,37120
2016-09-12 20:00,35512,26273,9239,36302
2016-09-12 19:00,35030,25281,9749,35807
2016-09-12 18:00,34535,24168,10367,35224
2016-09-12 17:00,33843,22514,11329,34356
2016-09-12 16:00,32803,19603,13200,33445
2016-09-12 15:00,31426,18613,12813,32502
2016-09-12 14:00,28955,19056,9899,30866
2016-09-12 13:00,27155,18774,8381,28114
2016-09-12 12:00,26420,18920,7500,26591
2016-09-12 11:00,26498,19273,7225,26162
2016-09-12 10:00,27020,20529,6491,26447
2016-09-12 09:00,27764,22027,5737,27196
2016-09-12 08:00,29173,23423,5750,28327
2016-09-12 07:00,31764,25253,6511,30835
2016-09-12 06:00,34690,26971,7719,33622
2016-09-12 05:00,37194,28544,8650,36630
2016-09-12 04:00,38173,30244,7929,38894
2016-09-12 03:00,38131,31296,6835,39546
2016-09-12 02:00,38489,33068,5421,39506
2016-09-12 01:00,38250,33996,4254,39956
2016-09-12 00:00,37412,33052,4360,39323
2016-09-11 23:00,35993,31944,4049,38012
2016-09-11 22:00,34616,30039,4577,36345
2016-09-11 21:00,33292,28525,4767,34613
2016-09-11 20:00,31903,27549,4354,33032
2016-09-11 19:00,31049,26622,4427,31624
2016-09-11 18:00,29767,25527,4240,30197
2016-09-11 17:00,28562,23581,4981,28977
2016-09-11 16:00,27083,21027,6056,27831
2016-09-11 15:00,26698,20172,6526,26692
2016-09-11 14:00,26635,19993,6642,26530
2016-09-11 13:00,26519,19854,6665,26203
2016-09-11 12:00,26649,19867,6782,26062
2016-09-11 11:00,27101,20462,6639,26332
2016-09-11 10:00,28001,21568,6433,27056
2016-09-11 09:00,29479,22913,6566,28178
2016-09-11 08:00,31484,25021,6463,29853
2016-09-11 07:00,34038,26858,7180,32859
2016-09-11 06:00,36650,28895,7755,35488
2016-09-11 05:00,39163,30344,8819,38154
2016-09-11 04:00,40553,32343,8210,40179
2016-09-11 03:00,41123,33242,7881,40916
2016-09-11 02:00,42122,34789,7333,41307
2016-09-11 01:00,42060,36070,5990,42157
2016-09-11 00:00,41107,35671,5436,42052
2016-09-10 23:00,39449,34596,4853,40862
2016-09-10 22:00,37665,33781,3884,39369
2016-09-10 21:00,35965,32496,3469,37625
2016-09-10 20:00,34549,31168,3381,35989
2016-09-10 19:00,33222,30138,3084,34630
2016-09-10 18:00,32050,28781,3269,33351
2016-09-10 17:00,30852,27613,3239,31993
2016-09-10 16:00,29099,25380,3719,30641
2016-09-10 15:00,28145,23812,4333,29198
2016-09-10 14:00,27475,22693,4782,28594
2016-09-10 13:00,26902,21561,5341,27861
2016-09-10 12:00,26943,21453,5490,27472
2016-09-10 11:00,27622,21399,6223,27641
2016-09-10 10:00,28666,22062,6604,28387
2016-09-10 09:00,30186,23278,6908,29598
2016-09-10 08:00,32240,23898,8342,31393
2016-09-10 07:00,34952,25895,9057,32810
2016-09-10 06:00,37814,28325,9489,35740
2016-09-10 05:00,40459,30232,10227,38783
2016-09-10 04:00,41963,31354,10609,41079
2016-09-10 03:00,42815,32015,10800,41821
2016-09-10 02:00,44245,33909,10336,42336
2016-09-10 01:00,44875,34926,9949,43666
2016-09-10 00:00,44239,34572,9667,43828
2016-09-09 23:00,42904,33560,9344,42809
2016-09-09 22:00,41205,32474,8731,41482
2016-09-09 21:00,39385,31299,8086,39904
2016-09-09 20:00,38186,30217,7969,38230
2016-09-09 19:00,37121,29755,7366,37287
2016-09-09 18:00,36125,28471,7654,36279
2016-09-09 17:00,34995,26986,8009,35220
2016-09-09 16:00,33774,25530,8244,34100
2016-09-09 15:00,32140,23904,8236,32915
2016-09-09 14:00,29787,22027,7760,31378
2016-09-09 13:00,28056,20377,7679,28769
2016-09-09 12:00,27713,19749,7964,27413
2016-09-09 11:00,28039,19970,8069,27170
2016-09-09 10:00,28655,20621,8034,27684
2016-09-09 09:00,29768,22100,7668,28735
2016-09-09 08:00,31644,22810,8834,30330
2016-09-09 07:00,34656,25370,9286,32673
2016-09-09 06:00,38010,27920,10090,35992
2016-09-09 05:00,40820,30103,10717,39455
2016-09-09 04:00,42096,31799,10297,41733
2016-09-09 03:00,42483,32739,9744,42311
2016-09-09 02:00,43613,34170,9443,42696
2016-09-09 01:00,44255,35032,9223,43674
2016-09-09 00:00,43613,34617,8996,43737
2016-09-08 23:00,42641,33428,9213,42766
2016-09-08 22:00,41316,31438,9878,41319
2016-09-08 21:00,39731,29860,9871,39744
2016-09-08 20:00,38704,28777,9927,38126
2016-09-08 19:00,37651,28047,9604,37100
2016-09-08 18:00,36461,27142,9319,36137
2016-09-08 17:00,35418,25405,10013,35079
2016-09-08 16:00,34284,23243,11041,34008
2016-09-08 15:00,32644,21732,10912,32893
2016-09-08 14:00,30096,20431,9665,31411
2016-09-08 13:00,28463,19344,9119,29108
2016-09-08 12:00,28095,19025,9070,27719
2016-09-08 11:00,28229,19197,9032,27449
2016-09-08 10:00,28844,20150,8694,27885
2016-09-08 09:00,30204,21233,8971,28907
2016-09-08 08:00,32139,22622,9517,30745
2016-09-08 07:00,35199,24188,11011,34285
2016-09-08 06:00,38968,27071,11897,37782
2016-09-08 05:00,42220,29294,12926,41577
2016-09-08 04:00,43717,30511,13206,44132
2016-09-08 03:00,44237,31407,12830,45084
2016-09-08 02:00,45347,32901,12446,45650
2016-09-08 01:00,45812,33241,12571,46754
2016-09-08 00:00,45007,32793,12214,46791
2016-09-07 23:00,43818,31579,12239,45702
2016-09-07 22:00,42192,30458,11734,44160
2016-09-07 21:00,40318,29072,11246,42280
2016-09-07 20:00,39030,28540,10490,40481
2016-09-07 19:00,37864,27873,9991,39015
2016-09-07 18:00,36498,26856,9642,37535
2016-09-07 17:00,35126,25393,9733,36132
2016-09-07 16:00,33760,23432,10328,34867
2016-09-07 15:00,32147,21723,10424,33531
2016-09-07 14:00,29775,19899,9876,31773
2016-09-07 13:00,27974,18873,9101,29467
2016-09-07 12:00,27356,18484,8872,28061
2016-09-07 11:00,27702,18369,9333,27800
2016-09-07 10:00,28654,18926,9728,28280
2016-09-07 09:00,29689,19599,10090,29351
2016-09-07 08:00,31592,20570,11022,30942
2016-09-07 07:00,34499,22152,12347,32531
2016-09-07 06:00,38104,23494,14610,35728
2016-09-07 05:00,41070,25913,15157,39376
2016-09-07 04:00,42227,26213,16014,41961
2016-09-07 03:00,42454,26362,16092,42430
2016-09-07 02:00,43192,28168,15024,42611
2016-09-07 01:00,43226,28208,15018,43556
2016-09-07 00:00,42222,27484,14738,43652
2016-09-06 23:00,40654,26186,14468,42641
2016-09-06 22:00,39067,25277,13790,41290
2016-09-06 21:00,37495,24572,12923,39797
2016-09-06 20:00,36731,24376,12355,38259
2016-09-06 19:00,35865,24175,11690,37194
2016-09-06 18:00,34746,23320,11426,36198
2016-09-06 17:00,33459,21503,11956,35226
2016-09-06 16:00,32267,19537,12730,34245
2016-09-06 15:00,30621,18295,12326,33215
2016-09-06 14:00,28103,17821,10282,31511
2016-09-06 13:00,26518,17763,8755,28911
2016-09-06 12:00,25737,17882,7855,27587
2016-09-06 11:00,25755,18393,7362,27251
2016-09-06 10:00,26330,19210,7120,27585
2016-09-06 09:00,27345,19762,7583,28338
2016-09-06 08:00,28666,20412,8254,29606
2016-09-06 07:00,31024,21450,9574,30689
2016-09-06 06:00,33886,22504,11382,33213
2016-09-06 05:00,36137,24257,11880,36210
2016-09-06 04:00,36424,24451,11973,38192
2016-09-06 03:00,35805,24917,10888,37824
2016-09-06 02:00,36064,26514,9550,38048
2016-09-06 01:00,35419,26783,8636,38082
2016-09-06 00:00,33823,26485,7338,37392
2016-09-05 23:00,32802,25668,7134,36192
2016-09-05 22:00,31664,24737,6927,34988
2016-09-05 21:00,30862,23983,6879,33919
2016-09-05 20:00,30507,23214,7293,32703
2016-09-05 19:00,30008,22960,7048,31678
2016-09-05 18:00,29182,22810,6372,30625
2016-09-05 17:00,27971,21568,6403,29499
2016-09-05 16:00,26695,19374,7321,28489
2016-09-05 15:00,26129,17951,8178,27664
2016-09-05 14:00,25608,17486,8122,27167
2016-09-05 13:00,25361,17514,7847,26647
2016-09-05 12:00,25315,17436,7879,26234
2016-09-05 11:00,25848,17910,7938,26305
2016-09-05 10:00,26311,18833,7478,26894
2016-09-05 09:00,27038,19783,7255,27876
2016-09-05 08:00,28420,21152,7268,29274
2016-09-05 07:00,30432,22202,8230,29819
2016-09-05 06:00,32360,23383,8977,32361
2016-09-05 05:00,33656,24432,9224,35108
2016-09-05 04:00,33533,25374,8159,36813
2016-09-05 03:00,32999,26420,6579,36738
2016-09-05 02:00,32884,28260,4624,36298
2016-09-05 01:00,32389,29237,3152,36377
2016-09-05 00:00,31592,29231,2361,35601
2016-09-04 23:00,30700,28382,2318,34353
2016-09-04 22:00,29863,27268,2595,33040
2016-09-04 21:00,29279,26439,2840,31750
2016-09-04 20:00,29010,25723,3287,30592
2016-09-04 19:00,29161,25083,4078,29817
2016-09-04 18:00,29063,24293,4770,29114
2016-09-04 17:00,28125,22651,5474,28306
2016-09-04 16:00,26846,19995,6851,27442
2016-09-04 15:00,26358,18665,7693,26476
2016-09-04 14:00,26078,18428,7650,26435
2016-09-04 13:00,25882,18340,7542,26308
2016-09-04 12:00,25885,18569,7316,26172
2016-09-04 11:00,26067,19197,6870,26447
2016-09-04 10:00,27254,20186,7068,27071
2016-09-04 09:00,28337,21270,7067,28050
2016-09-04 08:00,29619,22905,6714,29238
2016-09-04 07:00,31650,24937,6713,30645
2016-09-04 06:00,33737,26208,7529,32897
2016-09-04 05:00,35339,28609,6730,35257
2016-09-04 04:00,35691,29434,6257,36756
2016-09-04 03:00,35600,31159,4441,36831
2016-09-04 02:00,36153,32996,3157,36812
2016-09-04 01:00,36349,34095,2254,37394
2016-09-04 00:00,36047,33820,2227,37167
2016-09-03 23:00,35277,32908,2369,36302
2016-09-03 22:00,34129,31808,2321,35258
2016-09-03 21:00,34689,30524,4165,33988
2016-09-03 20:00,32703,29470,3233,33213
2016-09-03 19:00,32227,28517,3710,32768
2016-09-03 18:00,31599,27332,4267,32132
2016-09-03 17:00,30563,26156,4407,31333
2016-09-03 16:00,28993,24190,4803,30230
2016-09-03 15:00,28234,22596,5638,29045
2016-09-03 14:00,27673,21357,6316,28338
2016-09-03 13:00,27219,20382,6837,27661
2016-09-03 12:00,27299,20290,7009,27298
2016-09-03 11:00,27897,20691,7206,27332
2016-09-03 10:00,28926,21235,7691,27854
2016-09-03 09:00,30458,22686,7772,28918
2016-09-03 08:00,32489,24284,8205,30597
2016-09-03 07:00,35152,26859,8293,33410
2016-09-03 06:00,37842,28933,8909,36406
2016-09-03 05:00,40227,31442,8785,39527
2016-09-03 04:00,41345,32460,8885,41666
2016-09-03 03:00,42307,33456,8851,42243
2016-09-03 02:00,43720,35585,8135,42993
2016-09-03 01:00,44267,36984,7283,44400
2016-09-03 00:00,43642,37029,6613,44799
2016-09-02 23:00,42545,36143,6402,43986
2016-09-02 22:00,41223,34685,6538,42839
2016-09-02 21:00,39852,33478,6374,41470
2016-09-02 20:00,38842,31692,7150,39845
2016-09-02 19:00,37932,30820,7112,38841
2016-09-02 18:00,36937,29034,7903,37798
2016-09-02 17:00,35854,27810,8044,36709
2016-09-02 16:00,34415,25483,8932,35495
2016-09-02 15:00,32728,23568,9160,34142
2016-09-02 14:00,30413,22242,8171,32462
2016-09-02 13:00,28764,20992,7772,30036
2016-09-02 12:00,28450,20998,7452,28688
2016-09-02 11:00,28700,21520,7180,28519
2016-09-02 10:00,29359,22113,7246,29091
2016-09-02 09:00,30731,23363,7368,30216
2016-09-02 08:00,32841,24459,8382,32099
2016-09-02 07:00,35991,28209,7782,34635
2016-09-02 06:00,39806,30683,9123,38133
2016-09-02 05:00,42759,33746,9013,41840
2016-09-02 04:00,43967,35266,8701,44557
2016-09-02 03:00,44924,36820,8104,45442
2016-09-02 02:00,46415,38908,7507,46184
2016-09-02 01:00,47084,39855,7229,47568
2016-09-02 00:00,46579,39857,6722,47841
2016-09-01 23:00,45396,38450,6946,47023
2016-09-01 22:00,43808,37200,6608,45650
2016-09-01 21:00,42238,35419,6819,43991
2016-09-01 20:00,40896,33433,7463,41986
2016-09-01 19:00,39404,32138,7266,40482
2016-09-01 18:00,37994,30420,7574,38907
2016-09-01 17:00,36636,28208,8428,37364
2016-09-01 16:00,35176,25527,9649,35884
2016-09-01 15:00,33451,24092,9359,34450
2016-09-01 14:00,31111,23092,8019,32779
2016-09-01 13:00,29643,22098,7545,30561
2016-09-01 12:00,29424,21642,7782,29279
2016-09-01 11:00,29899,22191,7708,29148
2016-09-01 10:00,30518,22911,7607,29792
2016-09-01 09:00,32042,24227,7815,31000
2016-09-01 08:00,34376,25704,8672,32705
2016-09-01 07:00,37785,28130,9655,36283
2016-09-01 06:00,41939,31589,10350,40178
2016-09-01 05:00,45402,34293,11109,44248
2016-09-01 04:00,46837,36055,10782,46910
2016-09-01 03:00,48151,37605,10546,47658
2016-09-01 02:00,49810,40201,9609,49316
2016-09-01 01:00,50604,41336,9268,50585
2016-09-01 00:00,49988,40471,9517,50666
2016-08-31 23:00,48662,39437,9225,49550
2016-08-31 22:00,46761,37847,8914,47867
2016-08-31 21:00,44463,35984,8479,46101
2016-08-31 20:00,42788,33049,9739,43965
2016-08-31 19:00,41012,32080,8932,42209
2016-08-31 18:00,39137,29945,9192,40345
2016-08-31 17:00,37360,27782,9578,38404
2016-08-31 16:00,35689,25347,10342,36584
2016-08-31 15:00,33871,23657,10214,34721
2016-08-31 14:00,31545,22697,8848,32757
2016-08-31 13:00,30040,21549,8491,30793
2016-08-31 12:00,29617,21159,8458,29478
2016-08-31 11:00,30069,21412,8657,29333
2016-08-31 10:00,31008,22365,8643,30017
2016-08-31 09:00,32425,23961,8464,31252
2016-08-31 08:00,34850,25663,9187,33167
2016-08-31 07:00,38483,28111,10372,36313
2016-08-31 06:00,42735,30959,11776,40267
2016-08-31 05:00,46364,33779,12585,44539
2016-08-31 04:00,47976,35197,12779,47447
2016-08-31 03:00,49245,36912,12333,48574
2016-08-31 02:00,50975,38953,12022,49982
2016-08-31 01:00,51552,39807,11745,51568
2016-08-31 00:00,50697,39127,11570,51464
2016-08-30 23:00,49128,37894,11234,50258
2016-08-30 22:00,47224,36145,11079,48374
2016-08-30 21:00,44799,34473,10326,46403
2016-08-30 20:00,42710,32620,10090,44044
2016-08-30 19:00,40626,31027,9599,42123
2016-08-30 18:00,38702,29369,9333,40075
2016-08-30 17:00,36904,27810,9094,38111
2016-08-30 16:00,35351,25951,9400,36274
2016-08-30 15:00,33639,23909,9730,34462
2016-08-30 14:00,31133,22478,8655,32641
2016-08-30 13:00,29466,21231,8235,30488
2016-08-30 12:00,29117,20666,8451,29220
2016-08-30 11:00,29466,20874,8592,29057
2016-08-30 10:00,30177,21436,8741,29678
2016-08-30 09:00,31707,22508,9199,30946
2016-08-30 08:00,34006,23671,10335,32741
2016-08-30 07:00,37334,25797,11537,34663
2016-08-30 06:00,41405,28320,13085,38215
2016-08-30 05:00,44906,30369,14537,42033
2016-08-30 04:00,46263,31399,14864,44734
2016-08-30 03:00,47427,31845,15582,45672
2016-08-30 02:00,48744,32881,15863,46983
2016-08-30 01:00,49018,33072,15946,48079
2016-08-30 00:00,48029,32182,15847,47902
2016-08-29 23:00,46548,30433,16115,46658
2016-08-29 22:00,44541,29141,15400,44884
2016-08-29 21:00,42574,27611,14963,43058
2016-08-29 20:00,40302,26603,13699,41076
2016-08-29 19:00,38630,25939,12691,39451
2016-08-29 18:00,37158,24593,12565,37801
2016-08-29 17:00,35785,23017,12768,36179
2016-08-29 16:00,33922,20199,13723,34699
2016-08-29 15:00,31899,19077,12822,33053
2016-08-29 14:00,29694,19613,10081,31177
2016-08-29 13:00,28180,19292,8888,29056
2016-08-29 12:00,27689,19609,8080,27560
2016-08-29 11:00,27794,20113,7681,27190
2016-08-29 10:00,28295,20673,7622,27623
2016-08-29 09:00,29370,21139,8231,28593
2016-08-29 08:00,31298,22060,9238,30079
2016-08-29 07:00,34248,23849,10399,32395
2016-08-29 06:00,37512,25027,12485,35433
2016-08-29 05:00,39967,26585,13382,38477
2016-08-29 04:00,40558,26629,13929,40400
2016-08-29 03:00,41006,27123,13883,40592
2016-08-29 02:00,41378,27982,13396,41315
2016-08-29 01:00,40634,28446,12188,41445
2016-08-29 00:00,39202,28168,11034,40579
2016-08-28 23:00,37271,27396,9875,39033
2016-08-28 22:00,35606,26812,8794,37143
2016-08-28 21:00,34032,25784,8248,35362
2016-08-28 20:00,32591,25224,7367,33568
2016-08-28 19:00,31451,24726,6725,31963
2016-08-28 18:00,30252,23990,6262,30536
2016-08-28 17:00,29077,22471,6606,29198
2016-08-28 16:00,27315,20309,7006,27896
2016-08-28 15:00,26781,19055,7726,26765
2016-08-28 14:00,26773,18994,7779,26568
2016-08-28 13:00,26604,18741,7863,26312
2016-08-28 12:00,26735,18994,7741,26119
2016-08-28 11:00,27317,19733,7584,26391
2016-08-28 10:00,28175,20623,7552,27060
2016-08-28 09:00,28965,22083,6882,28213
2016-08-28 08:00,30823,24178,6645,29553
2016-08-28 07:00,33151,26580,6571,32011
2016-08-28 06:00,35444,28773,6671,34515
2016-08-28 05:00,37231,29933,7298,37094
2016-08-28 04:00,37408,30631,6777,38794
2016-08-28 03:00,37457,31690,5767,39018
2016-08-28 02:00,37695,33535,4160,39756
2016-08-28 01:00,37528,34485,3043,40074
2016-08-28 00:00,36747,33911,2836,39529
2016-08-27 23:00,35721,33318,2403,38314
2016-08-27 22:00,34590,31981,2609,36991
2016-08-27 21:00,33598,31116,2482,35601
2016-08-27 20:00,33173,30237,2936,34243
2016-08-27 19:00,32787,29601,3186,33031
2016-08-27 18:00,32555,28787,3768,31947
2016-08-27 17:00,31441,27992,3449,30796
2016-08-27 16:00,29626,26179,3447,29544
2016-08-27 15:00,28733,24438,4295,28134
2016-08-27 14:00,28066,22968,5098,27707
2016-08-27 13:00,27552,21523,6029,27280
2016-08-27 12:00,27481,21129,6352,26933
2016-08-27 11:00,27947,21321,6626,27107
2016-08-27 10:00,28860,22237,6623,27774
2016-08-27 09:00,30199,23483,6716,28997
2016-08-27 08:00,31654,24560,7094,30715
2016-08-27 07:00,34177,26777,7400,33326
2016-08-27 06:00,36741,29699,7042,36366
2016-08-27 05:00,38810,32175,6635,39433
2016-08-27 04:00,39429,33714,5715,41357
2016-08-27 03:00,40004,34960,5044,41909
2016-08-27 02:00,41060,37132,3928,43161
2016-08-27 01:00,41576,37330,4246,44211
2016-08-27 00:00,41098,37065,4033,44315
2016-08-26 23:00,40309,35974,4335,43388
2016-08-26 22:00,39314,34804,4510,42244
2016-08-26 21:00,38145,34000,4145,40673
2016-08-26 20:00,37437,32150,5287,39035
2016-08-26 19:00,36922,31435,5487,38002
2016-08-26 18:00,36256,30245,6011,36870
2016-08-26 17:00,35441,28154,7287,35641
2016-08-26 16:00,33918,26006,7912,34371
2016-08-26 15:00,32270,24449,7821,32956
2016-08-26 14:00,30486,23107,7379,31313
2016-08-26 13:00,29151,21897,7254,29364
2016-08-26 12:00,28599,21804,6795,28166
2016-08-26 11:00,28889,21982,6907,27999
2016-08-26 10:00,29579,22723,6856,28583
2016-08-26 09:00,30928,23900,7028,29769
2016-08-26 08:00,32525,25240,7285,31541
2016-08-26 07:00,35477,27803,7674,34271
2016-08-26 06:00,39004,30841,8163,37750
2016-08-26 05:00,41840,33162,8678,41588
2016-08-26 04:00,42760,34643,8117,44182
2016-08-26 03:00,43517,35614,7903,44736
2016-08-26 02:00,44683,37767,6916,46166
2016-08-26 01:00,45139,38672,6467,47309
2016-08-26 00:00,44545,37996,6549,47166
2016-08-25 23:00,43288,37733,5555,45880
2016-08-25 22:00,41931,36072,5859,44427
2016-08-25 21:00,40352,34341,6011,42480
2016-08-25 20:00,39198,32724,6474,40526
2016-08-25 19:00,38288,31437,6851,39156
2016-08-25 18:00,37113,29898,7215,37757
2016-08-25 17:00,35899,28290,7609,36328
2016-08-25 16:00,34289,26682,7607,35024
2016-08-25 15:00,32891,24704,8187,33478
2016-08-25 14:00,30883,23409,7474,31661
2016-08-25 13:00,29444,21978,7466,29718
2016-08-25 12:00,28930,21705,7225,28449
2016-08-25 11:00,29285,21998,7287,28164
2016-08-25 10:00,30125,23094,7031,28681
2016-08-25 09:00,31685,24268,7417,29783
2016-08-25 08:00,33525,25630,7895,31539
2016-08-25 07:00,36755,28135,8620,34893
2016-08-25 06:00,40550,30742,9808,38634
2016-08-25 05:00,43803,33113,10690,42531
2016-08-25 04:00,44986,33578,11408,44876
2016-08-25 03:00,45994,34682,11312,45672
2016-08-25 02:00,47263,36498,10765,47440
2016-08-25 01:00,47695,37825,9870,48418
2016-08-25 00:00,46931,37798,9133,48163
2016-08-24 23:00,45350,36785,8565,47032
2016-08-24 22:00,43409,35032,8377,45426
2016-08-24 21:00,41533,33578,7955,43513
2016-08-24 20:00,40024,32731,7293,41522
2016-08-24 19:00,38603,31354,7249,40085
2016-08-24 18:00,37152,29842,7310,38609
2016-08-24 17:00,35785,28276,7509,36970
2016-08-24 16:00,34420,25792,8628,35363
2016-08-24 15:00,32602,24048,8554,33712
2016-08-24 14:00,30597,22609,7988,31904
2016-08-24 13:00,29090,21755,7335,29962
2016-08-24 12:00,28754,21548,7206,28587
2016-08-24 11:00,29049,21719,7330,28372
2016-08-24 10:00,30131,22629,7502,28861
2016-08-24 09:00,31556,23531,8025,30055
2016-08-24 08:00,33677,24903,8774,31991
2016-08-24 07:00,36868,27338,9530,34606
2016-08-24 06:00,40625,29606,11019,38076
2016-08-24 05:00,43756,31908,11848,41596
2016-08-24 04:00,44728,32888,11840,44067
2016-08-24 03:00,45645,34754,10891,44653
2016-08-24 02:00,46848,37104,9744,46224
2016-08-24 01:00,47209,37936,9273,47389
2016-08-24 00:00,46367,37919,8448,47279
2016-08-23 23:00,45133,37035,8098,46187
2016-08-23 22:00,43389,35354,8035,44692
2016-08-23 21:00,41771,33802,7969,42764
2016-08-23 20:00,40288,32701,7587,40879
2016-08-23 19:00,38871,31086,7785,39306
2016-08-23 18:00,37415,29575,7840,37953
2016-08-23 17:00,36020,27388,8632,36591
2016-08-23 16:00,34269,25596,8673,35181
2016-08-23 15:00,32505,24199,8306,33601
2016-08-23 14:00,30445,22436,8009,31750
2016-08-23 13:00,29138,20878,8260,29907
2016-08-23 12:00,28942,20301,8641,28536
2016-08-23 11:00,29314,20343,8971,28235
2016-08-23 10:00,30015,20870,9145,28738
2016-08-23 09:00,31276,22010,9266,29941
2016-08-23 08:00,33359,23595,9764,31608
2016-08-23 07:00,36619,25768,10851,35045
2016-08-23 06:00,40497,28189,12308,38689
2016-08-23 05:00,43518,30931,12587,42428
2016-08-23 04:00,44506,31430,13076,44855
2016-08-23 03:00,45563,32443,13120,45624
2016-08-23 02:00,46830,33779,13051,47166
2016-08-23 01:00,47288,34348,12940,48416
2016-08-23 00:00,46588,33962,12626,48195
2016-08-22 23:00,45302,32080,13222,47090
2016-08-22 22:00,43923,30022,13901,45557
2016-08-22 21:00,42282,28204,14078,43774
2016-08-22 20:00,41148,27235,13913,41820
2016-08-22 19:00,39716,25546,14170,40273
2016-08-22 18:00,38068,24391,13677,38687
2016-08-22 17:00,36144,22965,13179,37071
2016-08-22 16:00,34691,20859,13832,35507
2016-08-22 15:00,32804,19408,13396,33835
2016-08-22 14:00,30500,19826,10674,31899
2016-08-22 13:00,29092,19684,9408,29652
2016-08-22 12:00,28444,20316,8128,28211
2016-08-22 11:00,28640,21136,7504,27884
2016-08-22 10:00,29296,22336,6960,28369
2016-08-22 09:00,30539,23492,7047,29413
2016-08-22 08:00,32365,25274,7091,31330
2016-08-22 07:00,35402,27205,8197,33419
2016-08-22 06:00,38857,29701,9156,36655
2016-08-22 05:00,41438,30897,10541,39898
2016-08-22 04:00,42089,32193,9896,41887
2016-08-22 03:00,42789,34280,8509,42098
2016-08-22 02:00,43419,36038,7381,43071
2016-08-22 01:00,43018,36594,6424,43370
2016-08-22 00:00,42021,36374,5647,42646
2016-08-21 23:00,40326,35521,4805,41149
2016-08-21 22:00,38340,33872,4468,39154
2016-08-21 21:00,36317,31771,4546,37101
2016-08-21 20:00,34783,29975,4808,35256
2016-08-21 19:00,33106,28590,4516,33558
2016-08-21 18:00,31698,27455,4243,31846
2016-08-21 17:00,30303,25931,4372,30246
2016-08-21 16:00,28689,22676,6013,28760
2016-08-21 15:00,27833,21365,6468,27506
2016-08-21 14:00,27742,21174,6568,27240
2016-08-21 13:00,27710,20819,6891,27225
2016-08-21 12:00,27957,20743,7214,27163
2016-08-21 11:00,28599,21800,6799,27593
2016-08-21 10:00,29487,23134,6353,28452
2016-08-21 09:00,31143,24350,6793,29789
2016-08-21 08:00,33455,25924,7531,31682
2016-08-21 07:00,36083,29038,7045,34704
2016-08-21 06:00,38751,33249,5502,37702
2016-08-21 05:00,40887,35047,5840,40651
2016-08-21 04:00,41637,36209,5428,42660
2016-08-21 03:00,42679,38648,4031,43168
2016-08-21 02:00,43732,40680,3052,44504
2016-08-21 01:00,44002,41840,2162,45344
2016-08-21 00:00,43107,41862,1245,44731
2016-08-20 23:00,41790,40414,1376,43451
2016-08-20 22:00,40184,38135,2049,41688
2016-08-20 21:00,38487,35955,2532,39721
2016-08-20 20:00,36868,33724,3144,37824
2016-08-20 19:00,35705,32459,3246,36027
2016-08-20 18:00,34270,30530,3740,34357
2016-08-20 17:00,32896,29031,3865,32681
2016-08-20 16:00,30896,26439,4457,31032
2016-08-20 15:00,29864,24296,5568,29489
2016-08-20 14:00,29135,22529,6606,28937
2016-08-20 13:00,28761,21748,7013,28550
2016-08-20 12:00,28650,21273,7377,28229
2016-08-20 11:00,29331,21850,7481,28518
2016-08-20 10:00,30613,22811,7802,29339
2016-08-20 09:00,32454,23694,8760,30703
2016-08-20 08:00,35034,25326,9708,32816
2016-08-20 07:00,38177,29301,8876,35986
2016-08-20 06:00,41485,34370,7115,39567
2016-08-20 05:00,44109,37597,6512,43179
2016-08-20 04:00,45403,38906,6497,45483
2016-08-20 03:00,47079,41529,5550,46466
2016-08-20 02:00,48785,43977,4808,48466
2016-08-20 01:00,49455,44469,4986,49658
2016-08-20 00:00,48783,43169,5614,49941
2016-08-19 23:00,47397,42086,5311,48834
2016-08-19 22:00,45432,39496,5936,47172
2016-08-19 21:00,43631,36978,6653,45034
2016-08-19 20:00,41948,34538,7410,42836
2016-08-19 19:00,40199,32952,7247,41166
2016-08-19 18:00,38534,31054,7480,39408
2016-08-19 17:00,37053,28885,8168,37608
2016-08-19 16:00,35248,26927,8321,35896
2016-08-19 15:00,33173,25377,7796,34114
2016-08-19 14:00,31224,22845,8379,32320
2016-08-19 13:00,30179,21937,8242,30438
2016-08-19 12:00,29769,21482,8287,29202
2016-08-19 11:00,30216,22166,8050,29126
2016-08-19 10:00,31199,22990,8209,29832
2016-08-19 09:00,32779,24176,8603,31200
2016-08-19 08:00,35286,26596,8690,33320
2016-08-19 07:00,39004,30419,8585,36512
2016-08-19 06:00,43198,35230,7968,40441
2016-08-19 05:00,46465,39034,7431,44587
2016-08-19 04:00,47853,41733,6120,47251
2016-08-19 03:00,49575,43948,5627,48099
2016-08-19 02:00,51122,45682,5440,49968
2016-08-19 01:00,51624,46184,5440,51530
2016-08-19 00:00,50782,45496,5286,51472
2016-08-18 23:00,48970,43499,5471,50225
2016-08-18 22:00,46771,40492,6279,48440
2016-08-18 21:00,44398,38620,5778,46168
2016-08-18 20:00,42412,35701,6711,43812
2016-08-18 19:00,40452,33798,6654,41900
2016-08-18 18:00,38670,31179,7491,39931
2016-08-18 17:00,36941,29114,7827,38102
2016-08-18 16:00,35237,26276,8961,36313
2016-08-18 15:00,33385,24565,8820,34559
2016-08-18 14:00,31299,23274,8025,32785
2016-08-18 13:00,30175,22359,7816,31102
2016-08-18 12:00,29920,21783,8137,29879
2016-08-18 11:00,30467,22235,8232,29772
2016-08-18 10:00,31550,23168,8382,30470
2016-08-18 09:00,33257,25104,8153,31807
2016-08-18 08:00,36043,28239,7804,33936
2016-08-18 07:00,40078,32416,7662,38133
2016-08-18 06:00,44656,38322,6334,42587
2016-08-18 05:00,48323,41780,6543,47126
2016-08-18 04:00,49990,43325,6665,50178
2016-08-18 03:00,51765,46102,5663,51518
2016-08-18 02:00,53090,48291,4799,53716
2016-08-18 01:00,53281,49382,3899,55018
2016-08-18 00:00,52278,47858,4420,54888
2016-08-17 23:00,50363,45501,4862,53654
2016-08-17 22:00,48063,43647,4416,51949
2016-08-17 21:00,45421,40528,4893,49190
2016-08-17 20:00,43207,37528,5679,46495
2016-08-17 19:00,41221,35581,5640,44042
2016-08-17 18:00,39068,33009,6059,41586
2016-08-17 17:00,37136,30813,6323,39323
2016-08-17 16:00,35193,27832,7361,37127
2016-08-17 15:00,33434,25030,8404,34937
2016-08-17 14:00,31819,23881,7938,32822
2016-08-17 13:00,30579,22585,7994,31127
2016-08-17 12:00,30119,22481,7638,29773
2016-08-17 11:00,30291,23239,7052,29765
2016-08-17 10:00,31315,24157,7158,30649
2016-08-17 09:00,33491,25381,8110,32105
2016-08-17 08:00,36476,28064,8412,34509
2016-08-17 07:00,40425,31838,8587,39564
2016-08-17 06:00,44976,36361,8615,43883
2016-08-17 05:00,48446,40789,7657,48457
2016-08-17 04:00,50186,42986,7200,51140
2016-08-17 03:00,52131,45686,6445,52800
2016-08-17 02:00,53666,47847,5819,54764
2016-08-17 01:00,54016,48494,5522,56217
2016-08-17 00:00,52898,47372,5526,55940
2016-08-16 23:00,50868,45900,4968,54550
2016-08-16 22:00,48699,43977,4722,52392
2016-08-16 21:00,46512,41962,4550,49876
2016-08-16 20:00,44069,39003,5066,47031
2016-08-16 19:00,42024,36257,5767,44740
2016-08-16 18:00,39837,34308,5529,42424
2016-08-16 17:00,37924,31742,6182,40086
2016-08-16 16:00,35565,28815,6750,37974
2016-08-16 15:00,33505,26197,7308,35835
2016-08-16 14:00,31909,24579,7330,33266
2016-08-16 13:00,30381,23544,6837,31755
2016-08-16 12:00,30008,23169,6839,30570
2016-08-16 11:00,30635,23780,6855,30518
2016-08-16 10:00,31836,24347,7489,31370
2016-08-16 09:00,33766,25649,8117,32808
2016-08-16 08:00,36630,27667,8963,35192
2016-08-16 07:00,40750,30955,9795,39423
2016-08-16 06:00,45453,34506,10947,43812
2016-08-16 05:00,49362,37244,12118,48373
2016-08-16 04:00,51145,38793,12352,51552
2016-08-16 03:00,52971,40861,12110,52961
2016-08-16 02:00,54304,42573,11731,55618
2016-08-16 01:00,54627,42385,12242,57238
2016-08-16 00:00,53792,40769,13023,57339
2016-08-15 23:00,52478,39422,13056,56136
2016-08-15 22:00,50660,37512,13148,54159
2016-08-15 21:00,48427,35764,12663,51620
2016-08-15 20:00,45854,32754,13100,48745
2016-08-15 19:00,43468,30670,12798,46173
2016-08-15 18:00,41473,28019,13454,43354
2016-08-15 17:00,39046,25836,13210,40753
2016-08-15 16:00,36487,23254,13233,38295
2016-08-15 15:00,34177,21511,12666,35947
2016-08-15 14:00,32250,21378,10872,33772
2016-08-15 13:00,30809,21467,9342,31758
2016-08-15 12:00,30367,21985,8382,30409
2016-08-15 11:00,30934,22598,8336,30211
2016-08-15 10:00,32008,23728,8280,30952
2016-08-15 09:00,34014,25192,8822,32331
2016-08-15 08:00,36843,26763,10080,34183
2016-08-15 07:00,40843,30206,10637,37274
2016-08-15 06:00,44726,32298,12428,41159
2016-08-15 05:00,47837,34514,13323,45092
2016-08-15 04:00,49151,36932,12219,47412
2016-08-15 03:00,50620,39446,11174,48353
2016-08-15 02:00,51184,41064,10120,50134
2016-08-15 01:00,50434,41282,9152,50694
2016-08-15 00:00,48829,40371,8458,50016
2016-08-14 23:00,47039,38386,8653,48440
2016-08-14 22:00,45026,36825,8201,46065
2016-08-14 21:00,42647,35506,7141,43486
2016-08-14 20:00,40000,33183,6817,40888
2016-08-14 19:00,37344,30970,6374,38233
2016-08-14 18:00,34666,28567,6099,35600
2016-08-14 17:00,32344,26568,5776,33065
2016-08-14 16:00,30364,23870,6494,30910
2016-08-14 15:00,29211,21870,7341,28923
2016-08-14 14:00,29002,21773,7229,28277
2016-08-14 13:00,29075,21285,7790,28585
2016-08-14 12:00,29569,21885,7684,28679
2016-08-14 11:00,30514,22710,7804,29248
2016-08-14 10:00,32069,23523,8546,30322
2016-08-14 09:00,33879,24632,9247,31879
2016-08-14 08:00,36347,26572,9775,33786
2016-08-14 07:00,39628,28958,10670,36424
2016-08-14 06:00,42852,32992,9860,39689
2016-08-14 05:00,45497,35462,10035,42886
2016-08-14 04:00,46770,37861,8909,45223
2016-08-14 03:00,48331,39426,8905,46049
2016-08-14 02:00,49257,41184,8073,47997
2016-08-14 01:00,49070,41679,7391,49059
2016-08-14 00:00,47931,40901,7030,48675
2016-08-13 23:00,46202,39470,6732,47253
2016-08-13 22:00,44350,37352,6998,45224
2016-08-13 21:00,42180,35570,6610,42784
2016-08-13 20:00,39932,33828,6104,40441
2016-08-13 19:00,37717,32823,4894,38206
2016-08-13 18:00,35461,30916,4545,36028
2016-08-13 17:00,33694,29232,4462,33852
2016-08-13 16:00,31499,26782,4717,31775
2016-08-13 15:00,30091,24289,5802,29663
2016-08-13 14:00,29498,22623,6875,28981
2016-08-13 13:00,28897,21855,7042,28795
2016-08-13 12:00,29359,21355,8004,28568
2016-08-13 11:00,30226,21982,8244,28942
2016-08-13 10:00,31472,22760,8712,29879
2016-08-13 09:00,33263,24117,9146,31390
2016-08-13 08:00,35772,25508,10264,33442
2016-08-13 07:00,38869,27631,11238,35815
2016-08-13 06:00,42340,30627,11713,39148
2016-08-13 05:00,45105,33203,11902,42553
2016-08-13 04:00,46338,34321,12017,44590
2016-08-13 03:00,47825,36001,11824,45443
2016-08-13 02:00,49239,37401,11838,47263
2016-08-13 01:00,49609,38107,11502,48467
2016-08-13 00:00,48815,37267,11548,48426
2016-08-12 23:00,47445,36370,11075,47392
2016-08-12 22:00,45454,35316,10138,45717
2016-08-12 21:00,43268,33725,9543,43759
2016-08-12 20:00,41717,32510,9207,41677
2016-08-12 19:00,40274,31290,8984,40071
2016-08-12 18:00,38441,30016,8425,38483
2016-08-12 17:00,36646,27970,8676,36858
2016-08-12 16:00,34729,25207,9522,35303
2016-08-12 15:00,32667,23157,9510,33644
2016-08-12 14:00,30826,22031,8795,31816
2016-08-12 13:00,29695,21407,8288,30104
2016-08-12 12:00,29408,20547,8861,28907
2016-08-12 11:00,29841,21019,8822,28776
2016-08-12 10:00,30661,21610,9051,29434
2016-08-12 09:00,32383,22723,9660,30719
2016-08-12 08:00,34652,24180,10472,32417
2016-08-12 07:00,37871,27124,10747,34861
2016-08-12 06:00,41509,29522,11987,38285
2016-08-12 05:00,44166,31283,12883,42010
2016-08-12 04:00,45192,33153,12039,44429
2016-08-12 03:00,46572,34902,11670,45074
2016-08-12 02:00,47678,36873,10805,46807
2016-08-12 01:00,47935,37126,10809,47701
2016-08-12 00:00,46994,36252,10742,47408
2016-08-11 23:00,45500,35104,10396,46105
2016-08-11 22:00,43599,34102,9497,44518
2016-08-11 21:00,41737,32838,8899,42518
2016-08-11 20:00,40390,31682,8708,40612
2016-08-11 19:00,39002,30146,8856,39192
2016-08-11 18:00,37704,28821,8883,37844
2016-08-11 17:00,35934,27146,8788,36498
2016-08-11 16:00,34222,25060,9162,35160
2016-08-11 15:00,32458,22714,9744,33516
2016-08-11 14:00,30570,21435,9135,31814
2016-08-11 13:00,29687,20676,9011,30047
2016-08-11 12:00,28925,20572,8353,28638
2016-08-11 11:00,29309,20569,8740,28358
2016-08-11 10:00,30210,21535,8675,28840
2016-08-11 09:00,31817,23105,8712,29935
2016-08-11 08:00,34048,24110,9938,31538
2016-08-11 07:00,37343,26809,10534,34887
2016-08-11 06:00,40957,29405,11552,38347
2016-08-11 05:00,43703,31433,12270,41999
2016-08-11 04:00,44695,33298,11397,44104
2016-08-11 03:00,46128,34390,11738,44550
2016-08-11 02:00,47281,36019,11262,46142
2016-08-11 01:00,47527,36596,10931,47164
2016-08-11 00:00,46621,36143,10478,47040
2016-08-10 23:00,45189,35346,9843,45941
2016-08-10 22:00,43369,33558,9811,44444
2016-08-10 21:00,41847,32064,9783,42607
2016-08-10 20:00,40409,31113,9296,40741
2016-08-10 19:00,38925,30028,8897,39239
2016-08-10 18:00,37481,28635,8846,37790
2016-08-10 17:00,36067,27076,8991,36359
2016-08-10 16:00,34359,24448,9911,34994
2016-08-10 15:00,32456,22166,10290,33429
2016-08-10 14:00,30735,21367,9368,31658
2016-08-10 13:00,29510,21040,8470,30004
2016-08-10 12:00,29074,20809,8265,28714
2016-08-10 11:00,29073,21083,7990,28503
2016-08-10 10:00,30361,21942,8419,29072
2016-08-10 09:00,32159,22775,9384,30253
2016-08-10 08:00,34298,24623,9675,31856
2016-08-10 07:00,37669,26831,10838,34914
2016-08-10 06:00,41381,29787,11594,38460
2016-08-10 05:00,44103,31976,12127,42097
2016-08-10 04:00,44930,33606,11324,44112
2016-08-10 03:00,46266,35114,11152,44738
2016-08-10 02:00,47201,36824,10377,46296
2016-08-10 01:00,47122,37985,9137,47435
2016-08-10 00:00,46181,37463,8718,47277
2016-08-09 23:00,44841,36003,8838,46107
2016-08-09 22:00,43109,34193,8916,44538
2016-08-09 21:00,41535,32417,9118,42568
2016-08-09 20:00,40275,30933,9342,40764
2016-08-09 19:00,38869,29749,9120,39363
2016-08-09 18:00,37392,28294,9098,37829
2016-08-09 17:00,35930,26506,9424,36327
2016-08-09 16:00,34102,24456,9646,34952
2016-08-09 15:00,32446,22275,10171,33464
2016-08-09 14:00,30603,21763,8840,31697
2016-08-09 13:00,29421,20545,8876,30003
2016-08-09 12:00,28889,20213,8676,28689
2016-08-09 11:00,29200,20411,8789,28496
2016-08-09 10:00,30138,20976,9162,29117
2016-08-09 09:00,31519,22231,9288,30285
2016-08-09 08:00,33770,23597,10173,32086
2016-08-09 07:00,37057,25975,11082,35381
2016-08-09 06:00,40551,28565,11986,38918
2016-08-09 05:00,43287,30506,12781,42600
2016-08-09 04:00,44342,31323,13019,44725
2016-08-09 03:00,45781,32154,13627,45261
2016-08-09 02:00,46911,33303,13608,46978
2016-08-09 01:00,47153,33379,13774,47969
2016-08-09 00:00,46292,32770,13522,47723
2016-08-08 23:00,44966,31048,13918,46590
2016-08-08 22:00,43329,29948,13381,44947
2016-08-08 21:00,41583,28478,13105,43064
2016-08-08 20:00,40064,27602,12462,41164
2016-08-08 19:00,38658,26720,11938,39697
2016-08-08 18:00,37332,25444,11888,38151
2016-08-08 17:00,35921,23614,12307,36566
2016-08-08 16:00,33915,21421,12494,35085
2016-08-08 15:00,31931,19745,12186,33326
2016-08-08 14:00,30481,19613,10868,31398
2016-08-08 13:00,28982,19592,9390,29567
2016-08-08 12:00,28429,19752,8677,28189
2016-08-08 11:00,28638,20289,8349,27826
2016-08-08 10:00,29366,21069,8297,28308
2016-08-08 09:00,30710,22131,8579,29439
2016-08-08 08:00,32729,23852,8877,30790
2016-08-08 07:00,35772,25841,9931,33196
2016-08-08 06:00,39068,27822,11246,36257
2016-08-08 05:00,41030,28805,12225,39163
2016-08-08 04:00,41650,30361,11289,40653
2016-08-08 03:00,42632,31885,10747,40494
2016-08-08 02:00,42840,33250,9590,41493
2016-08-08 01:00,42174,33551,8623,41642
2016-08-08 00:00,40955,33035,7920,40643
2016-08-07 23:00,39237,31632,7605,39134
2016-08-07 22:00,37626,30642,6984,37384
2016-08-07 21:00,35721,29235,6486,35562
2016-08-07 20:00,33976,27988,5988,33922
2016-08-07 19:00,32240,26834,5406,32523
2016-08-07 18:00,30968,25590,5378,31170
2016-08-07 17:00,29726,24232,5494,29860
2016-08-07 16:00,28473,22297,6176,28644
2016-08-07 15:00,27857,20959,6898,27456
2016-08-07 14:00,27614,20629,6985,27128
2016-08-07 13:00,27533,20631,6902,27415
2016-08-07 12:00,27751,20786,6965,27356
2016-08-07 11:00,28316,21264,7052,27668
2016-08-07 10:00,29155,22277,6878,28477
2016-08-07 09:00,30830,23596,7234,29682
2016-08-07 08:00,33057,25496,7561,31119
2016-08-07 07:00,35681,27497,8184,32752
2016-08-07 06:00,38320,29892,8428,35558
2016-08-07 05:00,40219,31043,9176,38564
2016-08-07 04:00,40858,32744,8114,40100
2016-08-07 03:00,42028,34133,7895,40505
2016-08-07 02:00,42768,36145,6623,41807
2016-08-07 01:00,42453,37050,5403,42414
2016-08-07 00:00,41548,36700,4848,41925
2016-08-06 23:00,40021,35861,4160,40637
2016-08-06 22:00,38752,34699,4053,39091
2016-08-06 21:00,37488,32988,4500,37379
2016-08-06 20:00,36289,31575,4714,35860
2016-08-06 19:00,34977,30581,4396,34413
2016-08-06 18:00,33728,29548,4180,33007
2016-08-06 17:00,32370,28440,3930,31646
2016-08-06 16:00,30649,25893,4756,30235
2016-08-06 15:00,29569,23674,5895,28718
2016-08-06 14:00,29363,22774,6589,28041
2016-08-06 13:00,29000,22144,6856,27778
2016-08-06 12:00,28937,21932,7005,27562
2016-08-06 11:00,29587,22282,7305,27812
2016-08-06 10:00,30719,23488,7231,28497
2016-08-06 09:00,32236,24111,8125,29879
2016-08-06 08:00,34585,25780,8805,31633
2016-08-06 07:00,37401,28310,9091,35162
2016-08-06 06:00,40333,31432,8901,38348
2016-08-06 05:00,42417,33579,8838,41350
2016-08-06 04:00,43206,35129,8077,42922
2016-08-06 03:00,44595,37275,7320,43313
2016-08-06 02:00,45807,39117,6690,44971
2016-08-06 01:00,46020,40155,5865,46137
2016-08-06 00:00,45668,39432,6236,46097
2016-08-05 23:00,44410,37896,6514,45164
2016-08-05 22:00,42931,36847,6084,43839
2016-08-05 21:00,41723,35384,6339,42117
2016-08-05 20:00,40406,34270,6136,40456
2016-08-05 19:00,39102,32758,6344,39409
2016-08-05 18:00,38109,31147,6962,38165
2016-08-05 17:00,36916,29754,7162,36814
2016-08-05 16:00,35013,27775,7238,35501
2016-08-05 15:00,33289,25517,7772,33905
2016-08-05 14:00,31684,23548,8136,32123
2016-08-05 13:00,30446,23171,7275,30547
2016-08-05 12:00,29673,23076,6597,29388
2016-08-05 11:00,30077,23475,6602,29195
2016-08-05 10:00,31093,23321,7772,29874
2016-08-05 09:00,32490,24406,8084,31125
2016-08-05 08:00,34980,25972,9008,32809
2016-08-05 07:00,38298,28696,9602,36218
2016-08-05 06:00,41798,33704,8094,39771
2016-08-05 05:00,44070,34339,9731,43279
2016-08-05 04:00,44829,37263,7566,45120
2016-08-05 03:00,46417,38907,7510,45297
2016-08-05 02:00,47763,40778,6985,47129
2016-08-05 01:00,48244,41540,6704,48414
2016-08-05 00:00,47680,41498,6182,48513
2016-08-04 23:00,46439,39781,6658,47566
2016-08-04 22:00,44930,37927,7003,46224
2016-08-04 21:00,43431,36401,7030,44591
2016-08-04 20:00,41894,34415,7479,42680
2016-08-04 19:00,40421,32982,7439,41385
2016-08-04 18:00,38758,31274,7484,39762
2016-08-04 17:00,37177,29714,7463,38106
2016-08-04 16:00,35434,26803,8631,36584
2016-08-04 15:00,33447,24655,8792,34889
2016-08-04 14:00,31591,22457,9134,33072
2016-08-04 13:00,30701,22264,8437,31157
2016-08-04 12:00,30115,22126,7989,29860
2016-08-04 11:00,30537,22647,7890,29702
2016-08-04 10:00,31159,23238,7921,30434
2016-08-04 09:00,32758,24320,8438,31784
2016-08-04 08:00,35117,26411,8706,33693
2016-08-04 07:00,38753,29307,9446,37385
2016-08-04 06:00,44717,33273,11444,41201
2016-08-04 05:00,45585,34868,10717,45076
2016-08-04 04:00,47598,36330,11268,47172
2016-08-04 03:00,49136,38357,10779,47784
2016-08-04 02:00,50498,40147,10351,49839
2016-08-04 01:00,51043,41014,10029,51093
2016-08-04 00:00,50367,40566,9801,51067
2016-08-03 23:00,48912,39125,9787,49968
2016-08-03 22:00,46921,37441,9480,48248
2016-08-03 21:00,45295,35700,9595,46394
2016-08-03 20:00,43737,34033,9704,44149
2016-08-03 19:00,41828,32032,9796,42494
2016-08-03 18:00,39886,29744,10142,40732
2016-08-03 17:00,38108,28187,9921,38823
2016-08-03 16:00,35944,26257,9687,37145
2016-08-03 15:00,33908,24117,9791,35361
2016-08-03 14:00,32010,22695,9315,33410
2016-08-03 13:00,30996,21704,9292,31685
2016-08-03 12:00,30546,21603,8943,30395
2016-08-03 11:00,30889,22173,8716,30257
2016-08-03 10:00,31966,22811,9155,30948
2016-08-03 09:00,33833,24250,9583,32278
2016-08-03 08:00,36620,26562,10058,34379
2016-08-03 07:00,40383,29723,10660,36739
2016-08-03 06:00,44330,33703,10627,40499
2016-08-03 05:00,46936,35256,11680,44386
2016-08-03 04:00,48105,36835,11270,46586
2016-08-03 03:00,49876,39098,10778,47203
2016-08-03 02:00,51105,40900,10205,49127
2016-08-03 01:00,51333,42086,9247,50240
2016-08-03 00:00,50345,41367,8978,50300
2016-08-02 23:00,48937,39906,9031,49286
2016-08-02 22:00,47022,37943,9079,47587
2016-08-02 21:00,44894,36538,8356,45591
2016-08-02 20:00,43249,34774,8475,43421
2016-08-02 19:00,41481,33301,8180,41758
2016-08-02 18:00,39710,31048,8662,40059
2016-08-02 17:00,38170,29041,9129,38260
2016-08-02 16:00,36404,26804,9600,36315
2016-08-02 15:00,34435,24086,10349,34472
2016-08-02 14:00,32400,22710,9690,32624
2016-08-02 13:00,30980,21491,9489,30885
2016-08-02 12:00,30511,21177,9334,29616
2016-08-02 11:00,31034,21199,9835,29494
2016-08-02 10:00,31919,21570,10349,30234
2016-08-02 09:00,33685,23221,10464,31549
2016-08-02 08:00,36418,25950,10468,33883
2016-08-02 07:00,40075,28463,11612,37088
2016-08-02 06:00,44004,31107,12897,40626
2016-08-02 05:00,46625,33744,12881,44728
2016-08-02 04:00,47715,34266,13449,46803
2016-08-02 03:00,49589,36543,13046,47733
2016-08-02 02:00,50893,37457,13436,49575
2016-08-02 01:00,51409,37332,14077,50842
2016-08-02 00:00,50773,36644,14129,50773
2016-08-01 23:00,49508,35584,13924,49821
2016-08-01 22:00,47974,33898,14076,48367
2016-08-01 21:00,46034,32264,13770,46462
2016-08-01 20:00,44288,30598,13690,44357
2016-08-01 19:00,42380,28797,13583,42666
2016-08-01 18:00,40363,26944,13419,40799
2016-08-01 17:00,38654,25093,13561,38856
2016-08-01 16:00,36576,22504,14072,36868
2016-08-01 15:00,34111,20876,13235,34813
2016-08-01 14:00,32105,20971,11134,32720
2016-08-01 13:00,30604,20480,10124,30992
2016-08-01 12:00,30040,21157,8883,29639
2016-08-01 11:00,30397,21961,8436,29376
2016-08-01 10:00,31199,23176,8023,29990
2016-08-01 09:00,32871,24945,7926,31255
2016-08-01 08:00,35392,26698,8694,33040
2016-08-01 07:00,38645,29821,8824,35859
2016-08-01 06:00,42014,33050,8964,39572
2016-08-01 05:00,44113,35520,8593,43176
2016-08-01 04:00,45059,36473,8586,44785
2016-08-01 03:00,46584,38739,7845,45785
2016-08-01 02:00,47306,39975,7331,47133
2016-08-01 01:00,47130,41026,6104,47384
2016-08-01 00:00,46196,40581,5615,46573
2016-07-31 23:00,44536,39032,5504,45962
2016-07-31 22:00,42861,37588,5273,44385
2016-07-31 21:00,41014,35424,5590,42239
2016-07-31 20:00,38903,33752,5151,39943
2016-07-31 19:00,36801,31647,5154,37780
2016-07-31 18:00,34561,29090,5471,35198
2016-07-31 17:00,32677,26137,6540,32809
2016-07-31 16:00,30939,24176,6763,30861
2016-07-31 15:00,30002,22527,7475,29347
2016-07-31 14:00,29975,22990,6985,28713
2016-07-31 13:00,30063,22906,7157,28984
2016-07-31 12:00,30544,22904,7640,29112
2016-07-31 11:00,31222,23980,7242,29698
2016-07-31 10:00,32700,25857,6843,30765
2016-07-31 09:00,34764,28132,6632,32408
2016-07-31 08:00,37589,30462,7127,34420
2016-07-31 07:00,40814,34581,6233,38157
2016-07-31 06:00,44118,39119,4999,41554
2016-07-31 05:00,46443,43283,3160,44832
2016-07-31 04:00,47563,44548,3015,46728
2016-07-31 03:00,49207,47297,1910,48186
2016-07-31 02:00,50458,49764,694,50138
2016-07-31 01:00,50910,50386,524,51198
2016-07-31 00:00,50378,50686,-308,51189
2016-07-30 23:00,49032,49543,-511,50311
2016-07-30 22:00,47391,47643,-252,48781
2016-07-30 21:00,45269,44209,1060,46681
2016-07-30 20:00,43512,41488,2024,44247
2016-07-30 19:00,41319,38689,2630,41766
2016-07-30 18:00,38870,36054,2816,39031
2016-07-30 17:00,36296,33317,2979,36372
2016-07-30 16:00,33673,29609,4064,33984
2016-07-30 15:00,32225,27061,5164,32041
2016-07-30 14:00,31813,25395,6418,30854
2016-07-30 13:00,31658,24460,7198,30723
2016-07-30 12:00,31999,24563,7436,30629
2016-07-30 11:00,33086,25034,8052,31207
2016-07-30 10:00,34735,26055,8680,32411
2016-07-30 09:00,37124,28076,9048,34191
2016-07-30 08:00,40305,30835,9470,36355
2016-07-30 07:00,44054,35088,8966,40718
2016-07-30 06:00,47989,40884,7105,44990
2016-07-30 05:00,50541,45014,5527,49239
2016-07-30 04:00,51921,46835,5086,51661
2016-07-30 03:00,54149,48969,5180,53323
2016-07-30 02:00,55870,51231,4639,55580
2016-07-30 01:00,56451,51447,5004,57422
2016-07-30 00:00,55958,51396,4562,57454
2016-07-29 23:00,55052,50771,4281,56375
2016-07-29 22:00,53245,47794,5451,54596
2016-07-29 21:00,50888,44781,6107,52434
2016-07-29 20:00,48567,42042,6525,49791
2016-07-29 19:00,45831,38834,6997,47438
2016-07-29 18:00,42959,35916,7043,44861
2016-07-29 17:00,40434,33446,6988,42163
2016-07-29 16:00,37545,30371,7174,39548
2016-07-29 15:00,35357,27422,7935,36872
2016-07-29 14:00,33709,25391,8318,34671
2016-07-29 13:00,32748,24940,7808,33219
2016-07-29 12:00,32578,24506,8072,32323
2016-07-29 11:00,33154,25144,8010,32357
2016-07-29 10:00,34536,26206,8330,33321
2016-07-29 09:00,36807,28240,8567,34727
2016-07-29 08:00,40054,31562,8492,36983
2016-07-29 07:00,44284,35699,8585,40952
2016-07-29 06:00,48703,41109,7594,45331
2016-07-29 05:00,51401,44395,7006,49929
2016-07-29 04:00,52755,47108,5647,52669
2016-07-29 03:00,54579,49176,5403,54451
2016-07-29 02:00,56224,51502,4722,56785
2016-07-29 01:00,56693,52434,4259,58305
2016-07-29 00:00,56039,51723,4316,58431
2016-07-28 23:00,54825,50681,4144,57425
2016-07-28 22:00,52726,48687,4039,55899
2016-07-28 21:00,50182,46126,4056,53661
2016-07-28 20:00,47864,43020,4844,50783
2016-07-28 19:00,45396,39499,5897,48347
2016-07-28 18:00,42803,36672,6131,45592
2016-07-28 17:00,40270,33517,6753,42758
2016-07-28 16:00,37773,30086,7687,40132
2016-07-28 15:00,35256,27158,8098,37522
2016-07-28 14:00,33627,24671,8956,35018
2016-07-28 13:00,32636,23910,8726,33468
2016-07-28 12:00,32171,23931,8240,32280
2016-07-28 11:00,32997,24407,8590,32207
2016-07-28 10:00,34591,25510,9081,33124
2016-07-28 09:00,36999,27486,9513,34753
2016-07-28 08:00,40360,30209,10151,36953
2016-07-28 07:00,44742,34728,10014,40625
2016-07-28 06:00,49370,39162,10208,45118
2016-07-28 05:00,52334,42020,10314,49798
2016-07-28 04:00,53627,44293,9334,52406
2016-07-28 03:00,55596,46650,8946,53611
2016-07-28 02:00,57045,48201,8844,56184
2016-07-28 01:00,57747,48779,8968,57608
2016-07-28 00:00,57244,48204,9040,57740
2016-07-27 23:00,56162,47324,8838,56489
2016-07-27 22:00,54283,45575,8708,54720
2016-07-27 21:00,51579,42923,8656,52487
2016-07-27 20:00,49201,40450,8751,49617
2016-07-27 19:00,46470,37432,9038,47154
2016-07-27 18:00,43611,34363,9248,44566
2016-07-27 17:00,40907,32135,8772,41897
2016-07-27 16:00,38221,29099,9122,39513
2016-07-27 15:00,35481,26168,9313,36904
2016-07-27 14:00,33599,24217,9382,34338
2016-07-27 13:00,32591,22806,9785,32765
2016-07-27 12:00,32393,22804,9589,31565
2016-07-27 11:00,33265,23875,9390,31493
2016-07-27 10:00,34583,24836,9747,32288
2016-07-27 09:00,36622,26700,9922,33779
2016-07-27 08:00,39784,30431,9353,36358
2016-07-27 07:00,44106,35089,9017,39172
2016-07-27 06:00,48824,38909,9915,43576
2016-07-27 05:00,52005,41152,10853,48256
2016-07-27 04:00,53675,42661,11014,50754
2016-07-27 03:00,55658,45486,10172,52133
2016-07-27 02:00,57027,47596,9431,54255
2016-07-27 01:00,57345,48035,9310,55604
2016-07-27 00:00,56701,47379,9322,55678
2016-07-26 23:00,55545,45962,9583,54717
2016-07-26 22:00,53426,43963,9463,52838
2016-07-26 21:00,50643,41800,8843,50430
2016-07-26 20:00,48335,39507,8828,47567
2016-07-26 19:00,45476,37367,8109,45157
2016-07-26 18:00,42735,35087,7648,42372
2016-07-26 17:00,40189,32220,7969,39776
2016-07-26 16:00,37564,28947,8617,37469
2016-07-26 15:00,35014,25869,9145,35203
2016-07-26 14:00,33321,24903,8418,32925
2016-07-26 13:00,32087,23837,8250,31400
2016-07-26 12:00,31782,23718,8064,30299
2016-07-26 11:00,32445,24303,8142,30216
2016-07-26 10:00,33642,25747,7895,31019
2016-07-26 09:00,35551,27570,7981,32511
2016-07-26 08:00,38484,29211,9273,34540
2016-07-26 07:00,42572,32330,10242,38762
2016-07-26 06:00,47222,35310,11912,43141
2016-07-26 05:00,50363,38064,12299,47630
2016-07-26 04:00,51601,40010,11591,49951
2016-07-26 03:00,53726,41616,12110,51316
2016-07-26 02:00,54980,42214,12766,53374
2016-07-26 01:00,55292,42142,13150,54522
2016-07-26 00:00,54614,41300,13314,54414
2016-07-25 23:00,53121,39910,13211,53163
2016-07-25 22:00,51164,38433,12731,51254
2016-07-25 21:00,48374,36244,12130,48997
2016-07-25 20:00,46048,34474,11574,46486
2016-07-25 19:00,43719,32345,11374,44514
2016-07-25 18:00,41138,29377,11761,42404
2016-07-25 17:00,39020,26412,12608,40106
2016-07-25 16:00,36617,23851,12766,37804
2016-07-25 15:00,33904,22000,11904,35468
2016-07-25 14:00,32136,22158,9978,33088
2016-07-25 13:00,30756,22241,8515,31347
2016-07-25 12:00,30352,22708,7644,30069
2016-07-25 11:00,30869,23632,7237,29882
2016-07-25 10:00,32094,25127,6967,30579
2016-07-25 09:00,34154,26567,7587,31990
2016-07-25 08:00,36956,27382,9574,34232
2016-07-25 07:00,41028,30200,10828,37544
2016-07-25 06:00,45316,33975,11341,41789
2016-07-25 05:00,48021,36081,11940,45810
2016-07-25 04:00,49480,37879,11601,47663
2016-07-25 03:00,51038,39527,11511,48959
2016-07-25 02:00,51518,40710,10808,50876
2016-07-25 01:00,50823,41488,9335,51549
2016-07-25 00:00,49399,41301,8098,50900
2016-07-24 23:00,47500,40421,7079,49354
2016-07-24 22:00,45275,39102,6173,47184
2016-07-24 21:00,42775,37388,5387,44666
2016-07-24 20:00,40427,35378,5049,41863
2016-07-24 19:00,38045,32543,5502,39229
2016-07-24 18:00,35321,29402,5919,36402
2016-07-24 17:00,32945,26676,6269,33617
2016-07-24 16:00,30881,23766,7115,31160
2016-07-24 15:00,29581,21522,8059,29283
2016-07-24 14:00,29596,21091,8505,28550
2016-07-24 13:00,29719,21435,8284,29006
2016-07-24 12:00,29930,21742,8188,29232
2016-07-24 11:00,30826,22640,8186,29848
2016-07-24 10:00,32291,24101,8190,31021
2016-07-24 09:00,34125,26336,7789,32764
2016-07-24 08:00,36764,29600,7164,34978
2016-07-24 07:00,40394,32971,7423,38671
2016-07-24 06:00,43853,37037,6816,42653
2016-07-24 05:00,46348,39885,6463,46441
2016-07-24 04:00,47949,41503,6446,48587
2016-07-24 03:00,49633,43470,6163,50322
2016-07-24 02:00,50530,45116,5414,52697
2016-07-24 01:00,50693,45544,5149,53887
2016-07-24 00:00,50299,45092,5207,53615
2016-07-23 23:00,49371,43385,5986,52200
2016-07-23 22:00,47891,41256,6635,50034
2016-07-23 21:00,45696,39062,6634,47433
2016-07-23 20:00,43269,37749,5520,44515
2016-07-23 19:00,40525,34969,5556,41739
2016-07-23 18:00,37600,32254,5346,38968
2016-07-23 17:00,35204,29441,5763,36096
2016-07-23 16:00,32568,26820,5748,33440
2016-07-23 15:00,30826,23701,7125,31271
2016-07-23 14:00,30593,22763,7830,30020
2016-07-23 13:00,30764,22505,8259,29945
2016-07-23 12:00,30696,22508,8188,29775
2016-07-23 11:00,31703,22917,8786,30227
2016-07-23 10:00,33397,23910,9487,31387
2016-07-23 09:00,35723,25474,10249,33143
2016-07-23 08:00,38840,27757,11083,35692
2016-07-23 07:00,42821,31621,11200,39377
2016-07-23 06:00,46785,35584,11201,43502
2016-07-23 05:00,49630,38466,11164,47573
2016-07-23 04:00,50998,40199,10799,49878
2016-07-23 03:00,52874,43022,9852,51471
2016-07-23 02:00,53958,45522,8436,53883
2016-07-23 01:00,53949,46220,7729,55368
2016-07-23 00:00,53431,44924,8507,55434
2016-07-22 23:00,51589,43160,8429,54146
2016-07-22 22:00,49527,40921,8606,52069
2016-07-22 21:00,47426,38889,8537,49690
2016-07-22 20:00,45506,36768,8738,47012
2016-07-22 19:00,42957,33960,8997,44813
2016-07-22 18:00,40421,31351,9070,42354
2016-07-22 17:00,38208,29231,8977,39842
2016-07-22 16:00,35648,27091,8557,37424
2016-07-22 15:00,32945,24195,8750,35143
2016-07-22 14:00,31600,22864,8736,33029
2016-07-22 13:00,30584,22001,8583,31588
2016-07-22 12:00,30423,21551,8872,30629
2016-07-22 11:00,31155,22116,9039,30594
2016-07-22 10:00,32329,23254,9075,31433
2016-07-22 09:00,34088,24978,9110,32976
2016-07-22 08:00,36824,26481,10343,35156
2016-07-22 07:00,40857,29787,11070,37006
2016-07-22 06:00,45287,33949,11338,41175
2016-07-22 05:00,47825,36507,11318,45268
2016-07-22 04:00,48829,39033,9796,47250
2016-07-22 03:00,50588,40885,9703,48541
2016-07-22 02:00,51715,41816,9899,50544
2016-07-22 01:00,51835,42088,9747,51697
2016-07-22 00:00,51379,41245,10134,51684
2016-07-21 23:00,49888,40021,9867,50612
2016-07-21 22:00,47850,37906,9944,48867
2016-07-21 21:00,45643,35863,9780,46754
2016-07-21 20:00,43462,33253,10209,44404
2016-07-21 19:00,41281,31325,9956,42450
2016-07-21 18:00,38880,29189,9691,40348
2016-07-21 17:00,36564,27575,8989,38266
2016-07-21 16:00,34740,25606,9134,36199
2016-07-21 15:00,32288,22535,9753,34058
2016-07-21 14:00,30435,20890,9545,31855
2016-07-21 13:00,29386,20017,9369,30314
2016-07-21 12:00,29238,19715,9523,29213
2016-07-21 11:00,29877,20061,9816,29076
2016-07-21 10:00,30956,21465,9491,29834
2016-07-21 09:00,32929,22753,10176,31173
2016-07-21 08:00,35885,24645,11240,33310
2016-07-21 07:00,39988,27981,12007,36499
2016-07-21 06:00,44376,31537,12839,40525
2016-07-21 05:00,46990,34020,12970,44512
2016-07-21 04:00,48455,34944,13511,46261
2016-07-21 03:00,50220,36468,13752,47571
2016-07-21 02:00,51004,37925,13079,49365
2016-07-21 01:00,50872,38179,12693,50202
2016-07-21 00:00,49711,37827,11884,49958
2016-07-20 23:00,48155,36610,11545,48817
2016-07-20 22:00,46065,34847,11218,47038
2016-07-20 21:00,43731,32840,10891,45040
2016-07-20 20:00,41698,31304,10394,42940
2016-07-20 19:00,39539,29737,9802,41252
2016-07-20 18:00,37626,28150,9476,39367
2016-07-20 17:00,36072,26480,9592,37552
2016-07-20 16:00,34079,24386,9693,35739
2016-07-20 15:00,31616,21533,10083,33867
2016-07-20 14:00,29905,20240,9665,31726
2016-07-20 13:00,28910,19601,9309,30148
2016-07-20 12:00,28222,19903,8319,28970
2016-07-20 11:00,28637,19996,8641,28821
2016-07-20 10:00,29924,21290,8634,29497
2016-07-20 09:00,31805,22386,9419,30787
2016-07-20 08:00,34474,24190,10284,32615
2016-07-20 07:00,38085,26986,11099,35406
2016-07-20 06:00,42081,30228,11853,39136
2016-07-20 05:00,44420,32092,12328,42770
2016-07-20 04:00,45588,33291,12297,44286
2016-07-20 03:00,47049,35199,11850,45198
2016-07-20 02:00,47812,36299,11513,46666
2016-07-20 01:00,47627,36634,10993,47376
2016-07-20 00:00,46638,36163,10475,47146
2016-07-19 23:00,45084,34130,10954,46051
2016-07-19 22:00,43354,33017,10337,44511
2016-07-19 21:00,41341,31490,9851,42651
2016-07-19 20:00,39815,30498,9317,40796
2016-07-19 19:00,38343,29281,9062,39415
2016-07-19 18:00,36888,28003,8885,37812
2016-07-19 17:00,35342,26067,9275,36254
2016-07-19 16:00,33316,23727,9589,34763
2016-07-19 15:00,31330,21564,9766,33047
2016-07-19 14:00,29668,20754,8914,31004
2016-07-19 13:00,28573,19861,8712,29492
2016-07-19 12:00,28588,19271,9317,28333
2016-07-19 11:00,28737,19578,9159,28143
2016-07-19 10:00,29569,20146,9423,28778
2016-07-19 09:00,30948,21169,9779,29986
2016-07-19 08:00,33480,22508,10972,31675
2016-07-19 07:00,37005,25222,11783,34611
2016-07-19 06:00,40799,27604,13195,38096
2016-07-19 05:00,42858,29276,13582,41619
2016-07-19 04:00,43702,30131,13571,43057
2016-07-19 03:00,44930,31634,13296,43943
2016-07-19 02:00,45494,32430,13064,45406
2016-07-19 01:00,45388,32489,12899,46063
2016-07-19 00:00,44475,31924,12551,45851
2016-07-18 23:00,42947,30374,12573,44725
2016-07-18 22:00,41485,28579,12906,43180
2016-07-18 21:00,39978,27062,12916,41467
2016-07-18 20:00,38768,25777,12991,39802
2016-07-18 19:00,37551,24647,12904,38597
2016-07-18 18:00,36692,23644,13048,37342
2016-07-18 17:00,35341,22670,12671,35911
2016-07-18 16:00,33063,20678,12385,34370
2016-07-18 15:00,31269,18475,12794,32629
2016-07-18 14:00,29624,18322,11302,30470
2016-07-18 13:00,28295,18247,10048,28855
2016-07-18 12:00,27662,18501,9161,27525
2016-07-18 11:00,27742,19029,8713,27222
2016-07-18 10:00,28548,20529,8019,27634
2016-07-18 09:00,29773,22038,7735,28736
2016-07-18 08:00,32104,23862,8242,30321
2016-07-18 07:00,35155,26341,8814,33728
2016-07-18 06:00,38088,28325,9763,37002
2016-07-18 05:00,39730,29632,10098,39864
2016-07-18 04:00,40342,31237,9105,40955
2016-07-18 03:00,41343,33289,8054,41701
2016-07-18 02:00,41460,34317,7143,42842
2016-07-18 01:00,40778,34089,6689,42943
2016-07-18 00:00,39609,33659,5950,42042
2016-07-17 23:00,38175,32109,6066,40567
2016-07-17 22:00,36352,30466,5886,38788
2016-07-17 21:00,34773,28957,5816,36892
2016-07-17 20:00,33595,27638,5957,35088
2016-07-17 19:00,31811,26500,5311,33390
2016-07-17 18:00,30590,24772,5818,31720
2016-07-17 17:00,29551,23501,6050,30028
2016-07-17 16:00,27808,21658,6150,28420
2016-07-17 15:00,26918,19902,7016,27143
2016-07-17 14:00,27082,19523,7559,26564
2016-07-17 13:00,27202,19411,7791,26985
2016-07-17 12:00,27497,19736,7761,27021
2016-07-17 11:00,27884,20285,7599,27464
2016-07-17 10:00,29406,21483,7923,28392
2016-07-17 09:00,31061,23363,7698,29699
2016-07-17 08:00,33124,25565,7559,31536
2016-07-17 07:00,36207,28821,7386,34888
2016-07-17 06:00,39238,31800,7438,37816
2016-07-17 05:00,41065,33761,7304,40613
2016-07-17 04:00,42191,35953,6238,41955
2016-07-17 03:00,43551,38123,5428,43081
2016-07-17 02:00,43977,39405,4572,44467
2016-07-17 01:00,43497,39684,3813,44791
2016-07-17 00:00,42425,38950,3475,44138
2016-07-16 23:00,41375,37537,3838,42769
2016-07-16 22:00,39646,35921,3725,41106
2016-07-16 21:00,37951,33723,4228,39362
2016-07-16 20:00,36643,31947,4696,37655
2016-07-16 19:00,35124,30163,4961,35983
2016-07-16 18:00,33326,28772,4554,34319
2016-07-16 17:00,31781,26981,4800,32604
2016-07-16 16:00,30560,24765,5795,30962
2016-07-16 15:00,29441,22351,7090,29400
2016-07-16 14:00,28960,21343,7617,28434
2016-07-16 13:00,28620,20847,7773,28357
2016-07-16 12:00,28790,20856,7934,28195
2016-07-16 11:00,29330,21310,8020,28529
2016-07-16 10:00,30569,22346,8223,29411
2016-07-16 09:00,32707,23697,9010,30836
2016-07-16 08:00,35559,26347,9212,33147
2016-07-16 07:00,39125,29785,9340,36688
2016-07-16 06:00,42762,33295,9467,40334
2016-07-16 05:00,45230,36142,9088,43735
2016-07-16 04:00,46819,38404,8415,45320
2016-07-16 03:00,48582,40406,8176,46948
2016-07-16 02:00,49510,41623,7887,48905
2016-07-16 01:00,49677,42084,7593,49947
2016-07-16 00:00,48806,41553,7253,49827
2016-07-15 23:00,47230,39831,7399,48702
2016-07-15 22:00,45233,38075,7158,46932
2016-07-15 21:00,43069,35662,7407,44826
2016-07-15 20:00,41187,33527,7660,42548
2016-07-15 19:00,39623,31739,7884,40850
2016-07-15 18:00,38281,29729,8552,38850
2016-07-15 17:00,36379,27546,8833,36949
2016-07-15 16:00,34559,25061,9498,35169
2016-07-15 15:00,32381,22549,9832,33279
2016-07-15 14:00,30613,21385,9228,31403
2016-07-15 13:00,29565,20618,8947,30292
2016-07-15 12:00,29500,20787,8713,29425
2016-07-15 11:00,29932,21006,8926,29432
2016-07-15 10:00,31122,22161,8961,30217
2016-07-15 09:00,33142,23784,9358,31648
2016-07-15 08:00,36126,25988,10138,33715
2016-07-15 07:00,40148,29171,10977,36989
2016-07-15 06:00,44617,32521,12096,41040
2016-07-15 05:00,47447,34730,12717,45080
2016-07-15 04:00,49104,36722,12382,46886
2016-07-15 03:00,50816,38397,12419,48313
2016-07-15 02:00,51856,39469,12387,50142
2016-07-15 01:00,51951,39710,12241,51276
2016-07-15 00:00,51126,39300,11826,51213
2016-07-14 23:00,49392,38143,11249,50185
2016-07-14 22:00,47572,35925,11647,48493
2016-07-14 21:00,45282,33431,11851,46463
2016-07-14 20:00,43107,31729,11378,44243
2016-07-14 19:00,40778,30086,10692,42360
2016-07-14 18:00,38820,28192,10628,40304
2016-07-14 17:00,37029,26808,10221,38218
2016-07-14 16:00,34747,24780,9967,36296
2016-07-14 15:00,32419,21878,10541,34229
2016-07-14 14:00,30639,20730,9909,32014
2016-07-14 13:00,29609,20472,9137,30537
2016-07-14 12:00,29453,20392,9061,29287
2016-07-14 11:00,29799,20788,9011,29171
2016-07-14 10:00,30916,21898,9018,29892
2016-07-14 09:00,32921,22755,10166,31261
2016-07-14 08:00,35810,24492,11318,33355
2016-07-14 07:00,39820,27339,12481,36625
2016-07-14 06:00,44160,30079,14081,40442
2016-07-14 05:00,46781,32415,14366,44181
2016-07-14 04:00,48230,34142,14088,45711
2016-07-14 03:00,49755,35054,14701,46790
2016-07-14 02:00,50638,36056,14582,48464
2016-07-14 01:00,50517,36304,14213,49301
2016-07-14 00:00,49377,35812,13565,49015
2016-07-13 23:00,47562,34478,13084,47755
2016-07-13 22:00,45353,33013,12340,45959
2016-07-13 21:00,42861,31547,11314,43891
2016-07-13 20:00,41138,30628,10510,41898
2016-07-13 19:00,39331,29583,9748,40256
2016-07-13 18:00,37592,28143,9449,38471
2016-07-13 17:00,35963,26972,8991,36649
2016-07-13 16:00,34087,24633,9454,35070
2016-07-13 15:00,31705,21870,9835,33236
2016-07-13 14:00,30261,21031,9230,31151
2016-07-13 13:00,29124,19947,9177,29813
2016-07-13 12:00,28594,19748,8846,28759
2016-07-13 11:00,28954,19964,8990,28606
2016-07-13 10:00,30002,20833,9169,29281
2016-07-13 09:00,31592,22282,9310,30548
2016-07-13 08:00,33906,24131,9775,32404
2016-07-13 07:00,37486,26203,11283,34931
2016-07-13 06:00,41216,28417,12799,38295
2016-07-13 05:00,43277,30405,12872,41589
2016-07-13 04:00,44234,32163,12071,42817
2016-07-13 03:00,45449,34135,11314,43635
2016-07-13 02:00,46080,35309,10771,44929
2016-07-13 01:00,45882,35464,10418,45533
2016-07-13 00:00,45016,34689,10327,45378
2016-07-12 23:00,43530,33203,10327,44373
2016-07-12 22:00,41778,31602,10176,43007
2016-07-12 21:00,39988,30207,9781,41398
2016-07-12 20:00,38878,29239,9639,39931
2016-07-12 19:00,37494,28788,8706,38756
2016-07-12 18:00,36594,27354,9240,37404
2016-07-12 17:00,35256,25904,9352,35931
2016-07-12 16:00,33672,23619,10053,34518
2016-07-12 15:00,31804,20858,10946,32797
2016-07-12 14:00,30139,19964,10175,30838
2016-07-12 13:00,28639,19064,9575,29430
2016-07-12 12:00,27980,18748,9232,28325
2016-07-12 11:00,28457,18873,9584,28160
2016-07-12 10:00,29224,19283,9941,28740
2016-07-12 09:00,30876,20478,10398,29983
2016-07-12 08:00,33428,21464,11964,31788
2016-07-12 07:00,37000,23570,13430,33992
2016-07-12 06:00,40793,25910,14883,37269
2016-07-12 05:00,42922,27355,15567,40516
2016-07-12 04:00,43931,28743,15188,41574
2016-07-12 03:00,45316,30064,15252,43007
2016-07-12 02:00,46053,30385,15668,44009
2016-07-12 01:00,45875,29916,15959,44279
2016-07-12 00:00,44766,29541,15225,43974
2016-07-11 23:00,43228,28537,14691,42935
2016-07-11 22:00,41793,27668,14125,41469
2016-07-11 21:00,40248,26792,13456,40103
2016-07-11 20:00,39104,25992,13112,38770
2016-07-11 19:00,38050,24827,13223,37716
2016-07-11 18:00,36757,23744,13013,36507
2016-07-11 17:00,35409,22444,12965,35335
2016-07-11 16:00,33482,20218,13264,33950
2016-07-11 15:00,31254,18087,13167,32117
2016-07-11 14:00,29173,17485,11688,29940
2016-07-11 13:00,27876,17887,9989,28517
2016-07-11 12:00,27426,18386,9040,27334
2016-07-11 11:00,28009,19116,8893,26983
2016-07-11 10:00,28937,19638,9299,27420
2016-07-11 09:00,30298,21062,9236,28385
2016-07-11 08:00,32133,22028,10105,29579
2016-07-11 07:00,35136,24594,10542,32293
2016-07-11 06:00,38173,26490,11683,35189
2016-07-11 05:00,39347,27520,11827,37770
2016-07-11 04:00,39728,28702,11026,38376
2016-07-11 03:00,40436,30475,9961,38822
2016-07-11 02:00,40367,31762,8605,39610
2016-07-11 01:00,39558,31865,7693,39482
2016-07-11 00:00,38443,31265,7178,38656
2016-07-10 23:00,37059,30430,6629,37399
2016-07-10 22:00,35619,29378,6241,35824
2016-07-10 21:00,34531,28071,6460,34501
2016-07-10 20:00,33312,27010,6302,33203
2016-07-10 19:00,32042,25846,6196,32052
2016-07-10 18:00,30893,25143,5750,30856
2016-07-10 17:00,29236,23581,5655,29690
2016-07-10 16:00,28104,21074,7030,28347
2016-07-10 15:00,27087,18743,8344,27136
2016-07-10 14:00,27481,18575,8906,26461
2016-07-10 13:00,27671,18526,9145,26826
2016-07-10 12:00,27578,18805,8773,26830
2016-07-10 11:00,28302,19505,8797,27128
2016-07-10 10:00,29330,20235,9095,27891
2016-07-10 09:00,30930,21893,9037,29065
2016-07-10 08:00,33232,23814,9418,30569
2016-07-10 07:00,35788,25939,9849,33112
2016-07-10 06:00,38460,28513,9947,35836
2016-07-10 05:00,39814,29996,9818,38188
2016-07-10 04:00,40689,31116,9573,38915
2016-07-10 03:00,41906,33002,8904,39609
2016-07-10 02:00,42382,33766,8616,40786
2016-07-10 01:00,42113,34248,7865,41115
2016-07-10 00:00,41305,33805,7500,40655
2016-07-09 23:00,40138,32259,7879,39695
2016-07-09 22:00,39105,30958,8147,38397
2016-07-09 21:00,37788,29994,7794,37304
2016-07-09 20:00,36383,29266,7117,36077
2016-07-09 19:00,34355,28602,5753,34838
2016-07-09 18:00,33353,27500,5853,33606
2016-07-09 17:00,31795,26044,5751,32219
2016-07-09 16:00,30224,23850,6374,30632
2016-07-09 15:00,28968,21204,7764,29040
2016-07-09 14:00,28367,20494,7873,28054
2016-07-09 13:00,28138,20149,7989,27972
2016-07-09 12:00,28283,20055,8228,27724
2016-07-09 11:00,28980,20168,8812,28003
2016-07-09 10:00,30212,20734,9478,28812
2016-07-09 09:00,31983,21845,10138,29959
2016-07-09 08:00,34447,23992,10455,31529
2016-07-09 07:00,37472,26029,11443,33953
2016-07-09 06:00,40484,28046,12438,36927
2016-07-09 05:00,41984,29451,12533,39787
2016-07-09 04:00,42892,30553,12339,40661
2016-07-09 03:00,44164,32168,11996,41503
2016-07-09 02:00,44840,33783,11057,42894
2016-07-09 01:00,44837,33803,11034,43500
2016-07-09 00:00,43911,33182,10729,43308
2016-07-08 23:00,42402,31887,10515,42314
2016-07-08 22:00,40994,31217,9777,41013
2016-07-08 21:00,39755,29449,10306,39809
2016-07-08 20:00,38640,28911,9729,38516
2016-07-08 19:00,37449,28382,9067,37572
2016-07-08 18:00,36394,27575,8819,36406
2016-07-08 17:00,34964,25985,8979,35056
2016-07-08 16:00,33457,23938,9519,33801
2016-07-08 15:00,31565,21766,9799,32357
2016-07-08 14:00,30255,21086,9169,30484
2016-07-08 13:00,28971,20305,8666,29135
2016-07-08 12:00,28508,20177,8331,28111
2016-07-08 11:00,28675,20381,8294,27908
2016-07-08 10:00,29518,20952,8566,28500
2016-07-08 09:00,31041,21811,9230,29605
2016-07-08 08:00,33372,23497,9875,31199
2016-07-08 07:00,36464,25716,10748,33780
2016-07-08 06:00,39876,27829,12047,36965
2016-07-08 05:00,41445,29365,12080,39932
2016-07-08 04:00,41986,30528,11458,40761
2016-07-08 03:00,42970,31935,11035,41234
2016-07-08 02:00,43533,32684,10849,42404
2016-07-08 01:00,43598,32938,10660,43037
2016-07-08 00:00,42734,32170,10564,42803
2016-07-07 23:00,41759,30941,10818,41843
2016-07-07 22:00,40757,29916,10841,40571
2016-07-07 21:00,39058,29104,9954,39202
2016-07-07 20:00,38219,28296,9923,37961
2016-07-07 19:00,37238,27927,9311,37121
2016-07-07 18:00,36313,27515,8798,36087
2016-07-07 17:00,34973,26191,8782,34909
2016-07-07 16:00,33473,24200,9273,33729
2016-07-07 15:00,31494,21400,10094,32203
2016-07-07 14:00,29858,20658,9200,30284
2016-07-07 13:00,28578,20192,8386,28934
2016-07-07 12:00,28046,19887,8159,27867
2016-07-07 11:00,28330,20152,8178,27624
2016-07-07 10:00,29016,20834,8182,28138
2016-07-07 09:00,30461,21845,8616,29206
2016-07-07 08:00,32684,23488,9196,31012
2016-07-07 07:00,35814,25648,10166,34103
2016-07-07 06:00,39133,28279,10854,37473
2016-07-07 05:00,40660,30194,10466,40572
2016-07-07 04:00,41200,31214,9986,41501
2016-07-07 03:00,42151,32332,9819,42096
2016-07-07 02:00,42589,33320,9269,43285
2016-07-07 01:00,42785,33736,9049,43798
2016-07-07 00:00,42050,33306,8744,43424
2016-07-06 23:00,40909,32603,8306,42392
2016-07-06 22:00,39586,31893,7693,41212
2016-07-06 21:00,38281,30656,7625,39868
2016-07-06 20:00,37346,29392,7954,38549
2016-07-06 19:00,36686,28641,8045,37607
2016-07-06 18:00,35785,27392,8393,36561
2016-07-06 17:00,34504,25929,8575,35394
2016-07-06 16:00,32896,23614,9282,34186
2016-07-06 15:00,31172,21328,9844,32599
2016-07-06 14:00,29701,19653,10048,30579
2016-07-06 13:00,28472,18455,10017,29149
2016-07-06 12:00,27925,18217,9708,28029
2016-07-06 11:00,28220,18524,9696,27805
2016-07-06 10:00,28936,19159,9777,28363
2016-07-06 09:00,30290,20195,10095,29546
2016-07-06 08:00,32414,21485,10929,31044
2016-07-06 07:00,35535,23404,12131,33954
2016-07-06 06:00,39012,24701,14311,37137
2016-07-06 05:00,40900,25811,15089,40230
2016-07-06 04:00,41596,26915,14681,41386
2016-07-06 03:00,42594,28851,13743,42129
2016-07-06 02:00,43085,29578,13507,43367
2016-07-06 01:00,42944,29639,13305,44125
2016-07-06 00:00,42146,29420,12726,44026
2016-07-05 23:00,41262,28398,12864,43221
2016-07-05 22:00,40215,27406,12809,42052
2016-07-05 21:00,38699,26672,12027,40644
2016-07-05 20:00,37701,25650,12051,39168
2016-07-05 19:00,36720,24799,11921,38124
2016-07-05 18:00,35502,23668,11834,36845
2016-07-05 17:00,34304,21898,12406,35458
2016-07-05 16:00,33012,19926,13086,34242
2016-07-05 15:00,31262,17799,13463,32604
2016-07-05 14:00,29596,17111,12485,30490
2016-07-05 13:00,27907,16569,11338,29033
2016-07-05 12:00,27276,16789,10487,27922
2016-07-05 11:00,27513,17413,10100,27705
2016-07-05 10:00,28066,18630,9436,28265
2016-07-05 09:00,29483,20037,9446,29389
2016-07-05 08:00,31435,21668,9767,31054
2016-07-05 07:00,33790,24229,9561,32963
2016-07-05 06:00,35544,25669,9875,35207
2016-07-05 05:00,37024,27461,9563,37103
2016-07-05 04:00,37982,28217,9765,38242
2016-07-05 03:00,39093,30028,9065,39065
2016-07-05 02:00,39485,30244,9241,40472
2016-07-05 01:00,39086,30375,8711,41073
2016-07-05 00:00,38056,29523,8533,40612
2016-07-04 23:00,36932,28640,8292,39563
2016-07-04 22:00,35840,27376,8464,38229
2016-07-04 21:00,34517,26138,8379,36680
2016-07-04 20:00,33358,25249,8109,35394
2016-07-04 19:00,32208,24324,7884,34026
2016-07-04 18:00,30748,23041,7707,32583
2016-07-04 17:00,29179,21485,7694,30990
2016-07-04 16:00,28147,19551,8596,29363
2016-07-04 15:00,27335,17124,10211,28159
2016-07-04 14:00,27220,17078,10142,27337
2016-07-04 13:00,26773,16982,9791,27354
2016-07-04 12:00,26871,17382,9489,27190
2016-07-04 11:00,27432,18251,9181,27443
2016-07-04 10:00,28442,19304,9138,28332
2016-07-04 09:00,29819,20741,9078,29636
2016-07-04 08:00,31908,22549,9359,31245
2016-07-04 07:00,34619,24680,9939,32925
2016-07-04 06:00,37206,26519,10687,36103
2016-07-04 05:00,38535,27488,11047,39006
2016-07-04 04:00,39312,28637,10675,39847
2016-07-04 03:00,40261,30485,9776,40339
2016-07-04 02:00,40293,31704,8589,41272
2016-07-04 01:00,39834,32001,7833,41277
2016-07-04 00:00,38566,31385,7181,40378
2016-07-03 23:00,37112,30513,6599,38860
2016-07-03 22:00,35918,29259,6659,37077
2016-07-03 21:00,34403,28370,6033,35227
2016-07-03 20:00,33288,26968,6320,33536
2016-07-03 19:00,32158,26044,6114,32104
2016-07-03 18:00,30807,25032,5775,30821
2016-07-03 17:00,29245,23424,5821,29561
2016-07-03 16:00,27778,20970,6808,28167
2016-07-03 15:00,27059,18823,8236,26839
2016-07-03 14:00,27198,18323,8875,26205
2016-07-03 13:00,27250,18580,8670,26550
2016-07-03 12:00,27516,18495,9021,26557
2016-07-03 11:00,28188,19203,8985,26852
2016-07-03 10:00,29370,20363,9007,27703
2016-07-03 09:00,30723,22223,8500,28904
2016-07-03 08:00,33150,24596,8554,30558
2016-07-03 07:00,35858,27376,8482,33350
2016-07-03 06:00,38617,30488,8129,36118
2016-07-03 05:00,40268,32243,8025,38634
2016-07-03 04:00,41179,33973,7206,39515
2016-07-03 03:00,42414,36208,6206,40369
2016-07-03 02:00,42890,37567,5323,41692
2016-07-03 01:00,42602,38176,4426,41874
2016-07-03 00:00,41713,37665,4048,41506
2016-07-02 23:00,40791,36419,4372,40380
2016-07-02 22:00,39374,34734,4640,39070
2016-07-02 21:00,37990,33332,4658,37679
2016-07-02 20:00,36664,32176,4488,36315
2016-07-02 19:00,35142,30790,4352,34919
2016-07-02 18:00,33569,28756,4813,33828
2016-07-02 17:00,32030,26645,5385,32400
2016-07-02 16:00,30339,24328,6011,30731
2016-07-02 15:00,29057,22267,6790,29073
2016-07-02 14:00,28725,21235,7490,28064
2016-07-02 13:00,28364,20455,7909,28066
2016-07-02 12:00,28611,19906,8705,27913
2016-07-02 11:00,29419,20399,9020,28196
2016-07-02 10:00,30741,21950,8791,29082
2016-07-02 09:00,32681,22825,9856,30511
2016-07-02 08:00,35324,25784,9540,32349
2016-07-02 07:00,38701,28902,9799,35798
2016-07-02 06:00,42129,32309,9820,39418
2016-07-02 05:00,44360,34698,9662,42865
2016-07-02 04:00,45807,36640,9167,44329
2016-07-02 03:00,47656,38142,9514,45677
2016-07-02 02:00,48862,39704,9158,47550
2016-07-02 01:00,49134,39851,9283,48719
2016-07-02 00:00,48500,39778,8722,48639
2016-07-01 23:00,47323,39419,7904,47771
2016-07-01 22:00,45900,38228,7672,46229
2016-07-01 21:00,44352,36157,8195,44461
2016-07-01 20:00,43197,34455,8742,42779
2016-07-01 19:00,41437,32872,8565,41209
2016-07-01 18:00,39486,30291,9195,39551
2016-07-01 17:00,37494,28225,9269,37805
2016-07-01 16:00,35306,25142,10164,36163
2016-07-01 15:00,33330,22474,10856,34210
2016-07-01 14:00,31710,21089,10621,32102
2016-07-01 13:00,30307,20348,9959,30819
2016-07-01 12:00,30029,20553,9476,29803
2016-07-01 11:00,30606,21260,9346,29688
2016-07-01 10:00,31857,22407,9450,30471
2016-07-01 09:00,33756,24144,9612,31847
2016-07-01 08:00,36437,26755,9682,33752
2016-07-01 07:00,40472,30489,9983,36732
2016-07-01 06:00,44653,34400,10253,41054
2016-07-01 05:00,47224,36842,10382,45284
2016-07-01 04:00,48743,38902,9841,47383
2016-07-01 03:00,50391,40756,9635,48699
2016-07-01 02:00,51433,42693,8740,50152
2016-07-01 01:00,51772,43666,8106,51210
2016-07-01 00:00,50864,43733,7131,51568
2016-06-30 23:00,49466,43073,6393,51853
2016-06-30 22:00,47604,40657,6947,50256
2016-06-30 21:00,45287,38422,6865,48281
2016-06-30 20:00,43329,36304,7025,46167
2016-06-30 19:00,41323,33950,7373,44238
2016-06-30 18:00,39155,31683,7472,42224
2016-06-30 17:00,37212,29353,7859,39918
2016-06-30 16:00,35294,26117,9177,37790
2016-06-30 15:00,33060,22878,10182,35400
2016-06-30 14:00,31340,21839,9501,32923
2016-06-30 13:00,30051,21271,8780,30950
2016-06-30 12:00,29648,20998,8650,30052
2016-06-30 11:00,30201,21561,8640,30022
2016-06-30 10:00,31549,22743,8806,30942
2016-06-30 09:00,33549,24579,8970,32482
2016-06-30 08:00,36563,27696,8867,34965
2016-06-30 07:00,40705,31801,8904,38864
2016-06-30 06:00,45039,35944,9095,43608
2016-06-30 05:00,47697,38550,9147,47833
2016-06-30 04:00,49482,40082,9400,50130
2016-06-30 03:00,51505,42212,9293,51099
2016-06-30 02:00,52572,44624,7948,52660
2016-06-30 01:00,52980,45510,7470,54043
2016-06-30 00:00,52325,45287,7038,54508
2016-06-29 23:00,50968,44081,6887,53997
2016-06-29 22:00,49191,41688,7503,52576
2016-06-29 21:00,46909,39439,7470,50490
2016-06-29 20:00,44754,37813,6941,47944
2016-06-29 19:00,42509,35416,7093,45628
2016-06-29 18:00,40166,32638,7528,43061
2016-06-29 17:00,37955,30518,7437,40351
2016-06-29 16:00,35846,28227,7619,38005
2016-06-29 15:00,33537,25183,8354,35532
2016-06-29 14:00,31769,23778,7991,32902
2016-06-29 13:00,30523,22671,7852,31360
2016-06-29 12:00,30255,22376,7879,30362
2016-06-29 11:00,30872,22917,7955,30339
2016-06-29 10:00,32266,24101,8165,31203
2016-06-29 09:00,34454,26014,8440,32740
2016-06-29 08:00,37672,28952,8720,35211
2016-06-29 07:00,41942,33206,8736,39475
2016-06-29 06:00,46523,37605,8918,44108
2016-06-29 05:00,49328,40365,8963,48685
2016-06-29 04:00,50949,42803,8146,51002
2016-06-29 03:00,52472,44721,7751,52551
2016-06-29 02:00,53514,46017,7497,54369
2016-06-29 01:00,54107,46872,7235,55784
2016-06-29 00:00,53763,46148,7615,56226
2016-06-28 23:00,52542,44845,7697,55382
2016-06-28 22:00,50659,42466,8193,53869
2016-06-28 21:00,48560,39802,8758,51705
2016-06-28 20:00,46615,37361,9254,48959
2016-06-28 19:00,44320,34939,9381,46321
2016-06-28 18:00,41627,31810,9817,43616
2016-06-28 17:00,39087,29621,9466,40727
2016-06-28 16:00,36746,26867,9879,37933
2016-06-28 15:00,34414,23949,10465,35095
2016-06-28 14:00,32504,22254,10250,32338
2016-06-28 13:00,31346,21177,10169,30694
2016-06-28 12:00,31076,20976,10100,29630
2016-06-28 11:00,31770,21207,10563,29630
2016-06-28 10:00,33261,22274,10987,30472
2016-06-28 09:00,35553,23903,11650,31951
2016-06-28 08:00,38789,26197,12592,34038
2016-06-28 07:00,43208,29221,13987,39041
2016-06-28 06:00,47842,33111,14731,43452
2016-06-28 05:00,50740,35930,14810,47961
2016-06-28 04:00,51867,37460,14407,50061
2016-06-28 03:00,53242,39367,13875,51565
2016-06-28 02:00,54357,40425,13932,53507
2016-06-28 01:00,54806,40766,14040,54854
2016-06-28 00:00,54424,39435,14989,55119
2016-06-27 23:00,53151,37083,16068,54203
2016-06-27 22:00,51096,35093,16003,52560
2016-06-27 21:00,48561,33104,15457,50248
2016-06-27 20:00,46224,30467,15757,47526
2016-06-27 19:00,43535,28423,15112,45100
2016-06-27 18:00,40673,26325,14348,42550
2016-06-27 17:00,38373,24195,14178,39744
2016-06-27 16:00,35739,21879,13860,37194
2016-06-27 15:00,32927,19946,12981,34524
2016-06-27 14:00,30887,19393,11494,31782
2016-06-27 13:00,29623,19447,10176,30356
2016-06-27 12:00,29173,19882,9291,29207
2016-06-27 11:00,29577,20673,8904,29105
2016-06-27 10:00,30692,22084,8608,29818
2016-06-27 09:00,32569,23689,8880,31228
2016-06-27 08:00,35336,26335,9001,33122
2016-06-27 07:00,39077,28814,10263,36043
2016-06-27 06:00,42918,31427,11491,39962
2016-06-27 05:00,44969,33213,11756,43663
2016-06-27 04:00,46147,34786,11361,45213
2016-06-27 03:00,47566,36875,10691,46343
2016-06-27 02:00,48062,37490,10572,47841
2016-06-27 01:00,47540,37861,9679,48151
2016-06-27 00:00,46291,36730,9561,47406
2016-06-26 23:00,44486,35010,9476,45836
2016-06-26 22:00,42203,33427,8776,43814
2016-06-26 21:00,39934,31477,8457,41657
2016-06-26 20:00,37587,30047,7540,39286
2016-06-26 19:00,35005,28321,6684,36786
2016-06-26 18:00,32540,26547,5993,34407
2016-06-26 17:00,30529,24415,6114,32063
2016-06-26 16:00,28426,22051,6375,29847
2016-06-26 15:00,26875,19820,7055,28004
2016-06-26 14:00,26834,19899,6935,27117
2016-06-26 13:00,27072,19778,7294,27460
2016-06-26 12:00,27413,19496,7917,27645
2016-06-26 11:00,28181,19862,8319,28085
2016-06-26 10:00,29466,20853,8613,29048
2016-06-26 09:00,31369,22148,9221,30530
2016-06-26 08:00,33965,24190,9775,32756
2016-06-26 07:00,37108,26896,10212,36047
2016-06-26 06:00,40297,28873,11424,39378
2016-06-26 05:00,42212,30923,11289,42371
2016-06-26 04:00,43416,32647,10769,43433
2016-06-26 03:00,44750,34213,10537,44298
2016-06-26 02:00,45348,35654,9694,45759
2016-06-26 01:00,45019,36477,8542,46370
2016-06-26 00:00,43849,35723,8126,46011
2016-06-25 23:00,42220,34666,7554,44669
2016-06-25 22:00,40580,33358,7222,43144
2016-06-25 21:00,38782,32123,6659,41528
2016-06-25 20:00,37115,31007,6108,39934
2016-06-25 19:00,35296,29788,5508,38312
2016-06-25 18:00,33481,28349,5132,36590
2016-06-25 17:00,31737,26427,5310,34742
2016-06-25 16:00,29699,24163,5536,32795
2016-06-25 15:00,28162,22108,6054,30956
2016-06-25 14:00,27787,20957,6830,29386
2016-06-25 13:00,27620,19915,7705,28642
2016-06-25 12:00,28116,19496,8620,28333
2016-06-25 11:00,28889,20129,8760,28565
2016-06-25 10:00,29984,21075,8909,29426
2016-06-25 09:00,31521,22646,8875,30830
2016-06-25 08:00,33994,25023,8971,32863
2016-06-25 07:00,37213,28517,8696,35215
2016-06-25 06:00,40394,31720,8674,38681
2016-06-25 05:00,42116,33689,8427,41828
2016-06-25 04:00,43129,35638,7491,42861
2016-06-25 03:00,44375,37620,6755,43876
2016-06-25 02:00,45199,39299,5900,45432
2016-06-25 01:00,45359,39312,6047,46339
2016-06-25 00:00,44683,38247,6436,46197
2016-06-24 23:00,43673,37385,6288,45126
2016-06-24 22:00,42046,35543,6503,43784
2016-06-24 21:00,40761,33876,6885,42060
2016-06-24 20:00,39508,32197,7311,40444
2016-06-24 19:00,38410,31182,7228,39234
2016-06-24 18:00,37015,29941,7074,37808
2016-06-24 17:00,35564,27941,7623,36348
2016-06-24 16:00,33763,25374,8389,34746
2016-06-24 15:00,31797,22758,9039,32866
2016-06-24 14:00,30134,21457,8677,30643
2016-06-24 13:00,29018,20407,8611,29188
2016-06-24 12:00,28696,20082,8614,28257
2016-06-24 11:00,29155,20460,8695,28098
2016-06-24 10:00,30250,21751,8499,28771
2016-06-24 09:00,31921,23782,8139,30003
2016-06-24 08:00,34499,26271,8228,32115
2016-06-24 07:00,38130,29878,8252,35362
2016-06-24 06:00,41849,33399,8450,39218
2016-06-24 05:00,43878,36148,7730,42809
2016-06-24 04:00,45070,37633,7437,43973
2016-06-24 03:00,46608,40261,6347,44873
2016-06-24 02:00,47529,41956,5573,46679
2016-06-24 01:00,47656,42604,5052,47641
2016-06-24 00:00,46871,42203,4668,47818
2016-06-23 23:00,45493,41277,4216,46846
2016-06-23 22:00,43793,39707,4086,45451
2016-06-23 21:00,42188,38300,3888,43737
2016-06-23 20:00,40878,35999,4879,42013
2016-06-23 19:00,39468,34247,5221,40645
2016-06-23 18:00,38050,31907,6143,39153
2016-06-23 17:00,36096,29370,6726,37434
2016-06-23 16:00,34349,26237,8112,35683
2016-06-23 15:00,32406,23735,8671,33761
2016-06-23 14:00,30663,22253,8410,31513
2016-06-23 13:00,29443,21424,8019,29919
2016-06-23 12:00,28820,21311,7509,28886
2016-06-23 11:00,29192,22082,7110,28725
2016-06-23 10:00,30292,23331,6961,29392
2016-06-23 09:00,32070,25146,6924,30690
2016-06-23 08:00,34743,29906,4837,32653
2016-06-23 07:00,38407,32416,5991,37340
2016-06-23 06:00,42381,35455,6926,41749
2016-06-23 05:00,44660,38256,6404,46022
2016-06-23 04:00,46120,40344,5776,47959
2016-06-23 03:00,47907,41891,6016,49264
2016-06-23 02:00,49193,43565,5628,51116
2016-06-23 01:00,49657,44109,5548,52805
2016-06-23 00:00,49095,43519,5576,53076
2016-06-22 23:00,47863,42170,5693,52226
2016-06-22 22:00,46462,40621,5841,50742
2016-06-22 21:00,44523,38378,6145,48939
2016-06-22 20:00,42898,35924,6974,46792
2016-06-22 19:00,41208,34484,6724,44860
2016-06-22 18:00,39340,31817,7523,42644
2016-06-22 17:00,37152,29723,7429,40169
2016-06-22 16:00,35085,27200,7885,37830
2016-06-22 15:00,32811,24495,8316,35392
2016-06-22 14:00,31003,22967,8036,32901
2016-06-22 13:00,29884,22005,7879,31208
2016-06-22 12:00,29605,22301,7304,30228
2016-06-22 11:00,30165,22842,7323,30264
2016-06-22 10:00,31432,24269,7163,31163
2016-06-22 09:00,33461,26696,6765,32773
2016-06-22 08:00,38066,29817,8249,35311
2016-06-22 07:00,41203,34171,7032,38944
2016-06-22 06:00,44461,38964,5497,43659
2016-06-22 05:00,46901,42784,4117,48451
2016-06-22 04:00,48402,44131,4271,50792
2016-06-22 03:00,50088,46621,3467,52546
2016-06-22 02:00,51189,47828,3361,54201
2016-06-22 01:00,51584,48402,3182,56235
2016-06-22 00:00,51026,48526,2500,56657
2016-06-21 23:00,49957,47087,2870,55736
2016-06-21 22:00,48520,44940,3580,54100
2016-06-21 21:00,46588,42158,4430,52041
2016-06-21 20:00,44791,39602,5189,49526
2016-06-21 19:00,42702,37327,5375,47126
2016-06-21 18:00,40647,34097,6550,44416
2016-06-21 17:00,38579,31304,7275,41448
2016-06-21 16:00,36500,28074,8426,38675
2016-06-21 15:00,34018,24037,9981,36005
2016-06-21 14:00,32032,21609,10423,33277
2016-06-21 13:00,30963,21255,9708,31485
2016-06-21 12:00,30806,21090,9716,30317
2016-06-21 11:00,31559,21201,10358,30186
2016-06-21 10:00,33119,22149,10970,30998
2016-06-21 09:00,35398,23640,11758,32539
2016-06-21 08:00,38676,26424,12252,34681
2016-06-21 07:00,43292,29990,13302,38561
2016-06-21 06:00,48303,33430,14873,43408
2016-06-21 05:00,51254,35139,16115,48122
2016-06-21 04:00,52685,36614,16071,50412
2016-06-21 03:00,54749,38041,16708,52049
2016-06-21 02:00,55794,38515,17279,54749
2016-06-21 01:00,55916,37910,18006,56427
2016-06-21 00:00,55508,36357,19151,56576
2016-06-20 23:00,54091,34759,19332,55495
2016-06-20 22:00,52187,32829,19358,53811
2016-06-20 21:00,50021,30346,19675,51370
2016-06-20 20:00,48036,29012,19024,48711
2016-06-20 19:00,45440,26835,18605,45979
2016-06-20 18:00,42304,25186,17118,43320
2016-06-20 17:00,39324,23089,16235,40538
2016-06-20 16:00,36047,20650,15397,37738
2016-06-20 15:00,32686,18195,14491,34865
2016-06-20 14:00,30674,17546,13128,31999
2016-06-20 13:00,29165,17553,11612,30303
2016-06-20 12:00,28789,17604,11185,29047
2016-06-20 11:00,29332,18089,11243,28866
2016-06-20 10:00,30638,19207,11431,29571
2016-06-20 09:00,32712,20478,12234,30868
2016-06-20 08:00,35816,22810,13006,32346
2016-06-20 07:00,40192,25080,15112,35944
2016-06-20 06:00,43872,27072,16800,39826
2016-06-20 05:00,45701,28499,17202,43692
2016-06-20 04:00,46640,29180,17460,45582
2016-06-20 03:00,47789,30894,16895,46665
2016-06-20 02:00,47749,31267,16482,47972
2016-06-20 01:00,46710,30900,15810,48346
2016-06-20 00:00,45076,30593,14483,47732
2016-06-19 23:00,43133,29378,13755,46647
2016-06-19 22:00,41244,28186,13058,44989
2016-06-19 21:00,39071,27269,11802,43271
2016-06-19 20:00,36734,26117,10617,41045
2016-06-19 19:00,34248,25149,9099,38482
2016-06-19 18:00,31825,24100,7725,35715
2016-06-19 17:00,29641,22885,6756,32928
2016-06-19 16:00,27780,20777,7003,30519
2016-06-19 15:00,26456,18537,7919,28545
2016-06-19 14:00,26145,18012,8133,27616
2016-06-19 13:00,26338,17742,8596,27958
2016-06-19 12:00,26742,17847,8895,28141
2016-06-19 11:00,27472,18195,9277,28682
2016-06-19 10:00,28420,19164,9256,29752
2016-06-19 09:00,30095,20550,9545,31383
2016-06-19 08:00,32672,22612,10060,32698
2016-06-19 07:00,35676,24806,10870,32844
2016-06-19 06:00,38407,26420,11987,35708
2016-06-19 05:00,39510,27668,11842,38140
2016-06-19 04:00,39846,28464,11382,38665
2016-06-19 03:00,40332,30400,9932,38884
2016-06-19 02:00,40394,31111,9283,39754
2016-06-19 01:00,39984,31106,8878,39940
2016-06-19 00:00,39203,30769,8434,39542
2016-06-18 23:00,38199,29926,8273,38564
2016-06-18 22:00,36845,28882,7963,37399
2016-06-18 21:00,35830,28186,7644,36318
2016-06-18 20:00,34548,27702,6846,35290
2016-06-18 19:00,33248,26989,6259,34326
2016-06-18 18:00,31749,25788,5961,33254
2016-06-18 17:00,30199,24493,5706,31946
2016-06-18 16:00,28578,22401,6177,30435
2016-06-18 15:00,27040,20182,6858,28896
2016-06-18 14:00,26627,18979,7648,27457
2016-06-18 13:00,26506,17922,8584,26900
2016-06-18 12:00,26628,17861,8767,26597
2016-06-18 11:00,27208,18355,8853,26752
2016-06-18 10:00,28281,19172,9109,27449
2016-06-18 09:00,29823,19898,9925,28580
2016-06-18 08:00,32105,20932,11173,30063
2016-06-18 07:00,35084,23288,11796,32240
2016-06-18 06:00,37880,24919,12961,35101
2016-06-18 05:00,39135,25339,13796,37612
2016-06-18 04:00,39376,25921,13455,37942
2016-06-18 03:00,40053,26969,13084,37816
2016-06-18 02:00,40575,27468,13107,38391
2016-06-18 01:00,40620,27550,13070,38927
2016-06-18 00:00,40114,27076,13038,38949
2016-06-17 23:00,39404,26387,13017,38434
2016-06-17 22:00,38472,25989,12483,37659
2016-06-17 21:00,37387,25691,11696,36711
2016-06-17 20:00,36614,25308,11306,35864
2016-06-17 19:00,35588,25172,10416,35491
2016-06-17 18:00,34432,25114,9318,34764
2016-06-17 17:00,33146,24540,8606,33786
2016-06-17 16:00,31515,22750,8765,32741
2016-06-17 15:00,29508,20297,9211,31377
2016-06-17 14:00,27870,18890,8980,29278
2016-06-17 13:00,26746,17610,9136,27626
2016-06-17 12:00,26358,17129,9229,26529
2016-06-17 11:00,26788,17236,9552,26232
2016-06-17 10:00,27584,17973,9611,26696
2016-06-17 09:00,28741,18589,10152,27630
2016-06-17 08:00,30622,20120,10502,28966
2016-06-17 07:00,33859,22045,11814,30247
2016-06-17 06:00,36444,23816,12628,33031
2016-06-17 05:00,37283,24895,12388,35667
2016-06-17 04:00,37030,25374,11656,36165
2016-06-17 03:00,37057,26834,10223,35257
2016-06-17 02:00,37028,27345,9683,35314
2016-06-17 01:00,36615,28029,8586,35395
2016-06-17 00:00,36092,27882,8210,35438
2016-06-16 23:00,35510,27812,7698,35018
2016-06-16 22:00,34836,27390,7446,34524
2016-06-16 21:00,34243,27044,7199,33882
2016-06-16 20:00,34066,26733,7333,33525
2016-06-16 19:00,33923,26285,7638,33575
2016-06-16 18:00,33293,25608,7685,33379
2016-06-16 17:00,32431,24741,7690,32801
2016-06-16 16:00,31065,23291,7774,31968
2016-06-16 15:00,29303,20841,8462,30716
2016-06-16 14:00,27649,19324,8325,28577
2016-06-16 13:00,26445,18349,8096,26819
2016-06-16 12:00,25917,17905,8012,25462
2016-06-16 11:00,26020,18165,7855,25036
2016-06-16 10:00,26765,19128,7637,25262
2016-06-16 09:00,27943,20291,7652,26020
2016-06-16 08:00,29817,21001,8816,27169
2016-06-16 07:00,32424,22797,9627,30622
2016-06-16 06:00,35108,25360,9748,33356
2016-06-16 05:00,36029,26045,9984,35771
2016-06-16 04:00,35238,26255,8983,35874
2016-06-16 03:00,34875,27142,7733,35224
2016-06-16 02:00,34647,28436,6211,35416
2016-06-16 01:00,34455,28911,5544,35547
2016-06-16 00:00,34394,28991,5403,35363
2016-06-15 23:00,34167,28668,5499,34964
2016-06-15 22:00,33811,28009,5802,34492
2016-06-15 21:00,33477,27781,5696,34077
2016-06-15 20:00,33687,27467,6220,33787
2016-06-15 19:00,33713,27155,6558,33976
2016-06-15 18:00,33538,26216,7322,33829
2016-06-15 17:00,32867,24860,8007,33360
2016-06-15 16:00,31598,23071,8527,32586
2016-06-15 15:00,29821,20971,8850,31376
2016-06-15 14:00,28054,18915,9139,29041
2016-06-15 13:00,26693,17983,8710,27620
2016-06-15 12:00,26164,17642,8522,26385
2016-06-15 11:00,26260,17861,8399,25977
2016-06-15 10:00,26987,18638,8349,26293
2016-06-15 09:00,28180,19315,8865,27112
2016-06-15 08:00,30049,21273,8776,28554
2016-06-15 07:00,32827,23453,9374,30961
2016-06-15 06:00,35652,24994,10658,33952
2016-06-15 05:00,36728,26361,10367,36704
2016-06-15 04:00,36212,26748,9464,37303
2016-06-15 03:00,36139,28062,8077,36983
2016-06-15 02:00,36245,29103,7142,37355
2016-06-15 01:00,36286,29369,6917,37623
2016-06-15 00:00,35816,29311,6505,37308
2016-06-14 23:00,35294,28781,6513,36636
2016-06-14 22:00,34831,27985,6846,35850
2016-06-14 21:00,34533,27402,7131,35018
2016-06-14 20:00,34368,27403,6965,34310
2016-06-14 19:00,34169,26899,7270,34018
2016-06-14 18:00,33280,25848,7432,33556
2016-06-14 17:00,32426,24845,7581,32963
2016-06-14 16:00,31296,23328,7968,32258
2016-06-14 15:00,29493,20672,8821,31101
2016-06-14 14:00,27799,19185,8614,29342
2016-06-14 13:00,26546,18030,8516,27686
2016-06-14 12:00,26035,17758,8277,26533
2016-06-14 11:00,26208,17664,8544,26163
2016-06-14 10:00,26989,18207,8782,26558
2016-06-14 09:00,28187,18432,9755,27409
2016-06-14 08:00,30196,19799,10397,28757
2016-06-14 07:00,33041,21302,11739,31164
2016-06-14 06:00,36014,22930,13084,34277
2016-06-14 05:00,37382,23589,13793,37164
2016-06-14 04:00,37195,23806,13389,37970
2016-06-14 03:00,37399,24938,12461,38037
2016-06-14 02:00,37492,25497,11995,38674
2016-06-14 01:00,37619,25327,12292,39023
2016-06-14 00:00,37456,24633,12823,38805
2016-06-13 23:00,36803,23986,12817,38013
2016-06-13 22:00,36072,23626,12446,37003
2016-06-13 21:00,35401,23167,12234,35989
2016-06-13 20:00,35338,22856,12482,35110
2016-06-13 19:00,35072,22251,12821,34512
2016-06-13 18:00,34339,21570,12769,33763
2016-06-13 17:00,33361,20550,12811,32775
2016-06-13 16:00,31973,18602,13371,31673
2016-06-13 15:00,29973,16947,13026,30340
2016-06-13 14:00,28054,16680,11374,28531
2016-06-13 13:00,26617,17130,9487,26821
2016-06-13 12:00,25958,17318,8640,25637
2016-06-13 11:00,25713,17436,8277,25218
2016-06-13 10:00,26186,18128,8058,25513
2016-06-13 09:00,27143,19390,7753,26278
2016-06-13 08:00,29063,20587,8476,27275
2016-06-13 07:00,31727,21794,9933,29989
2016-06-13 06:00,34292,23133,11159,32731
2016-06-13 05:00,35326,24408,10918,35202
2016-06-13 04:00,34842,24176,10666,35533
2016-06-13 03:00,34921,24588,10333,35183
2016-06-13 02:00,34680,25454,9226,35204
2016-06-13 01:00,33845,25191,8654,34581
2016-06-13 00:00,32759,24809,7950,33474
2016-06-12 23:00,31695,24829,6866,32285
2016-06-12 22:00,30950,24103,6847,30969
2016-06-12 21:00,30416,23611,6805,29922
2016-06-12 20:00,30001,23461,6540,29179
2016-06-12 19:00,29460,22916,6544,28585
2016-06-12 18:00,28705,22086,6619,27967
2016-06-12 17:00,27713,21110,6603,27370
2016-06-12 16:00,26585,18907,7678,26285
2016-06-12 15:00,25783,17179,8604,25316
2016-06-12 14:00,25794,17037,8757,24743
2016-06-12 13:00,25769,16776,8993,24910
2016-06-12 12:00,25883,17130,8753,24949
2016-06-12 11:00,26350,17753,8597,25191
2016-06-12 10:00,27213,18647,8566,25877
2016-06-12 09:00,28381,19904,8477,26931
2016-06-12 08:00,30060,21470,8590,28158
2016-06-12 07:00,32142,23658,8484,30331
2016-06-12 06:00,34336,25634,8702,32789
2016-06-12 05:00,35150,26262,8888,34836
2016-06-12 04:00,34625,26584,8041,35233
2016-06-12 03:00,34574,27476,7098,34983
2016-06-12 02:00,34566,28451,6115,35139
2016-06-12 01:00,34183,29090,5093,34972
2016-06-12 00:00,33710,28766,4944,34484
2016-06-11 23:00,33208,28495,4713,33571
2016-06-11 22:00,32827,28298,4529,32675
2016-06-11 21:00,32573,27243,5330,31932
2016-06-11 20:00,32351,26644,5707,31347
2016-06-11 19:00,32046,26178,5868,30873
2016-06-11 18:00,31360,25119,6241,30357
2016-06-11 17:00,30370,24473,5897,29554
2016-06-11 16:00,28639,22065,6574,28377
2016-06-11 15:00,27159,20474,6685,27083
2016-06-11 14:00,26699,19175,7524,26159
2016-06-11 13:00,26366,18366,8000,26097
2016-06-11 12:00,26423,18074,8349,25970
2016-06-11 11:00,26821,18255,8566,26129
2016-06-11 10:00,27697,19271,8426,26731
2016-06-11 09:00,29124,20326,8798,27819
2016-06-11 08:00,31167,21985,9182,29334
2016-06-11 07:00,33751,24540,9211,32209
2016-06-11 06:00,36154,26802,9352,35060
2016-06-11 05:00,37079,27986,9093,37426
2016-06-11 04:00,36991,28534,8457,37910
2016-06-11 03:00,37186,29608,7578,37636
2016-06-11 02:00,37723,31078,6645,38284
2016-06-11 01:00,38293,31008,7285,38766
2016-06-11 00:00,38035,30500,7535,38962
2016-06-10 23:00,37775,29892,7883,38378
2016-06-10 22:00,36926,29006,7920,37682
2016-06-10 21:00,36070,28099,7971,36925
2016-06-10 20:00,35465,27614,7851,36190
2016-06-10 19:00,35173,26735,8438,35885
2016-06-10 18:00,34375,25525,8850,35374
2016-06-10 17:00,33534,24888,8646,34400
2016-06-10 16:00,31879,22740,9139,33239
2016-06-10 15:00,30101,21247,8854,31990
2016-06-10 14:00,28179,19983,8196,30025
2016-06-10 13:00,26854,18911,7943,28289
2016-06-10 12:00,26327,18634,7693,27159
2016-06-10 11:00,26671,18755,7916,26895
2016-06-10 10:00,27631,19614,8017,27422
2016-06-10 09:00,29090,20395,8695,28484
2016-06-10 08:00,31156,22079,9077,30193
2016-06-10 07:00,33919,24699,9220,32828
2016-06-10 06:00,36899,27407,9492,36022
2016-06-10 05:00,38142,29297,8845,38960
2016-06-10 04:00,37934,30601,7333,39808
2016-06-10 03:00,38589,31567,7022,40085
2016-06-10 02:00,38917,32877,6040,41101
2016-06-10 01:00,39126,32854,6272,41696
2016-06-10 00:00,38755,32565,6190,41544
2016-06-09 23:00,38350,31857,6493,40723
2016-06-09 22:00,37518,30230,7288,39629
2016-06-09 21:00,36537,29077,7460,38425
2016-06-09 20:00,36077,27633,8444,37150
2016-06-09 19:00,35561,26692,8869,36312
2016-06-09 18:00,34750,25668,9082,35337
2016-06-09 17:00,33749,24186,9563,34154
2016-06-09 16:00,32380,22513,9867,32974
2016-06-09 15:00,30417,20796,9621,31655
2016-06-09 14:00,28552,19255,9297,29701
2016-06-09 13:00,27064,18491,8573,28133
2016-06-09 12:00,26641,18230,8411,27133
2016-06-09 11:00,26765,18769,7996,26807
2016-06-09 10:00,27529,19747,7782,27287
2016-06-09 09:00,28939,20552,8387,28260
2016-06-09 08:00,31169,23289,7880,29906
2016-06-09 07:00,34174,26019,8155,33438
2016-06-09 06:00,37417,29417,8000,36865
2016-06-09 05:00,39302,30957,8345,40286
2016-06-09 04:00,39893,32270,7623,41565
2016-06-09 03:00,40765,33686,7079,41929
2016-06-09 02:00,41306,35132,6174,43011
2016-06-09 01:00,41305,35427,5878,43719
2016-06-09 00:00,40570,35130,5440,43629
2016-06-08 23:00,39774,33670,6104,42731
2016-06-08 22:00,38479,32452,6027,41485
2016-06-08 21:00,37536,30836,6700,39944
2016-06-08 20:00,36659,30102,6557,38456
2016-06-08 19:00,35839,28705,7134,37368
2016-06-08 18:00,34941,27497,7444,36400
2016-06-08 17:00,33586,26606,6980,35123
2016-06-08 16:00,32440,24399,8041,33799
2016-06-08 15:00,30707,21883,8824,32385
2016-06-08 14:00,29027,20368,8659,30353
2016-06-08 13:00,27827,19616,8211,28594
2016-06-08 12:00,27425,19497,7928,27145
2016-06-08 11:00,27729,19686,8043,26881
2016-06-08 10:00,28541,20284,8257,27330
2016-06-08 09:00,29773,21373,8400,28294
2016-06-08 08:00,32029,23634,8395,29733
2016-06-08 07:00,35086,26622,8464,33418
2016-06-08 06:00,38504,30681,7823,37005
2016-06-08 05:00,40425,32219,8206,40359
2016-06-08 04:00,40783,32999,7784,41658
2016-06-08 03:00,41395,35370,6025,42034
2016-06-08 02:00,41929,37419,4510,43249
2016-06-08 01:00,42030,37809,4221,43994
2016-06-08 00:00,41452,36925,4527,43893
2016-06-07 23:00,40223,35744,4479,42882
2016-06-07 22:00,38843,33792,5051,41558
2016-06-07 21:00,37547,32252,5295,39970
2016-06-07 20:00,36409,30523,5886,38421
2016-06-07 19:00,35508,29411,6097,37355
2016-06-07 18:00,34925,28160,6765,36194
2016-06-07 17:00,34054,26758,7296,34943
2016-06-07 16:00,32623,24433,8190,33774
2016-06-07 15:00,30738,21985,8753,32303
2016-06-07 14:00,28954,20147,8807,30082
2016-06-07 13:00,27814,19065,8749,28393
2016-06-07 12:00,27378,18784,8594,27457
2016-06-07 11:00,27418,18904,8514,27212
2016-06-07 10:00,28271,19752,8519,27726
2016-06-07 09:00,29722,20612,9110,28707
2016-06-07 08:00,31996,22460,9536,30262
2016-06-07 07:00,35203,25518,9685,34190
2016-06-07 06:00,38849,28197,10652,38045
2016-06-07 05:00,41010,29802,11208,41907
2016-06-07 04:00,41386,31336,10050,43548
2016-06-07 03:00,42373,33431,8942,44292
2016-06-07 02:00,42751,34717,8034,45744
2016-06-07 01:00,42610,34436,8174,46592
2016-06-07 00:00,41853,33151,8702,46491
2016-06-06 23:00,40683,31727,8956,45546
2016-06-06 22:00,39340,30252,9088,44093
2016-06-06 21:00,38049,28692,9357,42426
2016-06-06 20:00,37066,27024,10042,40504
2016-06-06 19:00,36017,26168,9849,39044
2016-06-06 18:00,34920,25033,9887,37383
2016-06-06 17:00,33590,23520,10070,35610
2016-06-06 16:00,32203,21774,10429,34006
2016-06-06 15:00,30288,19734,10554,32110
2016-06-06 14:00,28577,18932,9645,30093
2016-06-06 13:00,26995,19091,7904,28366
2016-06-06 12:00,26355,19383,6972,27364
2016-06-06 11:00,26309,19445,6864,27105
2016-06-06 10:00,27078,20543,6535,27633
2016-06-06 09:00,28485,21890,6595,28746
2016-06-06 08:00,30827,24370,6457,30317
2016-06-06 07:00,34030,27499,6531,33085
2016-06-06 06:00,37545,29324,8221,36620
2016-06-06 05:00,39464,30526,8938,40168
2016-06-06 04:00,40360,32433,7927,41371
2016-06-06 03:00,41328,33921,7407,42021
2016-06-06 02:00,41477,34950,6527,43164
2016-06-06 01:00,40665,35081,5584,43407
2016-06-06 00:00,39449,34460,4989,42824
2016-06-05 23:00,38020,33410,4610,41518
2016-06-05 22:00,36283,31680,4603,39789
2016-06-05 21:00,34488,30717,3771,37518
2016-06-05 20:00,32903,29057,3846,35768
2016-06-05 19:00,31349,27347,4002,33995
2016-06-05 18:00,29891,25993,3898,32328
2016-06-05 17:00,28514,24261,4253,30531
2016-06-05 16:00,27238,21855,5383,28873
2016-06-05 15:00,26226,19433,6793,27376
2016-06-05 14:00,26229,18494,7735,26514
2016-06-05 13:00,26416,19206,7210,26901
2016-06-05 12:00,26801,19559,7242,27054
2016-06-05 11:00,27287,20120,7167,27512
2016-06-05 10:00,28562,21457,7105,28440
2016-06-05 09:00,30386,23151,7235,29837
2016-06-05 08:00,32843,26014,6829,31725
2016-06-05 07:00,36063,28954,7109,34720
2016-06-05 06:00,39029,31581,7448,37981
2016-06-05 05:00,41067,33758,7309,40977
2016-06-05 04:00,42257,36516,5741,42462
2016-06-05 03:00,43537,38319,5218,43516
2016-06-05 02:00,44037,39821,4216,45131
2016-06-05 01:00,43882,40695,3187,45864
2016-06-05 00:00,43171,40445,2726,45696
2016-06-04 23:00,42063,39118,2945,44633
2016-06-04 22:00,40765,36518,4247,43083
2016-06-04 21:00,39438,34657,4781,41321
2016-06-04 20:00,38111,32338,5773,39497
2016-06-04 19:00,36156,30702,5454,37487
2016-06-04 18:00,34234,28760,5474,35443
2016-06-04 17:00,32206,26688,5518,33324
2016-06-04 16:00,29954,24022,5932,31300
2016-06-04 15:00,28465,21707,6758,29470
2016-06-04 14:00,27914,20016,7898,28226
2016-06-04 13:00,28205,19623,8582,28198
2016-06-04 12:00,28406,19329,9077,28098
2016-06-04 11:00,28960,19407,9553,28446
2016-06-04 10:00,30346,20285,10061,29412
2016-06-04 09:00,32301,21678,10623,30933
2016-06-04 08:00,35142,23501,11641,33070
2016-06-04 07:00,38744,26365,12379,36114
2016-06-04 06:00,42499,29403,13096,39882
2016-06-04 05:00,45269,31641,13628,43495
2016-06-04 04:00,46963,33925,13038,45375
2016-06-04 03:00,48691,35470,13221,46829
2016-06-04 02:00,50122,36554,13568,48758
2016-06-04 01:00,50638,36579,14059,49727
2016-06-04 00:00,49567,35632,13935,49698
2016-06-03 23:00,48065,34028,14037,48603
2016-06-03 22:00,45969,32306,13663,46900
2016-06-03 21:00,43476,30621,12855,44760
2016-06-03 20:00,41544,29295,12249,42991
2016-06-03 19:00,39328,28199,11129,41369
2016-06-03 18:00,37121,26801,10320,39581
2016-06-03 17:00,35235,25068,10167,37673
2016-06-03 16:00,33502,22930,10572,35866
2016-06-03 15:00,31133,20899,10234,33925
2016-06-03 14:00,29108,19438,9670,31422
2016-06-03 13:00,28395,18661,9734,29509
2016-06-03 12:00,27854,18213,9641,28617
2016-06-03 11:00,28286,18646,9640,28527
2016-06-03 10:00,29411,19452,9959,29217
2016-06-03 09:00,31109,20747,10362,30459
2016-06-03 08:00,33428,22446,10982,32097
2016-06-03 07:00,36885,25353,11532,34968
2016-06-03 06:00,40969,28569,12400,38825
2016-06-03 05:00,43512,29931,13581,42681
2016-06-03 04:00,44649,31049,13600,44315
2016-06-03 03:00,45752,31934,13818,44909
2016-06-03 02:00,46355,33329,13026,46046
2016-06-03 01:00,46543,33391,13152,46864
2016-06-03 00:00,45765,32776,12989,46838
2016-06-02 23:00,44375,31910,12465,45782
2016-06-02 22:00,42600,30902,11698,44218
2016-06-02 21:00,40584,29923,10661,42337
2016-06-02 20:00,39057,28763,10294,40289
2016-06-02 19:00,37484,28006,9478,38777
2016-06-02 18:00,35844,26672,9172,37357
2016-06-02 17:00,34448,25170,9278,35762
2016-06-02 16:00,32696,23268,9428,34175
2016-06-02 15:00,30585,21395,9190,32576
2016-06-02 14:00,28631,20139,8492,30497
2016-06-02 13:00,27618,18843,8775,28776
2016-06-02 12:00,27227,18521,8706,27781
2016-06-02 11:00,27578,19112,8466,27587
2016-06-02 10:00,28489,19743,8746,28212
2016-06-02 09:00,29826,20981,8845,29330
2016-06-02 08:00,31966,22995,8971,30862
2016-06-02 07:00,35285,25848,9437,33598
2016-06-02 06:00,39002,28667,10335,37066
2016-06-02 05:00,41365,30162,11203,40475
2016-06-02 04:00,41886,31227,10659,41973
2016-06-02 03:00,42616,32467,10149,42148
2016-06-02 02:00,43076,32722,10354,42997
2016-06-02 01:00,43087,32733,10354,43394
2016-06-02 00:00,42453,31870,10583,43364
2016-06-01 23:00,41347,30850,10497,42561
2016-06-01 22:00,40083,29836,10247,41364
2016-06-01 21:00,38751,28494,10257,39919
2016-06-01 20:00,37683,27693,9990,38592
2016-06-01 19:00,36656,26750,9906,37679
2016-06-01 18:00,35525,25921,9604,36504
2016-06-01 17:00,34398,25202,9196,35260
2016-06-01 16:00,32968,23260,9708,33979
2016-06-01 15:00,30821,20725,10096,32490
2016-06-01 14:00,28827,18666,10161,30239
2016-06-01 13:00,27342,17737,9605,28241
2016-06-01 12:00,26888,17495,9393,27098
2016-06-01 11:00,27231,17626,9605,26888
2016-06-01 10:00,28161,17763,10398,27393
2016-06-01 09:00,29692,18548,11144,28474
2016-06-01 08:00,31921,20221,11700,29771
2016-06-01 07:00,35273,22952,12321,33350
2016-06-01 06:00,39100,25413,13687,36869
2016-06-01 05:00,41459,25721,15738,40453
2016-06-01 04:00,41976,26822,15154,42010
2016-06-01 03:00,42367,27087,15280,41949
2016-06-01 02:00,42577,27098,15479,42335
2016-06-01 01:00,42351,26998,15353,43071
2016-06-01 00:00,41807,26132,15675,43158
2016-05-31 23:00,40681,24924,15757,43121
2016-05-31 22:00,39285,23638,15647,41858
2016-05-31 21:00,37863,23352,14511,40343
2016-05-31 20:00,36865,23509,13356,38912
2016-05-31 19:00,35824,22673,13151,37930
2016-05-31 18:00,34739,21992,12747,36769
2016-05-31 17:00,33715,20941,12774,35467
2016-05-31 16:00,31970,18933,13037,34232
2016-05-31 15:00,29625,17373,12252,32839
2016-05-31 14:00,27466,16555,10911,30325
2016-05-31 13:00,26078,16221,9857,28005
2016-05-31 12:00,25453,16055,9398,26784
2016-05-31 11:00,25591,16184,9407,26570
2016-05-31 10:00,26317,16590,9727,27034
2016-05-31 09:00,27552,18036,9516,28035
2016-05-31 08:00,29344,19765,9579,29388
2016-05-31 07:00,32185,21683,10502,31364
2016-05-31 06:00,35255,23437,11818,34453
2016-05-31 05:00,36893,23861,13032,37433
2016-05-31 04:00,36789,24059,12730,38744
2016-05-31 03:00,36766,24110,12656,38794
2016-05-31 02:00,36424,24628,11796,39469
2016-05-31 01:00,35533,24521,11012,39673
2016-05-31 00:00,34693,23693,11000,39247
2016-05-30 23:00,33308,22734,10574,38366
2016-05-30 22:00,32163,22790,9373,37327
2016-05-30 21:00,31648,22825,8823,36005
2016-05-30 20:00,31287,22542,8745,34686
2016-05-30 19:00,30243,21726,8517,33713
2016-05-30 18:00,28969,20880,8089,32504
2016-05-30 17:00,27653,19797,7856,31214
2016-05-30 16:00,25952,17663,8289,30013
2016-05-30 15:00,24614,15748,8866,28614
2016-05-30 14:00,24289,15190,9099,27120
2016-05-30 13:00,24246,15305,8941,26372
2016-05-30 12:00,24241,15867,8374,25809
2016-05-30 11:00,24610,16437,8173,25645
2016-05-30 10:00,25386,16885,8501,25996
2016-05-30 09:00,26665,18173,8492,26956
2016-05-30 08:00,28249,19447,8802,28325
2016-05-30 07:00,30460,21015,9445,29813
2016-05-30 06:00,32672,22387,10285,32345
2016-05-30 05:00,33732,23481,10251,34657
2016-05-30 04:00,33184,24036,9148,35240
2016-05-30 03:00,32882,24439,8443,34088
2016-05-30 02:00,32483,24803,7680,33876
2016-05-30 01:00,32266,25194,7072,33539
2016-05-30 00:00,31343,24191,7152,32689
2016-05-29 23:00,30401,23577,6824,31977
2016-05-29 22:00,29730,22997,6733,31104
2016-05-29 21:00,29197,22597,6600,30242
2016-05-29 20:00,28998,22313,6685,29464
2016-05-29 19:00,28489,21922,6567,28832
2016-05-29 18:00,27739,21387,6352,28123
2016-05-29 17:00,26762,20232,6530,27405
2016-05-29 16:00,25654,18769,6885,26315
2016-05-29 15:00,24712,17140,7572,25216
2016-05-29 14:00,24493,16166,8327,24518
2016-05-29 13:00,24535,16035,8500,24677
2016-05-29 12:00,24692,16010,8682,24643
2016-05-29 11:00,25146,16347,8799,24898
2016-05-29 10:00,26026,17670,8356,25569
2016-05-29 09:00,27308,18443,8865,26571
2016-05-29 08:00,29069,20109,8960,27878
2016-05-29 07:00,31293,21713,9580,30211
2016-05-29 06:00,33577,23423,10154,32751
2016-05-29 05:00,34673,24450,10223,34867
2016-05-29 04:00,34346,24686,9660,35494
2016-05-29 03:00,34152,25785,8367,34694
2016-05-29 02:00,33975,25726,8249,34943
2016-05-29 01:00,33524,25516,8008,34875
2016-05-29 00:00,32894,25220,7674,34505
2016-05-28 23:00,32059,24731,7328,33677
2016-05-28 22:00,31467,24314,7153,32897
2016-05-28 21:00,30860,23896,6964,32131
2016-05-28 20:00,30227,23449,6778,31441
2016-05-28 19:00,29914,23033,6881,30771
2016-05-28 18:00,29504,23266,6238,30064
2016-05-28 17:00,28697,22719,5978,29098
2016-05-28 16:00,27128,21420,5708,27828
2016-05-28 15:00,26015,19708,6307,26371
2016-05-28 14:00,25688,17530,8158,25447
2016-05-28 13:00,25500,17142,8358,25510
2016-05-28 12:00,25551,16963,8588,25266
2016-05-28 11:00,26042,16731,9311,25443
2016-05-28 10:00,26879,17551,9328,26034
2016-05-28 09:00,28181,18120,10061,27092
2016-05-28 08:00,29858,19582,10276,28503
2016-05-28 07:00,32267,21685,10582,29977
2016-05-28 06:00,34717,23631,11086,32668
2016-05-28 05:00,35978,24820,11158,35153
2016-05-28 04:00,35655,24873,10782,36079
2016-05-28 03:00,35635,25030,10605,35128
2016-05-28 02:00,35890,25609,10281,35350
2016-05-28 01:00,35898,25716,10182,36026
2016-05-28 00:00,35263,25572,9691,36395
2016-05-27 23:00,34613,25067,9546,36145
2016-05-27 22:00,33921,24612,9309,35641
2016-05-27 21:00,33229,24282,8947,35000
2016-05-27 20:00,32892,24246,8646,34321
2016-05-27 19:00,32548,24219,8329,34067
2016-05-27 18:00,32018,24089,7929,33677
2016-05-27 17:00,31432,23704,7728,33163
2016-05-27 16:00,30141,21843,8298,32241
2016-05-27 15:00,28489,19800,8689,31040
2016-05-27 14:00,26929,17959,8970,28815
2016-05-27 13:00,26314,17169,9145,26820
2016-05-27 12:00,25771,16585,9186,25536
2016-05-27 11:00,25969,16724,9245,25173
2016-05-27 10:00,26602,17150,9452,25543
2016-05-27 09:00,27518,18075,9443,26356
2016-05-27 08:00,29146,19065,10081,27608
2016-05-27 07:00,31702,20870,10832,29408
2016-05-27 06:00,34403,22949,11454,32068
2016-05-27 05:00,35712,24077,11635,34662
2016-05-27 04:00,35020,24182,10838,35771
2016-05-27 03:00,34659,24063,10596,34537
2016-05-27 02:00,34611,24583,10028,34299
2016-05-27 01:00,34704,25070,9634,34367
2016-05-27 00:00,34265,24980,9285,34221
2016-05-26 23:00,33628,24693,8935,34069
2016-05-26 22:00,33156,24980,8176,33753
2016-05-26 21:00,33087,25077,8010,33395
2016-05-26 20:00,33270,24703,8567,32969
2016-05-26 19:00,32819,24322,8497,32922
2016-05-26 18:00,32735,23814,8921,32712
2016-05-26 17:00,32182,22929,9253,32362
2016-05-26 16:00,30877,21538,9339,31708
2016-05-26 15:00,29067,19118,9949,30749
2016-05-26 14:00,27220,17585,9635,28666
2016-05-26 13:00,26132,16385,9747,26647
2016-05-26 12:00,25357,15975,9382,25241
2016-05-26 11:00,25363,15783,9580,24848
2016-05-26 10:00,25944,16420,9524,25079
2016-05-26 09:00,27017,17393,9624,25859
2016-05-26 08:00,28549,18522,10027,27141
2016-05-26 07:00,31086,20293,10793,29102
2016-05-26 06:00,33666,22411,11255,31696
2016-05-26 05:00,34803,23424,11379,34215
2016-05-26 04:00,33852,23265,10587,34919
2016-05-26 03:00,33133,23107,10026,33521
2016-05-26 02:00,32845,23403,9442,33186
2016-05-26 01:00,32692,24332,8360,33258
2016-05-26 00:00,32525,24449,8076,33115
2016-05-25 23:00,32295,24287,8008,32871
2016-05-25 22:00,32240,24252,7988,32633
2016-05-25 21:00,32082,23909,8173,32469
2016-05-25 20:00,32154,23692,8462,32263
2016-05-25 19:00,32272,23944,8328,32373
2016-05-25 18:00,31990,23480,8510,32299
2016-05-25 17:00,31531,22546,8985,31928
2016-05-25 16:00,30761,21694,9067,31356
2016-05-25 15:00,29090,19546,9544,30548
2016-05-25 14:00,27179,17921,9258,28734
2016-05-25 13:00,25653,16469,9184,26712
2016-05-25 12:00,24982,16016,8966,25186
2016-05-25 11:00,25093,16238,8855,24660
2016-05-25 10:00,25724,16642,9082,24867
2016-05-25 09:00,26770,17704,9066,25574
2016-05-25 08:00,28197,19333,8864,26610
2016-05-25 07:00,30611,21600,9011,28948
2016-05-25 06:00,33267,23262,10005,31469
2016-05-25 05:00,34550,24380,10170,33952
2016-05-25 04:00,33645,23955,9690,34637
2016-05-25 03:00,32888,24276,8612,33276
2016-05-25 02:00,32812,24791,8021,32862
2016-05-25 01:00,32902,24860,8042,32840
2016-05-25 00:00,32858,24770,8088,32907
2016-05-24 23:00,32682,24501,8181,32737
2016-05-24 22:00,32511,24642,7869,32578
2016-05-24 21:00,32409,24432,7977,32393
2016-05-24 20:00,32591,24503,8088,32188
2016-05-24 19:00,32510,24424,8086,32219
2016-05-24 18:00,32053,23894,8159,32086
2016-05-24 17:00,31658,22957,8701,31759
2016-05-24 16:00,30945,21727,9218,31277
2016-05-24 15:00,29189,19188,10001,30441
2016-05-24 14:00,27241,17722,9519,28860
2016-05-24 13:00,25743,15957,9786,26953
2016-05-24 12:00,25106,15607,9499,25612
2016-05-24 11:00,25167,15642,9525,25140
2016-05-24 10:00,25662,15642,10020,25421
2016-05-24 09:00,26682,15817,10865,26078
2016-05-24 08:00,28177,17367,10810,26995
2016-05-24 07:00,30476,19424,11052,28484
2016-05-24 06:00,33052,20948,12104,30936
2016-05-24 05:00,34445,21840,12605,33424
2016-05-24 04:00,33454,21325,12129,34411
2016-05-24 03:00,32693,21960,10733,33481
2016-05-24 02:00,32749,21817,10932,32608
2016-05-24 01:00,32864,22222,10642,32486
2016-05-24 00:00,32991,21617,11374,32604
2016-05-23 23:00,32852,21212,11640,32338
2016-05-23 22:00,32660,21077,11583,32333
2016-05-23 21:00,32440,20887,11553,32165
2016-05-23 20:00,32439,20951,11488,32024
2016-05-23 19:00,32375,21037,11338,32292
2016-05-23 18:00,32071,21014,11057,32174
2016-05-23 17:00,31344,20041,11303,31809
2016-05-23 16:00,30205,17919,12286,31132
2016-05-23 15:00,28353,16701,11652,30206
2016-05-23 14:00,26568,16549,10019,28414
2016-05-23 13:00,24986,16067,8919,26240
2016-05-23 12:00,24242,15947,8295,24753
2016-05-23 11:00,24199,16171,8028,24141
2016-05-23 10:00,24477,15998,8479,24232
2016-05-23 09:00,25235,16818,8417,24725
2016-05-23 08:00,26798,18044,8754,25562
2016-05-23 07:00,28938,19474,9464,27280
2016-05-23 06:00,31311,20822,10489,29445
2016-05-23 05:00,32252,21329,10923,31428
2016-05-23 04:00,30837,20524,10313,31638
2016-05-23 03:00,29981,21555,8426,29897
2016-05-23 02:00,29468,22497,6971,29115
2016-05-23 01:00,28434,23351,5083,28301
2016-05-23 00:00,27616,22978,4638,27535
2016-05-22 23:00,27101,23131,3970,26983
2016-05-22 22:00,26862,23715,3147,26602
2016-05-22 21:00,26699,23672,3027,26393
2016-05-22 20:00,26645,23404,3241,26198
2016-05-22 19:00,26577,23264,3313,26281
2016-05-22 18:00,26241,22852,3389,26230
2016-05-22 17:00,25820,21877,3943,25965
2016-05-22 16:00,25096,20239,4857,25362
2016-05-22 15:00,24644,18296,6348,24513
2016-05-22 14:00,24708,17408,7300,24111
2016-05-22 13:00,24569,16848,7721,23954
2016-05-22 12:00,24598,16611,7987,23698
2016-05-22 11:00,24902,16699,8203,23801
2016-05-22 10:00,25462,17496,7966,24231
2016-05-22 09:00,26163,18028,8135,24995
2016-05-22 08:00,27265,19462,7803,26015
2016-05-22 07:00,29100,20824,8276,27521
2016-05-22 06:00,30842,22668,8174,29387
2016-05-22 05:00,31578,23435,8143,31003
2016-05-22 04:00,30216,23276,6940,31358
2016-05-22 03:00,29149,23496,5653,29884
2016-05-22 02:00,29050,24006,5044,28779
2016-05-22 01:00,28845,24867,3978,28273
2016-05-22 00:00,28570,25301,3269,27964
2016-05-21 23:00,28367,25213,3154,27819
2016-05-21 22:00,28540,25538,3002,27839
2016-05-21 21:00,28763,25275,3488,28038
2016-05-21 20:00,28938,25187,3751,28378
2016-05-21 19:00,29003,24544,4459,28566
2016-05-21 18:00,28638,25083,3555,28537
2016-05-21 17:00,27997,24092,3905,28183
2016-05-21 16:00,27120,23090,4030,27329
2016-05-21 15:00,26015,20685,5330,26233
2016-05-21 14:00,25623,19008,6615,25276
2016-05-21 13:00,25532,17858,7674,25024
2016-05-21 12:00,25140,17184,7956,24495
2016-05-21 11:00,25426,17211,8215,24494
2016-05-21 10:00,26117,17835,8282,24902
2016-05-21 09:00,27241,18506,8735,25721
2016-05-21 08:00,28569,20239,8330,26927
2016-05-21 07:00,30503,22554,7949,28929
2016-05-21 06:00,32415,24625,7790,31234
2016-05-21 05:00,33300,25661,7639,33332
2016-05-21 04:00,32226,25682,6544,33666
2016-05-21 03:00,31819,26562,5257,32350
2016-05-21 02:00,32009,27267,4742,32371
2016-05-21 01:00,32355,28207,4148,32886
2016-05-21 00:00,32553,27711,4842,32913
2016-05-20 23:00,32686,27663,5023,32755
2016-05-20 22:00,32731,27494,5237,32601
2016-05-20 21:00,32785,26766,6019,32425
2016-05-20 20:00,33066,26326,6740,32337
2016-05-20 19:00,33096,26073,7023,32715
2016-05-20 18:00,32614,25324,7290,32796
2016-05-20 17:00,32181,24509,7672,32616
2016-05-20 16:00,31174,22869,8305,31970
2016-05-20 15:00,29622,20716,8906,31048
2016-05-20 14:00,27887,18904,8983,29064
2016-05-20 13:00,26514,17669,8845,27221
2016-05-20 12:00,25902,17103,8799,26057
2016-05-20 11:00,26140,17160,8980,25667
2016-05-20 10:00,26801,17978,8823,26025
2016-05-20 09:00,27687,19409,8278,26751
2016-05-20 08:00,29211,20321,8890,27860
2016-05-20 07:00,31928,23192,8736,30410
2016-05-20 06:00,34816,25740,9076,33280
2016-05-20 05:00,36589,27389,9200,36202
2016-05-20 04:00,36081,27996,8085,37198
2016-05-20 03:00,35870,28997,6873,36254
2016-05-20 02:00,36233,29260,6973,35907
2016-05-20 01:00,36837,29389,7448,36394
2016-05-20 00:00,36665,28730,7935,36712
2016-05-19 23:00,36423,28234,8189,36491
2016-05-19 22:00,35894,27755,8139,36088
2016-05-19 21:00,35340,27050,8290,35555
2016-05-19 20:00,35138,26612,8526,34935
2016-05-19 19:00,34926,25470,9456,34705
2016-05-19 18:00,34577,24312,10265,34293
2016-05-19 17:00,33902,23492,10410,33485
2016-05-19 16:00,32425,21670,10755,32634
2016-05-19 15:00,30598,19724,10874,31537
2016-05-19 14:00,28500,18609,9891,29505
2016-05-19 13:00,27052,17345,9707,27616
2016-05-19 12:00,26469,16650,9819,26275
2016-05-19 11:00,26806,16817,9989,25920
2016-05-19 10:00,27658,17700,9958,26299
2016-05-19 09:00,28992,18751,10241,27193
2016-05-19 08:00,30737,19901,10836,28678
2016-05-19 07:00,33725,22485,11240,31534
2016-05-19 06:00,37186,24879,12307,34790
2016-05-19 05:00,39314,26534,12780,38136
2016-05-19 04:00,39407,26429,12978,39586
2016-05-19 03:00,39746,26739,13007,39070
2016-05-19 02:00,40085,27266,12819,39008
2016-05-19 01:00,39987,27282,12705,39688
2016-05-19 00:00,39359,27200,12159,39956
2016-05-18 23:00,38717,26851,11866,39377
2016-05-18 22:00,38042,26337,11705,38594
2016-05-18 21:00,36826,25395,11431,37681
2016-05-18 20:00,35905,25567,10338,36706
2016-05-18 19:00,34788,25995,8793,35995
2016-05-18 18:00,33753,25124,8629,35048
2016-05-18 17:00,33101,23570,9531,33988
2016-05-18 16:00,31557,20239,11318,32991
2016-05-18 15:00,29530,20059,9471,31743
2016-05-18 14:00,28045,18267,9778,29631
2016-05-18 13:00,26994,17576,9418,27700
2016-05-18 12:00,26505,16786,9719,26351
2016-05-18 11:00,26538,16964,9574,25985
2016-05-18 10:00,27167,17681,9486,26360
2016-05-18 09:00,28632,18301,10331,27259
2016-05-18 08:00,30203,19330,10873,28653
2016-05-18 07:00,32915,21098,11817,30613
2016-05-18 06:00,36181,23713,12468,33747
2016-05-18 05:00,38196,25106,13090,36900
2016-05-18 04:00,38040,25113,12927,38239
2016-05-18 03:00,37823,25617,12206,37359
2016-05-18 02:00,37977,26621,11356,37267
2016-05-18 01:00,37802,27259,10543,37469
2016-05-18 00:00,37538,26793,10745,37399
2016-05-17 23:00,37170,26376,10794,36861
2016-05-17 22:00,36180,25814,10366,36213
2016-05-17 21:00,35366,24908,10458,35521
2016-05-17 20:00,35246,24409,10837,34704
2016-05-17 19:00,34829,24102,10727,34209
2016-05-17 18:00,34175,23528,10647,33702
2016-05-17 17:00,33292,23143,10149,33010
2016-05-17 16:00,30260,21856,8404,32241
2016-05-17 15:00,29908,19345,10563,31248
2016-05-17 14:00,27995,17650,10345,29199
2016-05-17 13:00,26659,16436,10223,27220
2016-05-17 12:00,26053,16341,9712,25810
2016-05-17 11:00,26224,16149,10075,25383
2016-05-17 10:00,26778,16066,10712,25689
2016-05-17 09:00,27683,17003,10680,26439
2016-05-17 08:00,28717,18114,10603,27661
2016-05-17 07:00,30916,19518,11398,29547
2016-05-17 06:00,34002,21668,12334,32354
2016-05-17 05:00,35790,22967,12823,35164
2016-05-17 04:00,35312,22815,12497,36481
2016-05-17 03:00,34808,23153,11655,35121
2016-05-17 02:00,35060,23197,11863,34843
2016-05-17 01:00,35497,23920,11577,34856
2016-05-17 00:00,35471,24522,10949,34682
2016-05-16 23:00,35097,24012,11085,34351
2016-05-16 22:00,34646,24248,10398,33924
2016-05-16 21:00,34217,24091,10126,33441
2016-05-16 20:00,34062,23883,10179,32982
2016-05-16 19:00,33735,23088,10647,32925
2016-05-16 18:00,33050,22503,10547,32728
2016-05-16 17:00,32024,20598,11426,32229
2016-05-16 16:00,30856,18365,12491,31535
2016-05-16 15:00,29006,16801,12205,30590
2016-05-16 14:00,26923,15837,11086,28628
2016-05-16 13:00,25324,15473,9851,26485
2016-05-16 12:00,24526,15726,8800,24951
2016-05-16 11:00,24489,16381,8108,24527
2016-05-16 10:00,25018,16946,8072,24746
2016-05-16 09:00,25973,17737,8236,25303
2016-05-16 08:00,27276,18992,8284,26216
2016-05-16 07:00,29267,20404,8863,27814
2016-05-16 06:00,31742,22080,9662,30280
2016-05-16 05:00,33008,22987,10021,32386
2016-05-16 04:00,31987,23102,8885,32736
2016-05-16 03:00,30778,23411,7367,30863
2016-05-16 02:00,30361,24161,6200,30048
2016-05-16 01:00,29878,24584,5294,29168
2016-05-16 00:00,29187,24648,4539,28355
2016-05-15 23:00,28535,24425,4110,27816
2016-05-15 22:00,28154,23700,4454,27317
2016-05-15 21:00,27957,23433,4524,26984
2016-05-15 20:00,27720,23288,4432,26798
2016-05-15 19:00,27588,23256,4332,26839
2016-05-15 18:00,27094,22425,4669,26823
2016-05-15 17:00,26522,21685,4837,26662
2016-05-15 16:00,25538,19509,6029,25944
2016-05-15 15:00,24483,17770,6713,24956
2016-05-15 14:00,24362,17295,7067,24176
2016-05-15 13:00,24418,16473,7945,23889
2016-05-15 12:00,24508,16757,7751,23729
2016-05-15 11:00,25016,17466,7550,23973
2016-05-15 10:00,25742,17955,7787,24513
2016-05-15 09:00,26811,19210,7601,25350
2016-05-15 08:00,28270,20894,7376,26642
2016-05-15 07:00,30264,22404,7860,28675
2016-05-15 06:00,32303,24812,7491,30874
2016-05-15 05:00,33346,26616,6730,32658
2016-05-15 04:00,32458,26919,5539,33202
2016-05-15 03:00,31807,27673,4134,31809
2016-05-15 02:00,31278,28275,3003,31271
2016-05-15 01:00,30780,28922,1858,30861
2016-05-15 00:00,30113,28228,1885,30534
2016-05-14 23:00,29721,27279,2442,30272
2016-05-14 22:00,29490,26557,2933,29955
2016-05-14 21:00,29421,26196,3225,29777
2016-05-14 20:00,29490,25892,3598,29782
2016-05-14 19:00,29562,25307,4255,29919
2016-05-14 18:00,29197,24735,4462,29871
2016-05-14 17:00,28402,23535,4867,29269
2016-05-14 16:00,27202,22344,4858,28248
2016-05-14 15:00,26165,20312,5853,26907
2016-05-14 14:00,25675,18282,7393,25933
2016-05-14 13:00,25327,17529,7798,25533
2016-05-14 12:00,25306,17183,8123,25127
2016-05-14 11:00,25700,17495,8205,25294
2016-05-14 10:00,26645,18024,8621,25874
2016-05-14 09:00,27914,19159,8755,26862
2016-05-14 08:00,29772,21265,8507,28259
2016-05-14 07:00,32271,23274,8997,30446
2016-05-14 06:00,34880,25500,9380,33100
2016-05-14 05:00,36424,27145,9279,35321
2016-05-14 04:00,36037,27408,8629,36057
2016-05-14 03:00,36069,27805,8264,34946
2016-05-14 02:00,36436,28602,7834,35032
2016-05-14 01:00,36730,28735,7995,35521
2016-05-14 00:00,36298,28507,7791,35971
2016-05-13 23:00,35656,28007,7649,35869
2016-05-13 22:00,34956,27424,7532,35571
2016-05-13 21:00,34120,26061,8059,35151
2016-05-13 20:00,33771,25880,7891,34662
2016-05-13 19:00,33506,25098,8408,34588
2016-05-13 18:00,32838,24487,8351,34079
2016-05-13 17:00,32009,23424,8585,33332
2016-05-13 16:00,31226,21789,9437,32519
2016-05-13 15:00,29735,19765,9970,31395
2016-05-13 14:00,28034,18229,9805,29402
2016-05-13 13:00,26551,17049,9502,27608
2016-05-13 12:00,25975,16649,9326,26277
2016-05-13 11:00,26248,16660,9588,25953
2016-05-13 10:00,27013,17018,9995,26384
2016-05-13 09:00,28283,17940,10343,27303
2016-05-13 08:00,29968,19645,10323,28654
2016-05-13 07:00,32810,21577,11233,30890
2016-05-13 06:00,35968,24402,11566,34085
2016-05-13 05:00,38151,26036,12115,37266
2016-05-13 04:00,38060,26096,11964,38909
2016-05-13 03:00,38034,26261,11773,38353
2016-05-13 02:00,38408,26707,11701,38850
2016-05-13 01:00,38312,26752,11560,39734
2016-05-13 00:00,37972,26574,11398,39840
2016-05-12 23:00,37169,26011,11158,39280
2016-05-12 22:00,36251,25557,10694,38405
2016-05-12 21:00,35234,24918,10316,37318
2016-05-12 20:00,34740,24524,10216,36223
2016-05-12 19:00,33974,24535,9439,35380
2016-05-12 18:00,33140,23996,9144,34564
2016-05-12 17:00,32424,22838,9586,33737
2016-05-12 16:00,31332,21713,9619,32793
2016-05-12 15:00,29629,19188,10441,31632
2016-05-12 14:00,27752,17575,10177,29573
2016-05-12 13:00,26353,16230,10123,27747
2016-05-12 12:00,25814,15765,10049,26297
2016-05-12 11:00,26031,16016,10015,25867
2016-05-12 10:00,26779,16873,9906,26211
2016-05-12 09:00,27984,17873,10111,27100
2016-05-12 08:00,29863,19224,10639,28362
2016-05-12 07:00,32689,21244,11445,29555
2016-05-12 06:00,35668,23625,12043,32353
2016-05-12 05:00,37357,25296,12061,35304
2016-05-12 04:00,36880,24603,12277,37291
2016-05-12 03:00,36465,25036,11429,36748
2016-05-12 02:00,36324,25014,11310,36512
2016-05-12 01:00,36105,24754,11351,37141
2016-05-12 00:00,35725,24212,11513,37219
2016-05-11 23:00,35025,24113,10912,36827
2016-05-11 22:00,34254,23719,10535,36187
2016-05-11 21:00,33357,23290,10067,35395
2016-05-11 20:00,33021,23038,9983,34461
2016-05-11 19:00,32816,23322,9494,33895
2016-05-11 18:00,32690,23065,9625,33367
2016-05-11 17:00,32163,22394,9769,32711
2016-05-11 16:00,31241,20803,10438,32055
2016-05-11 15:00,29223,19181,10042,31238
2016-05-11 14:00,27148,17324,9824,29534
2016-05-11 13:00,25734,16472,9262,27310
2016-05-11 12:00,25225,16013,9212,25849
2016-05-11 11:00,25285,16030,9255,25400
2016-05-11 10:00,26091,16696,9395,25660
2016-05-11 09:00,27335,17706,9629,26410
2016-05-11 08:00,28747,19185,9562,27526
2016-05-11 07:00,31083,21089,9994,29309
2016-05-11 06:00,33825,23103,10722,31992
2016-05-11 05:00,35470,24617,10853,34849
2016-05-11 04:00,34787,23970,10817,35925
2016-05-11 03:00,34159,24082,10077,34728
2016-05-11 02:00,34087,24867,9220,33995
2016-05-11 01:00,34003,24820,9183,34125
2016-05-11 00:00,33711,24642,9069,34154
2016-05-10 23:00,33207,24377,8830,33900
2016-05-10 22:00,32753,23849,8904,33497
2016-05-10 21:00,32354,23770,8584,33052
2016-05-10 20:00,32442,23737,8705,32545
2016-05-10 19:00,32539,24111,8428,32455
2016-05-10 18:00,32352,23856,8496,32197
2016-05-10 17:00,31702,22919,8783,31872
2016-05-10 16:00,30821,21010,9811,31452
2016-05-10 15:00,29109,19098,10011,30751
2016-05-10 14:00,26900,17094,9806,28943
2016-05-10 13:00,25310,15831,9479,26863
2016-05-10 12:00,24673,15486,9187,25400
2016-05-10 11:00,24767,15347,9420,24907
2016-05-10 10:00,25422,15688,9734,25115
2016-05-10 09:00,26674,15978,10696,25810
2016-05-10 08:00,28182,17016,11166,26895
2016-05-10 07:00,30665,18444,12221,28553
2016-05-10 06:00,33517,19980,13537,30969
2016-05-10 05:00,35170,20937,14233,33751
2016-05-10 04:00,34275,20585,13690,34795
2016-05-10 03:00,33320,20308,13012,33461
2016-05-10 02:00,33201,19654,13547,32707
2016-05-10 01:00,32867,19464,13403,32492
2016-05-10 00:00,32639,19857,12782,32577
2016-05-09 23:00,32452,20015,12437,32454
2016-05-09 22:00,32404,19632,12772,32286
2016-05-09 21:00,32438,19977,12461,32130
2016-05-09 20:00,32645,20162,12483,31923
2016-05-09 19:00,32752,20323,12429,31882
2016-05-09 18:00,32594,19243,13351,31623
2016-05-09 17:00,31735,18201,13534,31233
2016-05-09 16:00,30465,16788,13677,30695
2016-05-09 15:00,28697,15795,12902,29934
2016-05-09 14:00,26893,15028,11865,28153
2016-05-09 13:00,25358,14696,10662,26111
2016-05-09 12:00,24535,14564,9971,24496
2016-05-09 11:00,24488,14852,9636,23933
2016-05-09 10:00,24980,15755,9225,24083
2016-05-09 09:00,25575,16480,9095,24621
2016-05-09 08:00,26532,17507,9025,25569
2016-05-09 07:00,28450,18715,9735,27178
2016-05-09 06:00,30386,20274,10112,29265
2016-05-09 05:00,31378,20680,10698,31188
2016-05-09 04:00,30179,20473,9706,31970
2016-05-09 03:00,28942,20022,8920,30380
2016-05-09 02:00,27972,20427,7545,29258
2016-05-09 01:00,27460,20217,7243,28523
2016-05-09 00:00,26978,19836,7142,27790
2016-05-08 23:00,26970,20047,6923,27138
2016-05-08 22:00,26753,20221,6532,26716
2016-05-08 21:00,26737,20804,5933,26435
2016-05-08 20:00,27020,21119,5901,26328
2016-05-08 19:00,27079,21296,5783,26282
2016-05-08 18:00,26546,21011,5535,26218
2016-05-08 17:00,25784,19784,6000,25916
2016-05-08 16:00,24659,18516,6143,25274
2016-05-08 15:00,24024,16971,7053,24481
2016-05-08 14:00,23912,16392,7520,23955
2016-05-08 13:00,24015,15653,8362,23975
2016-05-08 12:00,24002,15360,8642,23704
2016-05-08 11:00,24307,16123,8184,23773
2016-05-08 10:00,25077,16571,8506,24199
2016-05-08 09:00,25808,17569,8239,24922
2016-05-08 08:00,26604,18676,7928,25871
2016-05-08 07:00,28104,20001,8103,27810
2016-05-08 06:00,29848,21072,8776,29630
2016-05-08 05:00,30860,22412,8448,31018
2016-05-08 04:00,29810,22056,7754,31398
2016-05-08 03:00,28712,21862,6850,29620
2016-05-08 02:00,28339,21916,6423,28822
2016-05-08 01:00,27950,22505,5445,28408
2016-05-08 00:00,28008,22768,5240,28315
2016-05-07 23:00,28060,23267,4793,28162
2016-05-07 22:00,28505,23472,5033,28095
2016-05-07 21:00,28896,23562,5334,28221
2016-05-07 20:00,29128,23794,5334,28554
2016-05-07 19:00,29015,24293,4722,28868
2016-05-07 18:00,28420,24117,4303,28923
2016-05-07 17:00,27783,23325,4458,28700
2016-05-07 16:00,26715,22127,4588,27902
2016-05-07 15:00,25747,20549,5198,26692
2016-05-07 14:00,25237,18704,6533,25712
2016-05-07 13:00,24721,17241,7480,25114
2016-05-07 12:00,24549,16288,8261,24637
2016-05-07 11:00,24851,16769,8082,24649
2016-05-07 10:00,25525,17196,8329,25094
2016-05-07 09:00,26330,17873,8457,25871
2016-05-07 08:00,27454,19370,8084,26919
2016-05-07 07:00,29255,21219,8036,28499
2016-05-07 06:00,31304,23251,8053,30511
2016-05-07 05:00,32553,24559,7994,32326
2016-05-07 04:00,31885,24920,6965,33131
2016-05-07 03:00,30880,24044,6836,32129
2016-05-07 02:00,30998,23975,7023,31640
2016-05-07 01:00,31131,24965,6166,31667
2016-05-07 00:00,31554,25368,6186,31886
2016-05-06 23:00,31781,25652,6129,31851
2016-05-06 22:00,32245,25369,6876,32081
2016-05-06 21:00,32344,25153,7191,32157
2016-05-06 20:00,32875,25054,7821,32312
2016-05-06 19:00,33096,25139,7957,32553
2016-05-06 18:00,32898,24166,8732,32517
2016-05-06 17:00,32104,23099,9005,32151
2016-05-06 16:00,30963,22461,8502,31576
2016-05-06 15:00,29273,20771,8502,30839
2016-05-06 14:00,26996,19145,7851,29073
2016-05-06 13:00,25483,17379,8104,27118
2016-05-06 12:00,24618,16977,7641,25739
2016-05-06 11:00,25109,17217,7892,25360
2016-05-06 10:00,25566,17824,7742,25644
2016-05-06 09:00,26431,18686,7745,26341
2016-05-06 08:00,27849,20314,7535,27052
2016-05-06 07:00,29852,22114,7738,28667
2016-05-06 06:00,32426,23977,8449,31012
2016-05-06 05:00,33947,26216,7731,33527
2016-05-06 04:00,33272,26635,6637,34632
2016-05-06 03:00,32348,26308,6040,33155
2016-05-06 02:00,32143,26362,5781,32513
2016-05-06 01:00,32515,26752,5763,32865
2016-05-06 00:00,32942,26790,6152,33059
2016-05-05 23:00,33251,26927,6324,32812
2016-05-05 22:00,33376,26428,6948,32635
2016-05-05 21:00,33383,25733,7650,32496
2016-05-05 20:00,33455,25878,7577,32302
2016-05-05 19:00,33132,25792,7340,32481
2016-05-05 18:00,32714,25245,7469,32573
2016-05-05 17:00,32193,23963,8230,32184
2016-05-05 16:00,31291,23233,8058,31651
2016-05-05 15:00,29621,21096,8525,30871
2016-05-05 14:00,27485,19481,8004,28936
2016-05-05 13:00,25935,17670,8265,26831
2016-05-05 12:00,25203,17453,7750,25353
2016-05-05 11:00,25330,17245,8085,24911
2016-05-05 10:00,25930,17922,8008,25165
2016-05-05 09:00,26964,19035,7929,25752
2016-05-05 08:00,28641,20919,7722,26877
2016-05-05 07:00,30951,23032,7919,29101
2016-05-05 06:00,33644,25149,8495,31539
2016-05-05 05:00,35415,27428,7987,34143
2016-05-05 04:00,34842,27153,7689,35381
2016-05-05 03:00,34061,26673,7388,34082
2016-05-05 02:00,34004,27060,6944,33429
2016-05-05 01:00,34116,27452,6664,33786
2016-05-05 00:00,34095,27340,6755,33866
2016-05-04 23:00,33956,27221,6735,33786
2016-05-04 22:00,33773,26982,6791,33738
2016-05-04 21:00,33408,26065,7343,33526
2016-05-04 20:00,33516,25682,7834,33173
2016-05-04 19:00,33515,25542,7973,32958
2016-05-04 18:00,33136,25003,8133,32726
2016-05-04 17:00,32561,24172,8389,32297
2016-05-04 16:00,31740,22421,9319,31752
2016-05-04 15:00,29946,20688,9258,30992
2016-05-04 14:00,27878,19514,8364,29310
2016-05-04 13:00,26188,17861,8327,27190
2016-05-04 12:00,25541,17076,8465,25757
2016-05-04 11:00,25723,17237,8486,25374
2016-05-04 10:00,26397,17692,8705,25663
2016-05-04 09:00,27434,18546,8888,26414
2016-05-04 08:00,29163,20009,9154,27488
2016-05-04 07:00,31581,22503,9078,29231
2016-05-04 06:00,34587,24505,10082,31960
2016-05-04 05:00,36735,25900,10835,34972
2016-05-04 04:00,36359,25621,10738,36292
2016-05-04 03:00,35789,25732,10057,35098
2016-05-04 02:00,36258,26387,9871,34934
2016-05-04 01:00,36501,26751,9750,35284
2016-05-04 00:00,36453,26280,10173,35225
2016-05-03 23:00,36046,26178,9868,34977
2016-05-03 22:00,35502,25955,9547,34589
2016-05-03 21:00,34845,25118,9727,34084
2016-05-03 20:00,34484,24900,9584,33621
2016-05-03 19:00,33798,24740,9058,33188
2016-05-03 18:00,33012,24364,8648,32711
2016-05-03 17:00,32099,23580,8519,32163
2016-05-03 16:00,31121,22676,8445,31476
2016-05-03 15:00,29564,20425,9139,30639
2016-05-03 14:00,27677,18612,9065,29208
2016-05-03 13:00,25997,16544,9453,26921
2016-05-03 12:00,25369,15958,9411,25427
2016-05-03 11:00,25481,15862,9619,24941
2016-05-03 10:00,26132,16113,10019,25194
2016-05-03 09:00,27141,16563,10578,25927
2016-05-03 08:00,28643,17453,11190,27045
2016-05-03 07:00,31111,18821,12290,28883
2016-05-03 06:00,34138,20970,13168,31689
2016-05-03 05:00,36247,22338,13909,34489
2016-05-03 04:00,35800,21812,13988,36092
2016-05-03 03:00,35288,21052,14236,35347
2016-05-03 02:00,35557,20358,15199,35040
2016-05-03 01:00,35659,20764,14895,35276
2016-05-03 00:00,35199,20465,14734,35280
2016-05-02 23:00,34649,20080,14569,34838
2016-05-02 22:00,34180,19965,14215,34522
2016-05-02 21:00,33498,20149,13349,33885
2016-05-02 20:00,33013,20238,12775,33206
2016-05-02 19:00,32863,20346,12517,32844
2016-05-02 18:00,32049,19788,12261,32276
2016-05-02 17:00,31352,18747,12605,31736
2016-05-02 16:00,30864,16644,14220,31239
2016-05-02 15:00,29102,15742,13360,30331
2016-05-02 14:00,27048,16072,10976,28477
2016-05-02 13:00,25336,15345,9991,26094
2016-05-02 12:00,24487,15426,9061,24790
2016-05-02 11:00,24532,15476,9056,24369
2016-05-02 10:00,24927,16029,8898,24545
2016-05-02 09:00,25599,16599,9000,25044
2016-05-02 08:00,26864,17710,9154,25869
2016-05-02 07:00,28954,18987,9967,27657
2016-05-02 06:00,31260,20531,10729,29960
2016-05-02 05:00,32816,21762,11054,32315
2016-05-02 04:00,32104,21240,10864,33391
2016-05-02 03:00,31086,20426,10660,31710
2016-05-02 02:00,30559,21063,9496,30752
2016-05-02 01:00,29978,20943,9035,30229
2016-05-02 00:00,29031,22017,7014,29634
2016-05-01 23:00,28315,21937,6378,28893
2016-05-01 22:00,28051,21645,6406,28283
2016-05-01 21:00,27569,21574,5995,27766
2016-05-01 20:00,27293,21756,5537,27533
2016-05-01 19:00,27002,21669,5333,27341
2016-05-01 18:00,26590,21452,5138,27155
2016-05-01 17:00,25887,20341,5546,26826
2016-05-01 16:00,24763,19125,5638,26234
2016-05-01 15:00,24259,18411,5848,25355
2016-05-01 14:00,24208,17306,6902,24594
2016-05-01 13:00,23973,16314,7659,24070
2016-05-01 12:00,23983,15906,8077,23714
2016-05-01 11:00,24153,16379,7774,23786
2016-05-01 10:00,24758,16888,7870,24242
2016-05-01 09:00,25827,17576,8251,25001
2016-05-01 08:00,27213,18928,8285,25933
2016-05-01 07:00,28864,20445,8419,27463
2016-05-01 06:00,30703,22063,8640,29314
2016-05-01 05:00,31696,23356,8340,31321
2016-05-01 04:00,30869,23367,7502,32178
2016-05-01 03:00,29728,23261,6467,30621
2016-05-01 02:00,29090,24008,5082,29415
2016-05-01 01:00,28764,24817,3947,28586
2016-05-01 00:00,28755,24883,3872,28008
2016-04-30 23:00,28246,24746,3500,28043
2016-04-30 22:00,28171,24694,3477,27690
2016-04-30 21:00,28340,24293,4047,27629
2016-04-30 20:00,28113,24560,3553,27757
2016-04-30 19:00,28172,24618,3554,27927
2016-04-30 18:00,27882,24744,3138,28060
2016-04-30 17:00,27607,23559,4048,27903
2016-04-30 16:00,26700,22080,4620,27261
2016-04-30 15:00,25849,19985,5864,26315
2016-04-30 14:00,25323,18981,6342,25545
2016-04-30 13:00,24542,17231,7311,24784
2016-04-30 12:00,24369,16730,7639,24152
2016-04-30 11:00,24809,16749,8060,24102
2016-04-30 10:00,25495,17368,8127,24589
2016-04-30 09:00,26464,18207,8257,25359
2016-04-30 08:00,27977,19054,8923,26326
2016-04-30 07:00,30038,20930,9108,28311
2016-04-30 06:00,32048,22716,9332,30635
2016-04-30 05:00,33353,23618,9735,32432
2016-04-30 04:00,32539,23158,9381,33857
2016-04-30 03:00,31443,23219,8224,32840
2016-04-30 02:00,31446,23851,7595,31576
2016-04-30 01:00,31697,23872,7825,31437
2016-04-30 00:00,31637,24033,7604,31543
2016-04-29 23:00,31563,23826,7737,31462
2016-04-29 22:00,31554,24083,7471,31289
2016-04-29 21:00,31353,24201,7152,31183
2016-04-29 20:00,31552,24623,6929,31075
2016-04-29 19:00,31581,24464,7117,31344
2016-04-29 18:00,31522,24023,7499,31400
2016-04-29 17:00,31180,23085,8095,31164
2016-04-29 16:00,30442,22214,8228,30801
2016-04-29 15:00,29076,20607,8469,30260
2016-04-29 14:00,27024,19041,7983,28785
2016-04-29 13:00,25520,17531,7989,26586
2016-04-29 12:00,25159,16953,8206,25055
2016-04-29 11:00,25140,17155,7985,24620
2016-04-29 10:00,25628,17501,8127,24908
2016-04-29 09:00,26392,18007,8385,25542
2016-04-29 08:00,27830,19475,8355,26651
2016-04-29 07:00,30071,20676,9395,28339
2016-04-29 06:00,32388,22331,10057,30731
2016-04-29 05:00,33974,23855,10119,33129
2016-04-29 04:00,33066,23629,9437,34361
2016-04-29 03:00,31722,22912,8810,32925
2016-04-29 02:00,31357,23268,8089,32409
2016-04-29 01:00,31445,24046,7399,32754
2016-04-29 00:00,31587,24454,7133,32754
2016-04-28 23:00,31548,24564,6984,32566
2016-04-28 22:00,31666,24607,7059,32573
2016-04-28 21:00,31587,24799,6788,32268
2016-04-28 20:00,31887,24825,7062,32070
2016-04-28 19:00,32074,24811,7263,31975
2016-04-28 18:00,32006,24618,7388,31879
2016-04-28 17:00,31704,23920,7784,31643
2016-04-28 16:00,31276,22291,8985,31216
2016-04-28 15:00,29728,20284,9444,30592
2016-04-28 14:00,27544,19237,8307,28932
2016-04-28 13:00,25944,17661,8283,26656
2016-04-28 12:00,25166,17043,8123,25074
2016-04-28 11:00,25124,17259,7865,24563
2016-04-28 10:00,25604,17499,8105,24767
2016-04-28 09:00,26303,17646,8657,25430
2016-04-28 08:00,27669,18408,9261,26563
2016-04-28 07:00,29774,20140,9634,28309
2016-04-28 06:00,32349,21942,10407,30788
2016-04-28 05:00,34130,23366,10764,33072
2016-04-28 04:00,33285,23093,10192,34455
2016-04-28 03:00,31912,22624,9288,33483
2016-04-28 02:00,31671,24035,7636,32157
2016-04-28 01:00,31711,24863,6848,31877
2016-04-28 00:00,31543,25194,6349,31774
2016-04-27 23:00,31542,25408,6134,31699
2016-04-27 22:00,31595,25184,6411,31615
2016-04-27 21:00,31704,24831,6873,31574
2016-04-27 20:00,31972,24453,7519,31413
2016-04-27 19:00,32005,24349,7656,31401
2016-04-27 18:00,31605,23617,7988,31477
2016-04-27 17:00,31355,23467,7888,31457
2016-04-27 16:00,30824,21659,9165,31227
2016-04-27 15:00,29352,19514,9838,30702
2016-04-27 14:00,27359,17764,9595,29066
2016-04-27 13:00,25620,16363,9257,26630
2016-04-27 12:00,24747,16354,8393,25162
2016-04-27 11:00,24746,16446,8300,24756
2016-04-27 10:00,25127,16655,8472,24867
2016-04-27 09:00,25783,17099,8684,25245
2016-04-27 08:00,26941,17699,9242,26033
2016-04-27 07:00,29482,19182,10300,27874
2016-04-27 06:00,32150,21255,10895,30375
2016-04-27 05:00,33802,22925,10877,32780
2016-04-27 04:00,33010,22830,10180,34408
2016-04-27 03:00,31754,22002,9752,33553
2016-04-27 02:00,31264,22424,8840,31996
2016-04-27 01:00,31552,22959,8593,31531
2016-04-27 00:00,31557,23021,8536,31346
2016-04-26 23:00,31550,22840,8710,31215
2016-04-26 22:00,31660,23549,8111,31159
2016-04-26 21:00,31320,23761,7559,30943
2016-04-26 20:00,31365,23695,7670,30750
2016-04-26 19:00,31307,23894,7413,30841
2016-04-26 18:00,30957,23867,7090,30967
2016-04-26 17:00,30595,22549,8046,30984
2016-04-26 16:00,30309,21189,9120,30902
2016-04-26 15:00,29058,19197,9861,30584
2016-04-26 14:00,27330,17599,9731,28963
2016-04-26 13:00,25715,16082,9633,26581
2016-04-26 12:00,25113,15545,9568,25100
2016-04-26 11:00,25069,15622,9447,24686
2016-04-26 10:00,25255,15901,9354,24827
2016-04-26 09:00,25846,16074,9772,25440
2016-04-26 08:00,26985,16875,10110,26057
2016-04-26 07:00,29002,17849,11153,27499
2016-04-26 06:00,31556,19730,11826,29896
2016-04-26 05:00,33285,21475,11810,32315
2016-04-26 04:00,32540,21137,11403,33666
2016-04-26 03:00,31148,20901,10247,32497
2016-04-26 02:00,30502,22126,8376,31343
2016-04-26 01:00,30270,21965,8305,31163
2016-04-26 00:00,30096,22009,8087,31137
2016-04-25 23:00,30544,21250,9294,30762
2016-04-25 22:00,30621,20672,9949,30751
2016-04-25 21:00,30528,20249,10279,30649
2016-04-25 20:00,30736,19674,11062,30564
2016-04-25 19:00,30847,19340,11507,30731
2016-04-25 18:00,30830,19283,11547,30935
2016-04-25 17:00,30498,18495,12003,30938
2016-04-25 16:00,29968,16954,13014,30546
2016-04-25 15:00,28468,15695,12773,29879
2016-04-25 14:00,26278,15757,10521,28195
2016-04-25 13:00,24928,15296,9632,25850
2016-04-25 12:00,24179,15430,8749,24233
2016-04-25 11:00,24146,15761,8385,23736
2016-04-25 10:00,24353,16072,8281,23901
2016-04-25 09:00,24839,16921,7918,24468
2016-04-25 08:00,26168,17255,8913,25228
2016-04-25 07:00,28080,18847,9233,26812
2016-04-25 06:00,30305,20413,9892,28938
2016-04-25 05:00,31636,21201,10435,30948
2016-04-25 04:00,31190,21476,9714,31952
2016-04-25 03:00,29954,21560,8394,30363
2016-04-25 02:00,29385,22486,6899,29381
2016-04-25 01:00,28622,22662,5960,28937
2016-04-25 00:00,28173,21958,6215,28321
2016-04-24 23:00,27639,21930,5709,27628
2016-04-24 22:00,27497,21980,5517,27198
2016-04-24 21:00,27377,21908,5469,26851
2016-04-24 20:00,27122,21765,5357,26673
2016-04-24 19:00,26966,21358,5608,26538
2016-04-24 18:00,26550,20964,5586,26277
2016-04-24 17:00,25868,19987,5881,25823
2016-04-24 16:00,24955,18161,6794,25118
2016-04-24 15:00,24393,16665,7728,24303
2016-04-24 14:00,24278,15855,8423,24057
2016-04-24 13:00,23992,15537,8455,23913
2016-04-24 12:00,24038,15613,8425,23576
2016-04-24 11:00,24387,15845,8542,23606
2016-04-24 10:00,25156,16292,8864,24039
2016-04-24 09:00,25842,17288,8554,24770
2016-04-24 08:00,27139,18562,8577,25702
2016-04-24 07:00,29098,20716,8382,27573
2016-04-24 06:00,30829,22802,8027,29668
2016-04-24 05:00,32034,23996,8038,31478
2016-04-24 04:00,31436,23816,7620,32344
2016-04-24 03:00,30469,23874,6595,30992
2016-04-24 02:00,29823,24598,5225,30276
2016-04-24 01:00,29293,24977,4316,29784
2016-04-24 00:00,28845,25658,3187,29169
2016-04-23 23:00,28585,26120,2465,28601
2016-04-23 22:00,28529,25977,2552,28167
2016-04-23 21:00,28589,25873,2716,27924
2016-04-23 20:00,28859,25719,3140,27923
2016-04-23 19:00,28850,25780,3070,27916
2016-04-23 18:00,28500,24706,3794,27857
2016-04-23 17:00,28039,24032,4007,27495
2016-04-23 16:00,27018,22156,4862,26894
2016-04-23 15:00,25943,20503,5440,26078
2016-04-23 14:00,25569,18587,6982,25545
2016-04-23 13:00,25190,17254,7936,24949
2016-04-23 12:00,25008,16787,8221,24490
2016-04-23 11:00,25336,16717,8619,24406
2016-04-23 10:00,26059,17369,8690,24835
2016-04-23 09:00,26949,18127,8822,25691
2016-04-23 08:00,28080,19752,8328,26909
2016-04-23 07:00,30309,21983,8326,28944
2016-04-23 06:00,32562,24515,8047,31149
2016-04-23 05:00,33947,26530,7417,33228
2016-04-23 04:00,33355,26579,6776,34360
2016-04-23 03:00,32494,26641,5853,33375
2016-04-23 02:00,32695,27733,4962,32354
2016-04-23 01:00,33082,27888,5194,32542
2016-04-23 00:00,33772,27038,6734,32585
2016-04-22 23:00,33953,26565,7388,32602
2016-04-22 22:00,34125,26511,7614,32705
2016-04-22 21:00,33942,25956,7986,32657
2016-04-22 20:00,33819,25556,8263,32402
2016-04-22 19:00,33398,25205,8193,32411
2016-04-22 18:00,32976,24004,8972,32299
2016-04-22 17:00,32202,22708,9494,32009
2016-04-22 16:00,31318,21119,10199,31639
2016-04-22 15:00,29590,19664,9926,30881
2016-04-22 14:00,27839,17897,9942,29279
2016-04-22 13:00,26512,16406,10106,26950
2016-04-22 12:00,25877,15954,9923,25683
2016-04-22 11:00,25840,16346,9494,25303
2016-04-22 10:00,26429,16883,9546,25575
2016-04-22 09:00,27398,18011,9387,26328
2016-04-22 08:00,28999,20037,8962,27510
2016-04-22 07:00,31455,22833,8622,29117
2016-04-22 06:00,34217,25221,8996,31812
2016-04-22 05:00,36264,26940,9324,34832
2016-04-22 04:00,36041,27289,8752,36445
2016-04-22 03:00,35349,27779,7570,35591
2016-04-22 02:00,35785,28533,7252,35363
2016-04-22 01:00,36006,28397,7609,36300
2016-04-22 00:00,35723,28210,7513,36554
2016-04-21 23:00,35600,27421,8179,36405
2016-04-21 22:00,35408,27081,8327,35922
2016-04-21 21:00,34707,26642,8065,35329
2016-04-21 20:00,34103,26217,7886,34682
2016-04-21 19:00,33921,25561,8360,34275
2016-04-21 18:00,32991,24581,8410,33509
2016-04-21 17:00,32113,23392,8721,32647
2016-04-21 16:00,31130,21639,9491,31734
2016-04-21 15:00,29676,19823,9853,30699
2016-04-21 14:00,27682,18420,9262,28925
2016-04-21 13:00,25952,17065,8887,26702
2016-04-21 12:00,25271,16808,8463,25277
2016-04-21 11:00,25416,16878,8538,24835
2016-04-21 10:00,26182,17878,8304,25141
2016-04-21 09:00,27374,18724,8650,25941
2016-04-21 08:00,29149,20861,8288,27228
2016-04-21 07:00,32630,23210,9420,29376
2016-04-21 06:00,35388,25696,9692,32189
2016-04-21 05:00,37327,28010,9317,35007
2016-04-21 04:00,37295,28326,8969,36753
2016-04-21 03:00,37167,28535,8632,35913
2016-04-21 02:00,37527,29353,8174,35803
2016-04-21 01:00,37557,29768,7789,36781
2016-04-21 00:00,37166,29201,7965,37117
2016-04-20 23:00,36495,28222,8273,37012
2016-04-20 22:00,35966,27237,8729,36355
2016-04-20 21:00,35196,27260,7936,35576
2016-04-20 20:00,34507,26726,7781,34715
2016-04-20 19:00,33758,25991,7767,34132
2016-04-20 18:00,32912,25262,7650,33403
2016-04-20 17:00,31814,24057,7757,32562
2016-04-20 16:00,30838,22510,8328,31748
2016-04-20 15:00,29385,20674,8711,30778
2016-04-20 14:00,27329,19375,7954,29176
2016-04-20 13:00,25844,17934,7910,27008
2016-04-20 12:00,25473,17465,8008,25547
2016-04-20 11:00,25469,17719,7750,25137
2016-04-20 10:00,26284,18029,8255,25470
2016-04-20 09:00,27426,18799,8627,26322
2016-04-20 08:00,29353,20712,8641,27669
2016-04-20 07:00,32215,23106,9109,29378
2016-04-20 06:00,35527,25903,9624,32208
2016-04-20 05:00,38269,27871,10398,35168
2016-04-20 04:00,38337,28105,10232,36976
2016-04-20 03:00,38108,28255,9853,36292
2016-04-20 02:00,38668,29306,9362,36288
2016-04-20 01:00,39070,29885,9185,37285
2016-04-20 00:00,38799,29175,9624,37610
2016-04-19 23:00,37932,28344,9588,37438
2016-04-19 22:00,36979,27554,9425,36785
2016-04-19 21:00,36144,27319,8825,35964
2016-04-19 20:00,35124,26815,8309,35002
2016-04-19 19:00,34184,26217,7967,34293
2016-04-19 18:00,33111,25009,8102,33427
2016-04-19 17:00,32002,23692,8310,32544
2016-04-19 16:00,30943,21938,9005,31634
2016-04-19 15:00,29403,19947,9456,30470
2016-04-19 14:00,27670,17923,9747,28835
2016-04-19 13:00,26255,16718,9537,26719
2016-04-19 12:00,25546,16243,9303,25271
2016-04-19 11:00,25587,16078,9509,24888
2016-04-19 10:00,26111,16430,9681,25273
2016-04-19 09:00,27306,16813,10493,26169
2016-04-19 08:00,28991,17990,11001,27615
2016-04-19 07:00,31861,20172,11689,28949
2016-04-19 06:00,35217,22101,13116,31820
2016-04-19 05:00,37692,23581,14111,34906
2016-04-19 04:00,38096,23209,14887,36758
2016-04-19 03:00,37904,22840,15064,36369
2016-04-19 02:00,38467,23310,15157,36165
2016-04-19 01:00,38612,23112,15500,36748
2016-04-19 00:00,38112,22859,15253,36615
2016-04-18 23:00,37351,22225,15126,36226
2016-04-18 22:00,36670,21583,15087,35579
2016-04-18 21:00,35563,21097,14466,34846
2016-04-18 20:00,34718,20484,14234,33976
2016-04-18 19:00,33799,20066,13733,33337
2016-04-18 18:00,32828,19370,13458,32578
2016-04-18 17:00,31848,17988,13860,31734
2016-04-18 16:00,30749,16191,14558,30952
2016-04-18 15:00,29161,15234,13927,29764
2016-04-18 14:00,26965,14538,12427,27845
2016-04-18 13:00,25272,14253,11019,25709
2016-04-18 12:00,24457,14498,9959,24150
2016-04-18 11:00,24456,14516,9940,23628
2016-04-18 10:00,24965,15018,9947,23799
2016-04-18 09:00,25754,16036,9718,24469
2016-04-18 08:00,27022,17138,9884,25524
2016-04-18 07:00,29511,18917,10594,27066
2016-04-18 06:00,31972,20761,11211,29554
2016-04-18 05:00,33749,22205,11544,32040
2016-04-18 04:00,33510,22311,11199,33474
2016-04-18 03:00,32589,21667,10922,32227
2016-04-18 02:00,32054,22150,9904,31336
2016-04-18 01:00,31512,22159,9353,30454
2016-04-18 00:00,30761,22067,8694,29584
2016-04-17 23:00,29487,22076,7411,28729
2016-04-17 22:00,28885,22286,6599,28045
2016-04-17 21:00,28234,22226,6008,27359
2016-04-17 20:00,27698,22082,5616,26881
2016-04-17 19:00,27090,22049,5041,26481
2016-04-17 18:00,26438,21665,4773,26010
2016-04-17 17:00,25606,20855,4751,25461
2016-04-17 16:00,24567,18554,6013,24797
2016-04-17 15:00,24024,16941,7083,24051
2016-04-17 14:00,23873,16419,7454,23916
2016-04-17 13:00,23639,15377,8262,23487
2016-04-17 12:00,23656,15147,8509,23232
2016-04-17 11:00,24002,15412,8590,23324
2016-04-17 10:00,24726,16029,8697,23783
2016-04-17 09:00,25753,17347,8406,24591
2016-04-17 08:00,27074,19042,8032,25642
2016-04-17 07:00,29122,20402,8720,27351
2016-04-17 06:00,30975,21379,9596,29446
2016-04-17 05:00,32390,22526,9864,31330
2016-04-17 04:00,31987,22819,9168,32337
2016-04-17 03:00,30935,22580,8355,31347
2016-04-17 02:00,30469,23457,7012,30284
2016-04-17 01:00,30006,23850,6156,29814
2016-04-17 00:00,29513,23972,5541,29323
2016-04-16 23:00,28877,24305,4572,28834
2016-04-16 22:00,28564,24009,4555,28589
2016-04-16 21:00,28365,24069,4296,28261
2016-04-16 20:00,28321,24275,4046,28083
2016-04-16 19:00,28203,24449,3754,27930
2016-04-16 18:00,27995,24133,3862,27729
2016-04-16 17:00,27544,23079,4465,27255
2016-04-16 16:00,26393,21163,5230,26562
2016-04-16 15:00,25715,19700,6015,25677
2016-04-16 14:00,25140,18584,6556,25128
2016-04-16 13:00,24486,16583,7903,24614
2016-04-16 12:00,24339,16157,8182,23991
2016-04-16 11:00,24629,16257,8372,23942
2016-04-16 10:00,25213,16713,8500,24325
2016-04-16 09:00,26311,17340,8971,25085
2016-04-16 08:00,27662,18543,9119,26162
2016-04-16 07:00,29744,20260,9484,28048
2016-04-16 06:00,31295,21961,9334,30194
2016-04-16 05:00,32854,23868,8986,32037
2016-04-16 04:00,32242,23565,8677,32954
2016-04-16 03:00,31214,22870,8344,32035
2016-04-16 02:00,31238,23979,7259,30746
2016-04-16 01:00,30984,24332,6652,30367
2016-04-16 00:00,30834,25298,5536,30340
2016-04-15 23:00,30649,25498,5151,30472
2016-04-15 22:00,30653,25521,5132,30565
2016-04-15 21:00,30515,25269,5246,30459
2016-04-15 20:00,30644,25243,5401,30407
2016-04-15 19:00,30804,24940,5864,30567
2016-04-15 18:00,30765,24479,6286,30699
2016-04-15 17:00,30791,23225,7566,30801
2016-04-15 16:00,30121,21936,8185,30779
2016-04-15 15:00,28844,20381,8463,30291
2016-04-15 14:00,27098,19194,7904,28828
2016-04-15 13:00,25575,17893,7682,26280
2016-04-15 12:00,24832,16827,8005,24756
2016-04-15 11:00,24938,16722,8216,24334
2016-04-15 10:00,25477,17370,8107,24480
2016-04-15 09:00,26262,17918,8344,24965
2016-04-15 08:00,27706,18791,8915,25988
2016-04-15 07:00,29742,20336,9406,28192
2016-04-15 06:00,31834,22433,9401,30625
2016-04-15 05:00,33428,24274,9154,32949
2016-04-15 04:00,32979,24013,8966,34202
2016-04-15 03:00,31271,23610,7661,33017
2016-04-15 02:00,31148,24529,6619,31888
2016-04-15 01:00,31071,25316,5755,31870
2016-04-15 00:00,31244,24666,6578,32033
2016-04-14 23:00,31255,24837,6418,31803
2016-04-14 22:00,31238,24528,6710,31765
2016-04-14 21:00,31122,24289,6833,31691
2016-04-14 20:00,31286,23826,7460,31692
2016-04-14 19:00,31349,23805,7544,31701
2016-04-14 18:00,31029,23837,7192,31509
2016-04-14 17:00,30740,23108,7632,31351
2016-04-14 16:00,30117,21218,8899,30978
2016-04-14 15:00,29053,19982,9071,30289
2016-04-14 14:00,27165,18694,8471,28718
2016-04-14 13:00,25693,17380,8313,26263
2016-04-14 12:00,24964,17205,7759,24662
2016-04-14 11:00,24939,17137,7802,24154
2016-04-14 10:00,25601,17136,8465,24356
2016-04-14 09:00,26305,17888,8417,24971
2016-04-14 08:00,27485,19180,8305,26205
2016-04-14 07:00,29443,20816,8627,28139
2016-04-14 06:00,31949,22413,9536,30446
2016-04-14 05:00,33503,24016,9487,32697
2016-04-14 04:00,33099,23904,9195,34151
2016-04-14 03:00,31576,23634,7942,33304
2016-04-14 02:00,31386,24590,6796,31908
2016-04-14 01:00,31617,25065,6552,31683
2016-04-14 00:00,31273,24600,6673,31640
2016-04-13 23:00,31416,24679,6737,31595
2016-04-13 22:00,31276,24417,6859,31597
2016-04-13 21:00,31064,24242,6822,31450
2016-04-13 20:00,31191,24913,6278,31269
2016-04-13 19:00,31258,24637,6621,31304
2016-04-13 18:00,31318,24023,7295,31297
2016-04-13 17:00,30756,22561,8195,31191
2016-04-13 16:00,30258,20883,9375,30758
2016-04-13 15:00,28927,19357,9570,30120
2016-04-13 14:00,27216,17659,9557,28421
2016-04-13 13:00,25509,16095,9414,25785
2016-04-13 12:00,24780,15577,9203,24413
2016-04-13 11:00,24773,15579,9194,24027
2016-04-13 10:00,25119,15978,9141,24268
2016-04-13 09:00,25901,16590,9311,24957
2016-04-13 08:00,27420,18025,9395,25959
2016-04-13 07:00,29520,20183,9337,28004
2016-04-13 06:00,31828,21997,9831,30326
2016-04-13 05:00,33514,23215,10299,32820
2016-04-13 04:00,33213,23355,9858,34284
2016-04-13 03:00,32212,22127,10085,33091
2016-04-13 02:00,31986,21861,10125,31665
2016-04-13 01:00,31978,22226,9752,31780
2016-04-13 00:00,31818,22720,9098,31831
2016-04-12 23:00,31863,22530,9333,31846
2016-04-12 22:00,31978,23085,8893,31808
2016-04-12 21:00,31840,22967,8873,31742
2016-04-12 20:00,31835,23203,8632,31637
2016-04-12 19:00,31771,23121,8650,31654
2016-04-12 18:00,31403,22506,8897,31571
2016-04-12 17:00,30694,21313,9381,31437
2016-04-12 16:00,30059,20434,9625,31192
2016-04-12 15:00,28749,19062,9687,30621
2016-04-12 14:00,26788,17345,9443,29017
2016-04-12 13:00,25209,15858,9351,26404
2016-04-12 12:00,24584,15509,9075,24797
2016-04-12 11:00,24640,15576,9064,24276
2016-04-12 10:00,24914,15797,9117,24490
2016-04-12 09:00,25708,16683,9025,25095
2016-04-12 08:00,27117,17286,9831,25995
2016-04-12 07:00,29244,18607,10637,27742
2016-04-12 06:00,31706,20019,11687,30094
2016-04-12 05:00,33432,21233,12199,32415
2016-04-12 04:00,33294,20795,12499,33842
2016-04-12 03:00,31817,20003,11814,32918
2016-04-12 02:00,31222,20438,10784,31030
2016-04-12 01:00,31434,20400,11034,31047
2016-04-12 00:00,31763,20475,11288,31245
2016-04-11 23:00,31825,20307,11518,31241
2016-04-11 22:00,31857,20487,11370,31310
2016-04-11 21:00,31849,20515,11334,31396
2016-04-11 20:00,31954,20591,11363,31307
2016-04-11 19:00,31828,20595,11233,31411
2016-04-11 18:00,31319,19303,12016,31516
2016-04-11 17:00,30574,17826,12748,31325
2016-04-11 16:00,29910,16481,13429,30961
2016-04-11 15:00,28511,15896,12615,30343
2016-04-11 14:00,26521,15555,10966,28335
2016-04-11 13:00,24809,15128,9681,25751
2016-04-11 12:00,23970,14882,9088,24328
2016-04-11 11:00,23873,14780,9093,23810
2016-04-11 10:00,24263,15594,8669,23987
2016-04-11 09:00,24805,16468,8337,24634
2016-04-11 08:00,25879,17587,8292,25401
2016-04-11 07:00,27606,18914,8692,26279
2016-04-11 06:00,29394,19523,9871,28607
2016-04-11 05:00,30876,20347,10529,30619
2016-04-11 04:00,30560,20726,9834,31743
2016-04-11 03:00,29091,19545,9546,30897
2016-04-11 02:00,28392,19497,8895,29159
2016-04-11 01:00,28062,19624,8438,28157
2016-04-11 00:00,27804,19447,8357,27372
2016-04-10 23:00,27692,20185,7507,27148
2016-04-10 22:00,27628,20184,7444,27061
2016-04-10 21:00,27597,20730,6867,27174
2016-04-10 20:00,27687,20531,7156,27149
2016-04-10 19:00,27582,20668,6914,27147
2016-04-10 18:00,27103,20056,7047,27128
2016-04-10 17:00,26204,18881,7323,26615
2016-04-10 16:00,25050,17737,7313,25726
2016-04-10 15:00,24583,16719,7864,24608
2016-04-10 14:00,24010,16328,7682,24156
2016-04-10 13:00,23607,16215,7392,23461
2016-04-10 12:00,23463,16425,7038,23198
2016-04-10 11:00,23593,16532,7061,23130
2016-04-10 10:00,24272,16884,7388,23502
2016-04-10 09:00,25273,17721,7552,24211
2016-04-10 08:00,26421,19076,7345,25268
2016-04-10 07:00,27954,20410,7544,26907
2016-04-10 06:00,29568,21185,8383,28705
2016-04-10 05:00,30746,22033,8713,30223
2016-04-10 04:00,30591,22745,7846,31073
2016-04-10 03:00,29386,21964,7422,29936
2016-04-10 02:00,28756,22455,6301,28389
2016-04-10 01:00,28501,23471,5030,28098
2016-04-10 00:00,28664,24046,4618,28131
2016-04-09 23:00,29204,24511,4693,28000
2016-04-09 22:00,29540,24316,5224,27970
2016-04-09 21:00,29928,24871,5057,28157
2016-04-09 20:00,29715,24543,5172,28342
2016-04-09 19:00,29501,24935,4566,28399
2016-04-09 18:00,28929,24633,4296,28372
2016-04-09 17:00,27985,23789,4196,28001
2016-04-09 16:00,26848,22800,4048,27079
2016-04-09 15:00,26066,19665,6401,25821
2016-04-09 14:00,24898,17499,7399,25166
2016-04-09 13:00,24293,16582,7711,24231
2016-04-09 12:00,24130,16356,7774,23655
2016-04-09 11:00,24406,16515,7891,23610
2016-04-09 10:00,25100,16816,8284,24009
2016-04-09 09:00,26010,17585,8425,24860
2016-04-09 08:00,27466,18685,8781,26132
2016-04-09 07:00,29489,20826,8663,28099
2016-04-09 06:00,31408,22431,8977,30325
2016-04-09 05:00,32799,23529,9270,32279
2016-04-09 04:00,33031,24264,8767,33463
2016-04-09 03:00,32003,23276,8727,32620
2016-04-09 02:00,31532,23385,8147,31220
2016-04-09 01:00,31868,23644,8224,31470
2016-04-09 00:00,32181,24101,8080,31749
2016-04-08 23:00,32703,24487,8216,31941
2016-04-08 22:00,32932,24828,8104,32085
2016-04-08 21:00,32973,25122,7851,31995
2016-04-08 20:00,33198,25267,7931,31842
2016-04-08 19:00,33243,25321,7922,31882
2016-04-08 18:00,32845,24505,8340,31965
2016-04-08 17:00,32143,23203,8940,31636
2016-04-08 16:00,31246,21860,9386,31187
2016-04-08 15:00,29524,20855,8669,30359
2016-04-08 14:00,26939,19078,7861,28772
2016-04-08 13:00,25492,17865,7627,26264
2016-04-08 12:00,24806,17303,7503,24719
2016-04-08 11:00,24890,17533,7357,24284
2016-04-08 10:00,25303,17550,7753,24568
2016-04-08 09:00,26098,18204,7894,25280
2016-04-08 08:00,27647,19477,8170,26353
2016-04-08 07:00,29853,21693,8160,28115
2016-04-08 06:00,32067,23751,8316,30603
2016-04-08 05:00,33861,24753,9108,33228
2016-04-08 04:00,34035,25499,8536,34699
2016-04-08 03:00,32766,25375,7391,33815
2016-04-08 02:00,32387,25725,6662,32460
2016-04-08 01:00,32794,26150,6644,32208
2016-04-08 00:00,33320,26793,6527,32319
2016-04-07 23:00,33906,26513,7393,32250
2016-04-07 22:00,34112,26302,7810,32102
2016-04-07 21:00,34068,26164,7904,31892
2016-04-07 20:00,33962,25244,8718,31801
2016-04-07 19:00,33715,24153,9562,31622
2016-04-07 18:00,33258,23092,10166,31461
2016-04-07 17:00,32616,22512,10104,31270
2016-04-07 16:00,31541,21122,10419,31178
2016-04-07 15:00,30060,19330,10730,30591
2016-04-07 14:00,27663,17509,10154,28987
2016-04-07 13:00,26107,16392,9715,26573
2016-04-07 12:00,25432,16376,9056,25279
2016-04-07 11:00,25538,16500,9038,24974
2016-04-07 10:00,26220,16539,9681,25305
2016-04-07 09:00,27182,17386,9796,26063
2016-04-07 08:00,28685,18926,9759,27307
2016-04-07 07:00,31225,20865,10360,29398
2016-04-07 06:00,33997,22611,11386,32332
2016-04-07 05:00,36207,24216,11991,35322
2016-04-07 04:00,36548,24405,12143,37247
2016-04-07 03:00,35724,24303,11421,36833
2016-04-07 02:00,35861,25120,10741,36398
2016-04-07 01:00,36403,25125,11278,37074
2016-04-07 00:00,36543,24841,11702,37364
2016-04-06 23:00,36104,24832,11272,37201
2016-04-06 22:00,35695,24851,10844,36576
2016-04-06 21:00,35048,24238,10810,35650
2016-04-06 20:00,34200,24189,10011,34666
2016-04-06 19:00,33262,23820,9442,33916
2016-04-06 18:00,32348,23018,9330,33136
2016-04-06 17:00,31596,21909,9687,32292
2016-04-06 16:00,30532,20304,10228,31501
2016-04-06 15:00,29175,19063,10112,30672
2016-04-06 14:00,26718,17618,9100,29138
2016-04-06 13:00,24923,16707,8216,26593
2016-04-06 12:00,24602,16037,8565,25061
2016-04-06 11:00,24745,16219,8526,24629
2016-04-06 10:00,25022,16753,8269,24922
2016-04-06 09:00,26216,17370,8846,25639
2016-04-06 08:00,28016,18646,9370,26873
2016-04-06 07:00,30661,20395,10266,28540
2016-04-06 06:00,33544,22401,11143,31332
2016-04-06 05:00,35795,23778,12017,34155
2016-04-06 04:00,35974,24074,11900,36117
2016-04-06 03:00,35032,24049,10983,35712
2016-04-06 02:00,35140,24342,10798,34739
2016-04-06 01:00,35012,25021,9991,34992
2016-04-06 00:00,34905,25053,9852,35087
2016-04-05 23:00,34387,25101,9286,34830
2016-04-05 22:00,33645,24877,8768,34431
2016-04-05 21:00,32780,24626,8154,33799
2016-04-05 20:00,32290,24760,7530,33075
2016-04-05 19:00,31826,23895,7931,32590
2016-04-05 18:00,31241,23036,8205,32186
2016-04-05 17:00,30819,21923,8896,31744
2016-04-05 16:00,30357,20691,9666,31282
2016-04-05 15:00,28996,19149,9847,30735
2016-04-05 14:00,26392,17464,8928,29265
2016-04-05 13:00,24837,16758,8079,26556
2016-04-05 12:00,24147,16190,7957,24925
2016-04-05 11:00,24150,16305,7845,24394
2016-04-05 10:00,24756,17004,7752,24629
2016-04-05 09:00,25613,17357,8256,25267
2016-04-05 08:00,27060,18969,8091,26466
2016-04-05 07:00,29723,21012,8711,27799
2016-04-05 06:00,32605,22860,9745,30128
2016-04-05 05:00,34595,24289,10306,32646
2016-04-05 04:00,34740,24054,10686,34369
2016-04-05 03:00,33523,22961,10562,33796
2016-04-05 02:00,33298,22540,10758,32502
2016-04-05 01:00,33568,22467,11101,31905
2016-04-05 00:00,33376,22369,11007,31834
2016-04-04 23:00,33264,22175,11089,31611
2016-04-04 22:00,32927,21939,10988,31662
2016-04-04 21:00,32453,21998,10455,31668
2016-04-04 20:00,32152,21759,10393,31526
2016-04-04 19:00,31683,21674,10009,31320
2016-04-04 18:00,31096,21544,9552,31114
2016-04-04 17:00,30490,20020,10470,31053
2016-04-04 16:00,29937,17996,11941,30610
2016-04-04 15:00,28567,17166,11401,29850
2016-04-04 14:00,26316,16932,9384,27990
2016-04-04 13:00,24673,16621,8052,25501
2016-04-04 12:00,23972,16628,7344,24004
2016-04-04 11:00,23868,17417,6451,23513
2016-04-04 10:00,24164,18570,5594,23734
2016-04-04 09:00,24618,19091,5527,24204
2016-04-04 08:00,25933,20393,5540,24921
2016-04-04 07:00,28101,21948,6153,26337
2016-04-04 06:00,30354,23048,7306,28529
2016-04-04 05:00,31842,24261,7581,30580
2016-04-04 04:00,31587,24196,7391,31866
2016-04-04 03:00,30090,23143,6947,30686
2016-04-04 02:00,29138,22949,6189,28844
2016-04-04 01:00,28443,23218,5225,27360
2016-04-04 00:00,28266,22980,5286,26559
2016-04-03 23:00,27757,22749,5008,26077
2016-04-03 22:00,27233,22658,4575,25742
2016-04-03 21:00,26927,22717,4210,25536
2016-04-03 20:00,26760,23114,3646,25470
2016-04-03 19:00,26618,22890,3728,25386
2016-04-03 18:00,26234,22457,3777,25315
2016-04-03 17:00,25331,20793,4538,25085
2016-04-03 16:00,24259,18165,6094,24711
2016-04-03 15:00,23947,17196,6751,24206
2016-04-03 14:00,23387,16545,6842,23879
2016-04-03 13:00,23009,16252,6757,23330
2016-04-03 12:00,22983,16417,6566,22961
2016-04-03 11:00,23347,16349,6998,23159
2016-04-03 10:00,24022,16836,7186,23592
2016-04-03 09:00,25130,17635,7495,24361
2016-04-03 08:00,26582,18718,7864,25657
2016-04-03 07:00,28486,19989,8497,26770
2016-04-03 06:00,30334,20863,9471,28836
2016-04-03 05:00,31634,21995,9639,30578
2016-04-03 04:00,31448,22128,9320,31875
2016-04-03 03:00,30033,21494,8539,31055
2016-04-03 02:00,29225,22200,7025,29159
2016-04-03 01:00,28927,22702,6225,28524
2016-04-03 00:00,28615,23088,5527,27995
2016-04-02 23:00,28338,23106,5232,27592
2016-04-02 22:00,28124,23361,4763,27376
2016-04-02 21:00,28066,23471,4595,27297
2016-04-02 20:00,27972,23422,4550,27340
2016-04-02 19:00,28161,23565,4596,27380
2016-04-02 18:00,27789,23185,4604,27410
2016-04-02 17:00,27042,22376,4666,27139
2016-04-02 16:00,26430,20548,5882,26635
2016-04-02 15:00,25888,19388,6500,25707
2016-04-02 14:00,24905,18065,6840,25153
2016-04-02 13:00,24420,17360,7060,24125
2016-04-02 12:00,24081,17511,6570,23676
2016-04-02 11:00,24159,17907,6252,23613
2016-04-02 10:00,24795,18234,6561,24063
2016-04-02 09:00,25764,18835,6929,24850
2016-04-02 08:00,27334,19360,7974,25890
2016-04-02 07:00,29464,20948,8516,28018
2016-04-02 06:00,31479,22213,9266,30127
2016-04-02 05:00,32648,23345,9303,31968
2016-04-02 04:00,32484,23511,8973,33084
2016-04-02 03:00,31026,22352,8674,32253
2016-04-02 02:00,30338,23780,6558,30959
2016-04-02 01:00,30207,24601,5606,30640
2016-04-02 00:00,30259,24547,5712,30693
2016-04-01 23:00,30307,24421,5886,30821
2016-04-01 22:00,30287,24181,6106,30751
2016-04-01 21:00,30164,24173,5991,30662
2016-04-01 20:00,30372,24227,6145,30582
2016-04-01 19:00,30481,24215,6266,30772
2016-04-01 18:00,30701,24148,6553,30860
2016-04-01 17:00,30670,22559,8111,30723
2016-04-01 16:00,30242,20909,9333,30390
2016-04-01 15:00,28993,19649,9344,29733
2016-04-01 14:00,26582,18540,8042,28144
2016-04-01 13:00,24747,17508,7239,25639
2016-04-01 12:00,23969,17147,6822,24302
2016-04-01 11:00,23917,17081,6836,23985
2016-04-01 10:00,24316,17275,7041,24328
2016-04-01 09:00,25249,17825,7424,25104
2016-04-01 08:00,26910,18619,8291,26070
2016-04-01 07:00,29257,20099,9158,27716
2016-04-01 06:00,31552,21184,10368,29894
2016-04-01 05:00,32907,22410,10497,32214
2016-04-01 04:00,32690,22513,10177,33600
2016-04-01 03:00,30875,21347,9528,32745
2016-04-01 02:00,29963,21600,8363,30881
2016-04-01 01:00,29451,22179,7272,30326
2016-04-01 00:00,29175,22686,6489,29892
2016-03-31 23:00,29113,22488,6625,30160
2016-03-31 22:00,29091,22539,6552,30215
2016-03-31 21:00,29067,22617,6450,30208
2016-03-31 20:00,29372,22797,6575,30243
2016-03-31 19:00,29817,23071,6746,30458
2016-03-31 18:00,30117,22799,7318,30702
2016-03-31 17:00,30193,22444,7749,30933
2016-03-31 16:00,30072,20459,9613,31124
2016-03-31 15:00,28854,19799,9055,31120
2016-03-31 14:00,26369,18320,8049,29356
2016-03-31 13:00,24696,17473,7223,26433
2016-03-31 12:00,24163,17142,7021,24919
2016-03-31 11:00,24167,17254,6913,24368
2016-03-31 10:00,24750,17633,7117,24542
2016-03-31 09:00,25655,18001,7654,25133
2016-03-31 08:00,27003,18435,8568,26224
2016-03-31 07:00,29113,19620,9493,27522
2016-03-31 06:00,31410,20991,10419,29928
2016-03-31 05:00,33116,22511,10605,32376
2016-03-31 04:00,32916,22971,9945,33792
2016-03-31 03:00,30997,21944,9053,32901
2016-03-31 02:00,29877,22469,7408,31292
2016-03-31 01:00,29464,23434,6030,30519
2016-03-31 00:00,29238,23778,5460,30206
2016-03-30 23:00,29381,24140,5241,30112
2016-03-30 22:00,29512,24384,5128,30314
2016-03-30 21:00,29596,23948,5648,30559
2016-03-30 20:00,29882,24401,5481,30800
2016-03-30 19:00,30242,24858,5384,31093
2016-03-30 18:00,30429,24629,5800,31288
2016-03-30 17:00,30741,23702,7039,31459
2016-03-30 16:00,30681,21666,9015,31731
2016-03-30 15:00,29414,20787,8627,31419
2016-03-30 14:00,26941,18913,8028,29550
2016-03-30 13:00,25108,18387,6721,26605
2016-03-30 12:00,24214,18021,6193,25097
2016-03-30 11:00,24140,18139,6001,24391
2016-03-30 10:00,24565,18316,6249,24629
2016-03-30 09:00,25448,18571,6877,25202
2016-03-30 08:00,26895,18964,7931,26304
2016-03-30 07:00,28854,20364,8490,28075
2016-03-30 06:00,31406,21985,9421,30454
2016-03-30 05:00,33155,22772,10383,32812
2016-03-30 04:00,32860,23124,9736,34278
2016-03-30 03:00,30945,22426,8519,33443
2016-03-30 02:00,29895,22250,7645,31904
2016-03-30 01:00,29691,23228,6463,30869
2016-03-30 00:00,29777,23684,6093,30312
2016-03-29 23:00,29896,24186,5710,30033
2016-03-29 22:00,29920,24348,5572,30156
2016-03-29 21:00,29992,24655,5337,30219
2016-03-29 20:00,30193,24579,5614,30383
2016-03-29 19:00,30561,24369,6192,30798
2016-03-29 18:00,30963,24285,6678,31206
2016-03-29 17:00,31034,22994,8040,31489
2016-03-29 16:00,31114,20488,10626,31787
2016-03-29 15:00,29915,19298,10617,31338
2016-03-29 14:00,27126,17786,9340,29487
2016-03-29 13:00,25102,17003,8099,26493
2016-03-29 12:00,24098,16364,7734,24875
2016-03-29 11:00,24043,16316,7727,24382
2016-03-29 10:00,24475,16593,7882,24574
2016-03-29 09:00,25406,16782,8624,25222
2016-03-29 08:00,27006,17666,9340,25988
2016-03-29 07:00,29078,18447,10631,28263
2016-03-29 06:00,31364,19567,11797,30654
2016-03-29 05:00,33117,20885,12232,32930
2016-03-29 04:00,33155,20848,12307,34553
2016-03-29 03:00,31254,20063,11191,33818
2016-03-29 02:00,30136,20474,9662,31644
2016-03-29 01:00,30305,21054,9251,30852
2016-03-29 00:00,30693,20817,9876,30778
2016-03-28 23:00,31075,20374,10701,30788
2016-03-28 22:00,31268,20451,10817,30984
2016-03-28 21:00,31435,20378,11057,31047
2016-03-28 20:00,31617,20394,11223,31215
2016-03-28 19:00,31843,20233,11610,31433
2016-03-28 18:00,31526,19576,11950,31495
2016-03-28 17:00,30772,18403,12369,31470
2016-03-28 16:00,29780,16426,13354,31265
2016-03-28 15:00,28186,16124,12062,30784
2016-03-28 14:00,25644,15854,9790,28781
2016-03-28 13:00,24269,14994,9275,25973
2016-03-28 12:00,23422,15055,8367,24408
2016-03-28 11:00,23269,15374,7895,23949
2016-03-28 10:00,23412,15778,7634,24186
2016-03-28 09:00,23920,16589,7331,24637
2016-03-28 08:00,25283,17771,7512,25427
2016-03-28 07:00,27230,19819,7411,26046
2016-03-28 06:00,29103,20602,8501,27771
2016-03-28 05:00,30333,21632,8701,29312
2016-03-28 04:00,29983,21248,8735,30310
2016-03-28 03:00,27969,20734,7235,29292
2016-03-28 02:00,26800,21273,5527,27305
2016-03-28 01:00,26264,21984,4280,26587
2016-03-28 00:00,25748,22394,3354,26155
2016-03-27 23:00,25517,22538,2979,25690
2016-03-27 22:00,25447,22544,2903,25380
2016-03-27 21:00,25390,22770,2620,25265
2016-03-27 20:00,25569,22561,3008,25191
2016-03-27 19:00,25654,22307,3347,25162
2016-03-27 18:00,25773,21626,4147,25192
2016-03-27 17:00,25279,20284,4995,25021
2016-03-27 16:00,24314,18167,6147,24560
2016-03-27 15:00,23901,17583,6318,24012
2016-03-27 14:00,23207,17754,5453,23872
2016-03-27 13:00,22771,17853,4918,23340
2016-03-27 12:00,22733,17715,5018,22995
2016-03-27 11:00,23050,17950,5100,23031
2016-03-27 10:00,23761,18475,5286,23474
2016-03-27 09:00,24967,18444,6523,24213
2016-03-27 08:00,26632,19208,7424,25320
2016-03-27 07:00,28636,21110,7526,27266
2016-03-27 06:00,30236,21952,8284,29176
2016-03-27 05:00,31504,22505,8999,30789
2016-03-27 04:00,31362,22801,8561,31717
2016-03-27 03:00,29710,22287,7423,31337
2016-03-27 02:00,28615,23770,4845,29589
2016-03-27 01:00,28316,24661,3655,28775
2016-03-27 00:00,28266,24349,3917,28167
2016-03-26 23:00,27838,24188,3650,27839
2016-03-26 22:00,27588,24729,2859,27754
2016-03-26 21:00,27606,24439,3167,27627
2016-03-26 20:00,27713,23945,3768,27671
2016-03-26 19:00,27632,24052,3580,27710
2016-03-26 18:00,27671,23860,3811,27883
2016-03-26 17:00,27218,22350,4868,27749
2016-03-26 16:00,26251,20474,5777,27229
2016-03-26 15:00,26028,19112,6916,26469
2016-03-26 14:00,25099,18549,6550,25814
2016-03-26 13:00,24483,17950,6533,24683
2016-03-26 12:00,24278,17384,6894,24144
2016-03-26 11:00,24612,17130,7482,24082
2016-03-26 10:00,25215,17250,7965,24530
2016-03-26 09:00,25814,18013,7801,25295
2016-03-26 08:00,27428,18687,8741,26550
2016-03-26 07:00,29743,20299,9444,27514
2016-03-26 06:00,31350,22304,9046,29592
2016-03-26 05:00,32704,24338,8366,31627
2016-03-26 04:00,32707,23933,8774,32939
2016-03-26 03:00,31341,22947,8394,32865
2016-03-26 02:00,30885,24355,6530,31444
2016-03-26 01:00,31257,24815,6442,31380
2016-03-26 00:00,31335,24722,6613,31575
2016-03-25 23:00,31263,24466,6797,31583
2016-03-25 22:00,31142,24306,6836,31512
2016-03-25 21:00,30992,24207,6785,31346
2016-03-25 20:00,31166,24145,7021,31124
2016-03-25 19:00,31304,24053,7251,31108
2016-03-25 18:00,30970,23193,7777,31064
2016-03-25 17:00,30410,22360,8050,30926
2016-03-25 16:00,29854,21088,8766,30636
2016-03-25 15:00,28588,19618,8970,30060
2016-03-25 14:00,26404,18295,8109,28753
2016-03-25 13:00,24966,16795,8171,26282
2016-03-25 12:00,24381,16478,7903,24843
2016-03-25 11:00,24514,16622,7892,24421
2016-03-25 10:00,25187,17125,8062,24700
2016-03-25 09:00,25968,17325,8643,25394
2016-03-25 08:00,27566,18440,9126,26387
2016-03-25 07:00,29771,20674,9097,28124
2016-03-25 06:00,31985,22483,9502,30365
2016-03-25 05:00,33745,23522,10223,32842
2016-03-25 04:00,33819,23625,10194,34427
2016-03-25 03:00,32238,22693,9545,34129
2016-03-25 02:00,32125,22566,9559,32544
2016-03-25 01:00,31748,23365,8383,32031
2016-03-25 00:00,31826,24335,7491,31812
2016-03-24 23:00,31868,24473,7395,31852
2016-03-24 22:00,31686,24393,7293,31784
2016-03-24 21:00,31562,24383,7179,31560
2016-03-24 20:00,31534,24842,6692,31357
2016-03-24 19:00,31479,24862,6617,31187
2016-03-24 18:00,30938,24492,6446,31338
2016-03-24 17:00,30937,23165,7772,31350
2016-03-24 16:00,30978,21909,9069,31427
2016-03-24 15:00,29633,20561,9072,31296
2016-03-24 14:00,27088,18728,8360,29763
2016-03-24 13:00,25407,17636,7771,26955
2016-03-24 12:00,24751,16947,7804,25294
2016-03-24 11:00,24703,17111,7592,24757
2016-03-24 10:00,25222,17928,7294,24966
2016-03-24 09:00,25875,18752,7123,25512
2016-03-24 08:00,27521,19304,8217,26297
2016-03-24 07:00,29881,21032,8849,27974
2016-03-24 06:00,32420,22192,10228,30346
2016-03-24 05:00,34228,23451,10777,32855
2016-03-24 04:00,34271,23297,10974,34393
2016-03-24 03:00,32577,23459,9118,34241
2016-03-24 02:00,31545,24365,7180,32425
2016-03-24 01:00,31501,25054,6447,32052
2016-03-24 00:00,31494,24624,6870,32001
2016-03-23 23:00,31633,24378,7255,31881
2016-03-23 22:00,31571,24925,6646,31621
2016-03-23 21:00,31524,25259,6265,31342
2016-03-23 20:00,31633,24833,6800,31144
2016-03-23 19:00,31930,25055,6875,31310
2016-03-23 18:00,31819,24615,7204,31373
2016-03-23 17:00,31971,23180,8791,31599
2016-03-23 16:00,31925,21929,9996,31768
2016-03-23 15:00,30554,20294,10260,31650
2016-03-23 14:00,27834,18957,8877,30021
2016-03-23 13:00,25972,18251,7721,27022
2016-03-23 12:00,25368,17639,7729,25198
2016-03-23 11:00,25667,18005,7662,24635
2016-03-23 10:00,25982,18501,7481,24779
2016-03-23 09:00,26763,18892,7871,25339
2016-03-23 08:00,27607,19714,7893,26280
2016-03-23 07:00,29706,21191,8515,28175
2016-03-23 06:00,31943,22762,9181,30510
2016-03-23 05:00,33560,24583,8977,32939
2016-03-23 04:00,33473,24254,9219,34428
2016-03-23 03:00,31462,23040,8422,33929
2016-03-23 02:00,30538,23251,7287,31835
2016-03-23 01:00,30355,23952,6403,31422
2016-03-23 00:00,30793,24340,6453,31300
2016-03-22 23:00,31095,25077,6018,31339
2016-03-22 22:00,31289,24994,6295,31401
2016-03-22 21:00,31438,24655,6783,31389
2016-03-22 20:00,31651,24505,7146,31397
2016-03-22 19:00,31887,24693,7194,31688
2016-03-22 18:00,31608,24224,7384,31901
2016-03-22 17:00,31525,22782,8743,31968
2016-03-22 16:00,31527,21145,10382,31949
2016-03-22 15:00,30208,19666,10542,31646
2016-03-22 14:00,27347,18049,9298,29827
2016-03-22 13:00,25543,17360,8183,26720
2016-03-22 12:00,24924,17105,7819,25000
2016-03-22 11:00,24974,17125,7849,24437
2016-03-22 10:00,25448,17190,8258,24603
2016-03-22 09:00,26488,17714,8774,25190
2016-03-22 08:00,27747,18591,9156,26144
2016-03-22 07:00,29794,19967,9827,27831
2016-03-22 06:00,32278,21704,10574,30301
2016-03-22 05:00,34064,22867,11197,32788
2016-03-22 04:00,34326,23131,11195,34408
2016-03-22 03:00,32726,21848,10878,34140
2016-03-22 02:00,32088,21881,10207,31996
2016-03-22 01:00,32290,22568,9722,31699
2016-03-22 00:00,32114,22686,9428,31862
2016-03-21 23:00,32136,22534,9602,32063
2016-03-21 22:00,32277,22824,9453,32048
2016-03-21 21:00,32391,22161,10230,32016
2016-03-21 20:00,32317,22234,10083,31875
2016-03-21 19:00,32212,21989,10223,31969
2016-03-21 18:00,32123,21333,10790,31939
2016-03-21 17:00,31663,19577,12086,31781
2016-03-21 16:00,30787,17504,13283,31466
2016-03-21 15:00,29077,16695,12382,30867
2016-03-21 14:00,26569,16451,10118,28872
2016-03-21 13:00,24921,15878,9043,25864
2016-03-21 12:00,24195,15815,8380,24208
2016-03-21 11:00,24251,16003,8248,23608
2016-03-21 10:00,24873,16550,8323,23732
2016-03-21 09:00,25532,17242,8290,24284
2016-03-21 08:00,26265,18677,7588,25056
2016-03-21 07:00,28334,19876,8458,26572
2016-03-21 06:00,30615,20808,9807,28833
2016-03-21 05:00,32109,22176,9933,30968
2016-03-21 04:00,32027,22487,9540,32367
2016-03-21 03:00,30151,21280,8871,32138
2016-03-21 02:00,29154,21535,7619,30208
2016-03-21 01:00,28477,22153,6324,29302
2016-03-21 00:00,28032,22810,5222,28941
2016-03-20 23:00,27750,22274,5476,28527
2016-03-20 22:00,27453,22127,5326,27977
2016-03-20 21:00,27098,22289,4809,27458
2016-03-20 20:00,26869,22280,4589,27053
2016-03-20 19:00,26834,22426,4408,26802
2016-03-20 18:00,26714,21896,4818,26652
2016-03-20 17:00,25901,20386,5515,26274
2016-03-20 16:00,24866,18575,6291,25739
2016-03-20 15:00,24386,18225,6161,25025
2016-03-20 14:00,23600,17979,5621,24558
2016-03-20 13:00,23136,17909,5227,23689
2016-03-20 12:00,23258,17398,5860,23619
2016-03-20 11:00,23571,17565,6006,23622
2016-03-20 10:00,24240,17759,6481,23957
2016-03-20 09:00,25392,18282,7110,24538
2016-03-20 08:00,26792,19519,7273,25396
2016-03-20 07:00,28531,21193,7338,27038
2016-03-20 06:00,30223,22455,7768,29201
2016-03-20 05:00,31334,23879,7455,31075
2016-03-20 04:00,31474,24243,7231,32287
2016-03-20 03:00,29977,23796,6181,32047
2016-03-20 02:00,29095,23904,5191,30346
2016-03-20 01:00,28947,23988,4959,29891
2016-03-20 00:00,28425,24181,4244,29817
2016-03-19 23:00,28265,24322,3943,29576
2016-03-19 22:00,28111,24463,3648,29217
2016-03-19 21:00,28073,24323,3750,28967
2016-03-19 20:00,28351,24678,3673,28811
2016-03-19 19:00,28660,24636,4024,28716
2016-03-19 18:00,28711,24052,4659,28504
2016-03-19 17:00,27802,23467,4335,28188
2016-03-19 16:00,27247,22572,4675,27407
2016-03-19 15:00,26427,21023,5404,26449
2016-03-19 14:00,25546,19327,6219,25697
2016-03-19 13:00,24886,18600,6286,24583
2016-03-19 12:00,24696,18328,6368,24281
2016-03-19 11:00,24943,18250,6693,24321
2016-03-19 10:00,25410,18218,7192,24758
2016-03-19 09:00,26577,18765,7812,25542
2016-03-19 08:00,27969,19823,8146,26686
2016-03-19 07:00,29954,21129,8825,28188
2016-03-19 06:00,31898,23072,8826,30387
2016-03-19 05:00,33579,24146,9433,32451
2016-03-19 04:00,33967,24779,9188,33873
2016-03-19 03:00,32543,24377,8166,33860
2016-03-19 02:00,31993,24740,7253,32168
2016-03-19 01:00,32247,25601,6646,32227
2016-03-19 00:00,32485,25512,6973,32637
2016-03-18 23:00,32441,24838,7603,32681
2016-03-18 22:00,32318,24341,7977,32600
2016-03-18 21:00,32204,24292,7912,32335
2016-03-18 20:00,32449,24367,8082,32014
2016-03-18 19:00,32360,24309,8051,31968
2016-03-18 18:00,32114,23800,8314,31936
2016-03-18 17:00,31966,23068,8898,31834
2016-03-18 16:00,31612,21964,9648,31662
2016-03-18 15:00,30014,20792,9222,31109
2016-03-18 14:00,27521,18501,9020,29333
2016-03-18 13:00,25955,17335,8620,26610
2016-03-18 12:00,25422,16915,8507,25130
2016-03-18 11:00,25550,16875,8675,24674
2016-03-18 10:00,25997,17125,8872,24944
2016-03-18 09:00,26635,17939,8696,25596
2016-03-18 08:00,27786,18954,8832,26597
2016-03-18 07:00,30298,21125,9173,28031
2016-03-18 06:00,32955,22941,10014,30441
2016-03-18 05:00,34811,24023,10788,32989
2016-03-18 04:00,35262,24764,10498,34736
2016-03-18 03:00,33916,24051,9865,34924
2016-03-18 02:00,33461,23919,9542,33188
2016-03-18 01:00,33530,24452,9078,32616
2016-03-18 00:00,33606,24608,8998,32496
2016-03-17 23:00,33216,24480,8736,32631
2016-03-17 22:00,32806,24363,8443,32573
2016-03-17 21:00,32349,24365,7984,32360
2016-03-17 20:00,32097,24353,7744,31979
2016-03-17 19:00,31943,24082,7861,31817
2016-03-17 18:00,31701,23130,8571,31671
2016-03-17 17:00,31648,22660,8988,31485
2016-03-17 16:00,31593,21575,10018,31369
2016-03-17 15:00,30220,20237,9983,31137
2016-03-17 14:00,27526,17912,9614,29537
2016-03-17 13:00,26055,16767,9288,26483
2016-03-17 12:00,25598,16587,9011,25057
2016-03-17 11:00,25446,16777,8669,24699
2016-03-17 10:00,25778,17082,8696,24906
2016-03-17 09:00,26470,18160,8310,25521
2016-03-17 08:00,27892,18930,8962,26698
2016-03-17 07:00,30373,20591,9782,28091
2016-03-17 06:00,33013,22763,10250,30655
2016-03-17 05:00,34968,23859,11109,33252
2016-03-17 04:00,35492,23971,11521,34946
2016-03-17 03:00,34032,22931,11101,34856
2016-03-17 02:00,33229,23123,10106,33084
2016-03-17 01:00,33197,23598,9599,32871
2016-03-17 00:00,33265,24205,9060,32908
2016-03-16 23:00,32898,24109,8789,32800
2016-03-16 22:00,32564,24105,8459,32493
2016-03-16 21:00,32124,23986,8138,32090
2016-03-16 20:00,32056,23792,8264,31706
2016-03-16 19:00,32100,23641,8459,31585
2016-03-16 18:00,31742,23067,8675,31480
2016-03-16 17:00,31902,22746,9156,31361
2016-03-16 16:00,31919,22179,9740,31370
2016-03-16 15:00,30458,20791,9667,31209
2016-03-16 14:00,27604,18691,8913,29578
2016-03-16 13:00,25928,17590,8338,26523
2016-03-16 12:00,25325,17365,7960,24913
2016-03-16 11:00,25294,17195,8099,24382
2016-03-16 10:00,25817,17461,8356,24575
2016-03-16 09:00,26707,18086,8621,25181
2016-03-16 08:00,27892,19595,8297,26199
2016-03-16 07:00,30072,21017,9055,28058
2016-03-16 06:00,32401,22429,9972,30467
2016-03-16 05:00,34141,23654,10487,33101
2016-03-16 04:00,34290,23604,10686,34869
2016-03-16 03:00,32589,22594,9995,35154
2016-03-16 02:00,31728,23067,8661,33505
2016-03-16 01:00,31883,23631,8252,32701
2016-03-16 00:00,31807,23688,8119,32463
2016-03-15 23:00,31640,24096,7544,32484
2016-03-15 22:00,31596,24121,7475,32306
2016-03-15 21:00,31382,24224,7158,32134
2016-03-15 20:00,31336,24154,7182,31827
2016-03-15 19:00,31398,24142,7256,31692
2016-03-15 18:00,31608,23406,8202,31713
2016-03-15 17:00,31822,23553,8269,31801
2016-03-15 16:00,31855,22399,9456,31466
2016-03-15 15:00,30366,20631,9735,31203
2016-03-15 14:00,27900,18081,9819,29592
2016-03-15 13:00,26093,16344,9749,26731
2016-03-15 12:00,25256,15676,9580,25108
2016-03-15 11:00,25241,15833,9408,24626
2016-03-15 10:00,25720,16661,9059,24800
2016-03-15 09:00,26616,17851,8765,25380
2016-03-15 08:00,27978,21388,6590,26399
2016-03-15 07:00,30004,21473,8531,28087
2016-03-15 06:00,32440,23438,9002,30354
2016-03-15 05:00,34102,24770,9332,32844
2016-03-15 04:00,34333,25287,9046,34461
2016-03-15 03:00,32170,23337,8833,34371
2016-03-15 02:00,31111,21944,9167,32742
2016-03-15 01:00,30579,21847,8732,31831
2016-03-15 00:00,30656,22508,8148,31460
2016-03-14 23:00,30955,22248,8707,31626
2016-03-14 22:00,31248,22390,8858,31697
2016-03-14 21:00,31503,22694,8809,31710
2016-03-14 20:00,31882,22990,8892,31736
2016-03-14 19:00,32060,22494,9566,31865
2016-03-14 18:00,31740,21242,10498,31891
2016-03-14 17:00,31746,19867,11879,31720
2016-03-14 16:00,31492,18468,13024,31347
2016-03-14 15:00,29543,18338,11205,30679
2016-03-14 14:00,26991,17760,9231,28919
2016-03-14 13:00,25232,17460,7772,26104
2016-03-14 12:00,24591,17722,6869,24426
2016-03-14 11:00,24545,18154,6391,23812
2016-03-14 10:00,25079,19053,6026,23654
2016-03-14 09:00,26100,17724,8376,24444
2016-03-14 08:00,29897,20984,8913,27996
2016-03-14 07:00,29699,23209,6490,26934
2016-03-14 06:00,31074,24127,6947,28959
2016-03-14 05:00,32353,24954,7399,31146
2016-03-14 04:00,32402,25127,7275,32345
2016-03-14 03:00,30526,23552,6974,32163
2016-03-14 02:00,29156,22435,6721,29265
2016-03-14 01:00,28509,23094,5415,28096
2016-03-14 00:00,28467,22882,5585,27725
2016-03-13 23:00,28317,22969,5348,27396
2016-03-13 22:00,28093,23022,5071,27206
2016-03-13 21:00,27989,23156,4833,26947
2016-03-13 20:00,27923,23076,4847,26938
2016-03-13 19:00,27672,22833,4839,26862
2016-03-13 18:00,27140,22230,4910,26758
2016-03-13 17:00,26368,21045,5323,26169
2016-03-13 16:00,25824,18367,7457,25373
2016-03-13 15:00,25461,17423,8038,24855
2016-03-13 14:00,24799,16727,8072,24483
2016-03-13 13:00,24503,16389,8114,23876
2016-03-13 12:00,24622,16693,7929,23748
2016-03-13 11:00,25214,17254,7960,23930
2016-03-13 10:00,25888,18429,7459,24884
2016-03-13 09:00,24036,19842,4194,23018
2016-03-13 08:00,27995,21355,6640,23819
2016-03-13 07:00,29897,22029,7868,28119
2016-03-13 06:00,31387,23400,7987,29674
2016-03-13 05:00,32196,24225,7971,31134
2016-03-13 04:00,32216,24499,7717,32033
2016-03-13 03:00,30165,24217,5948,31927
2016-03-13 02:00,28694,23996,4698,29388
2016-03-13 01:00,28330,24142,4188,28632
2016-03-13 00:00,28215,24421,3794,28435
2016-03-12 23:00,28347,24004,4343,28436
2016-03-12 22:00,28492,23961,4531,28495
2016-03-12 21:00,28660,23872,4788,28755
2016-03-12 20:00,28832,24363,4469,28800
2016-03-12 19:00,28696,24247,4449,28770
2016-03-12 18:00,28238,23100,5138,28581
2016-03-12 17:00,27739,21613,6126,27829
2016-03-12 16:00,27085,19557,7528,26366
2016-03-12 15:00,26268,18243,8025,25599
2016-03-12 14:00,25602,17413,8189,25058
2016-03-12 13:00,25300,16691,8609,24559
2016-03-12 12:00,25500,16634,8866,24406
2016-03-12 11:00,26370,16908,9462,24633
2016-03-12 10:00,27221,17717,9504,25239
2016-03-12 09:00,28313,19046,9267,26160
2016-03-12 08:00,30094,20087,10007,27221
2016-03-12 07:00,31630,21880,9750,29273
2016-03-12 06:00,33340,23619,9721,31293
2016-03-12 05:00,34291,24581,9710,32826
2016-03-12 04:00,34565,24999,9566,33911
2016-03-12 03:00,33098,24317,8781,33853
2016-03-12 02:00,32209,23493,8716,31580
2016-03-12 01:00,32342,24620,7722,30863
2016-03-12 00:00,32705,25320,7385,30825
2016-03-11 23:00,32859,25063,7796,31088
2016-03-11 22:00,32883,24705,8178,31242
2016-03-11 21:00,33233,24767,8466,31339
2016-03-11 20:00,33451,24555,8896,31523
2016-03-11 19:00,32917,24025,8892,31621
2016-03-11 18:00,32164,23424,8740,31451
2016-03-11 17:00,31267,21706,9561,31220
2016-03-11 16:00,29660,19830,9830,30770
2016-03-11 15:00,27604,18858,8746,29279
2016-03-11 14:00,25903,17155,8748,26919
2016-03-11 13:00,25308,16390,8918,25052
2016-03-11 12:00,25307,16709,8598,24364
2016-03-11 11:00,25804,17114,8690,24442
2016-03-11 10:00,26575,17546,9029,25014
2016-03-11 09:00,27756,18157,9599,25782
2016-03-11 08:00,29597,20005,9592,26776
2016-03-11 07:00,31795,21678,10117,28974
2016-03-11 06:00,33893,23693,10200,31510
2016-03-11 05:00,35289,24854,10435,33537
2016-03-11 04:00,35629,25324,10305,34701
2016-03-11 03:00,34289,23974,10315,34998
2016-03-11 02:00,33491,23587,9904,33116
2016-03-11 01:00,33692,23664,10028,32067
2016-03-11 00:00,33759,23745,10014,31921
2016-03-10 23:00,33524,23799,9725,32063
2016-03-10 22:00,33156,23518,9638,31998
2016-03-10 21:00,32828,23282,9546,31841
2016-03-10 20:00,32466,23265,9201,31755
2016-03-10 19:00,31891,23270,8621,31817
2016-03-10 18:00,31331,22833,8498,31646
2016-03-10 17:00,30761,22002,8759,31223
2016-03-10 16:00,29531,20640,8891,30821
2016-03-10 15:00,28029,19496,8533,29376
2016-03-10 14:00,26200,18045,8155,26847
2016-03-10 13:00,25294,17373,7921,24904
2016-03-10 12:00,25164,17242,7922,24183
2016-03-10 11:00,25563,17441,8122,24190
2016-03-10 10:00,26205,18330,7875,24734
2016-03-10 09:00,27365,19365,8000,25575
2016-03-10 08:00,29250,20964,8286,27323
2016-03-10 07:00,31638,23096,8542,29439
2016-03-10 06:00,33777,24710,9067,32117
2016-03-10 05:00,35129,25598,9531,34161
2016-03-10 04:00,35450,25685,9765,35296
2016-03-10 03:00,33627,24818,8809,35382
2016-03-10 02:00,32569,24347,8222,33378
2016-03-10 01:00,32496,24837,7659,32342
2016-03-10 00:00,32405,24671,7734,32316
2016-03-09 23:00,32216,24274,7942,32360
2016-03-09 22:00,31991,23951,8040,32180
2016-03-09 21:00,31809,24031,7778,31905
2016-03-09 20:00,31720,24451,7269,31873
2016-03-09 19:00,31724,24110,7614,32039
2016-03-09 18:00,31619,23621,7998,32053
2016-03-09 17:00,31215,22803,8412,32109
2016-03-09 16:00,30043,21348,8695,32003
2016-03-09 15:00,28169,19797,8372,30556
2016-03-09 14:00,26126,18959,7167,27872
2016-03-09 13:00,25183,18574,6609,25766
2016-03-09 12:00,25124,18328,6796,24917
2016-03-09 11:00,25533,18787,6746,24907
2016-03-09 10:00,26281,19619,6662,25366
2016-03-09 09:00,27514,19797,7717,26124
2016-03-09 08:00,29332,21144,8188,27602
2016-03-09 07:00,31868,22722,9146,29749
2016-03-09 06:00,33867,24617,9250,32341
2016-03-09 05:00,34990,25481,9509,34406
2016-03-09 04:00,35144,25422,9722,35401
2016-03-09 03:00,33069,24281,8788,35176
2016-03-09 02:00,31667,22437,9230,32774
2016-03-09 01:00,31312,22434,8878,31375
2016-03-09 00:00,31156,23410,7746,30857
2016-03-08 23:00,31170,23208,7962,30649
2016-03-08 22:00,30774,23481,7293,30778
2016-03-08 21:00,30707,23815,6892,30869
2016-03-08 20:00,30549,23752,6797,31230
2016-03-08 19:00,30681,24094,6587,31702
2016-03-08 18:00,31055,23190,7865,32143
2016-03-08 17:00,31401,22297,9104,32524
2016-03-08 16:00,30630,19921,10709,32582
2016-03-08 15:00,28787,17751,11036,31211
2016-03-08 14:00,26759,16384,10375,28333
2016-03-08 13:00,25694,15741,9953,26028
2016-03-08 12:00,25598,15909,9689,25065
2016-03-08 11:00,26027,16108,9919,24980
2016-03-08 10:00,26900,16799,10101,25441
2016-03-08 09:00,28044,17922,10122,26149
2016-03-08 08:00,30105,19044,11061,27454
2016-03-08 07:00,32238,20662,11576,29800
2016-03-08 06:00,34154,21733,12421,32277
2016-03-08 05:00,35337,22660,12677,34261
2016-03-08 04:00,35460,23239,12221,35424
2016-03-08 03:00,33236,21784,11452,35671
2016-03-08 02:00,31436,21889,9547,33876
2016-03-08 01:00,31444,22520,8924,32402
2016-03-08 00:00,31513,22665,8848,32050
2016-03-07 23:00,31714,22619,9095,32051
2016-03-07 22:00,32156,22286,9870,32511
2016-03-07 21:00,32622,22063,10559,32679
2016-03-07 20:00,32945,22072,10873,32617
2016-03-07 19:00,33002,21972,11030,32352
2016-03-07 18:00,32575,21142,11433,32165
2016-03-07 17:00,31498,19411,12087,31653
2016-03-07 16:00,29724,18027,11697,30881
2016-03-07 15:00,27189,16991,10198,29156
2016-03-07 14:00,25273,16719,8554,26593
2016-03-07 13:00,24341,16592,7749,24524
2016-03-07 12:00,24160,16643,7517,23837
2016-03-07 11:00,24555,17094,7461,23812
2016-03-07 10:00,25291,17637,7654,24240
2016-03-07 09:00,26186,18015,8171,24861
2016-03-07 08:00,27848,18854,8994,26549
2016-03-07 07:00,29622,19920,9702,28410
2016-03-07 06:00,31338,21090,10248,30540
2016-03-07 05:00,32200,21701,10499,32027
2016-03-07 04:00,32397,22365,10032,33037
2016-03-07 03:00,30230,21506,8724,32946
2016-03-07 02:00,28550,19935,8615,32067
2016-03-07 01:00,27768,19388,8380,30108
2016-03-07 00:00,27284,19207,8077,29093
2016-03-06 23:00,27096,19431,7665,28661
2016-03-06 22:00,26903,19870,7033,28563
2016-03-06 21:00,26943,20469,6474,28861
2016-03-06 20:00,27102,20967,6135,28887
2016-03-06 19:00,27029,21030,5999,28671
2016-03-06 18:00,26539,19918,6621,28317
2016-03-06 17:00,25718,18362,7356,27557
2016-03-06 16:00,24900,17117,7783,26487
2016-03-06 15:00,24538,16664,7874,25444
2016-03-06 14:00,24046,16335,7711,24211
2016-03-06 13:00,23945,16170,7775,23259
2016-03-06 12:00,24130,16409,7721,23278
2016-03-06 11:00,24483,16767,7716,23591
2016-03-06 10:00,25221,18015,7206,24254
2016-03-06 09:00,26435,19461,6974,25133
2016-03-06 08:00,28228,20617,7611,25936
2016-03-06 07:00,29744,21905,7839,27938
2016-03-06 06:00,31261,22839,8422,29845
2016-03-06 05:00,32101,23482,8619,31102
2016-03-06 04:00,32544,24219,8325,31987
2016-03-06 03:00,31243,23670,7573,32205
2016-03-06 02:00,29699,23157,6542,30861
2016-03-06 01:00,28996,23088,5908,28849
2016-03-06 00:00,28909,23464,5445,28236
2016-03-05 23:00,29040,23796,5244,28164
2016-03-05 22:00,29312,24140,5172,28273
2016-03-05 21:00,29677,23902,5775,28495
2016-03-05 20:00,29670,23972,5698,28548
2016-03-05 19:00,29246,23623,5623,28438
2016-03-05 18:00,28188,22798,5390,27924
2016-03-05 17:00,26864,21665,5199,26928
2016-03-05 16:00,25856,20048,5808,25666
2016-03-05 15:00,25162,18573,6589,25270
2016-03-05 14:00,24625,17273,7352,24706
2016-03-05 13:00,24380,16705,7675,23961
2016-03-05 12:00,24567,17137,7430,23736
2016-03-05 11:00,25188,17527,7661,23953
2016-03-05 10:00,26296,18670,7626,24405
2016-03-05 09:00,27492,19433,8059,25051
2016-03-05 08:00,29235,20400,8835,26988
2016-03-05 07:00,30991,21990,9001,29074
2016-03-05 06:00,32578,23433,9145,31228
2016-03-05 05:00,33718,24766,8952,32788
2016-03-05 04:00,34276,25162,9114,33903
2016-03-05 03:00,33129,24757,8372,34183
2016-03-05 02:00,32292,23381,8911,32423
2016-03-05 01:00,32428,22793,9635,31569
2016-03-05 00:00,32593,23216,9377,31427
2016-03-04 23:00,32768,23371,9397,31496
2016-03-04 22:00,32663,23901,8762,31371
2016-03-04 21:00,32289,23443,8846,31301
2016-03-04 20:00,31946,23365,8581,31295
2016-03-04 19:00,31508,23012,8496,31331
2016-03-04 18:00,31254,22112,9142,31171
2016-03-04 17:00,30762,20993,9769,30945
2016-03-04 16:00,29483,19763,9720,30581
2016-03-04 15:00,27366,18353,9013,29172
2016-03-04 14:00,25496,17270,8226,26680
2016-03-04 13:00,24917,16739,8178,24790
2016-03-04 12:00,24909,16807,8102,24171
2016-03-04 11:00,25352,17909,7443,24258
2016-03-04 10:00,26217,18379,7838,24784
2016-03-04 09:00,27310,18897,8413,25618
2016-03-04 08:00,29238,20523,8715,27317
2016-03-04 07:00,31649,22254,9395,29478
2016-03-04 06:00,33430,23989,9441,31881
2016-03-04 05:00,34691,24948,9743,33788
2016-03-04 04:00,35208,25656,9552,34783
2016-03-04 03:00,33566,24673,8893,34975
2016-03-04 02:00,32402,24177,8225,33041
2016-03-04 01:00,32237,24218,8019,32116
2016-03-04 00:00,32356,24425,7931,31925
2016-03-03 23:00,32566,24489,8077,31922
2016-03-03 22:00,32757,24482,8275,32008
2016-03-03 21:00,32199,24546,7653,31819
2016-03-03 20:00,31923,23986,7937,31804
2016-03-03 19:00,31498,22960,8538,31872
2016-03-03 18:00,30906,22700,8206,31639
2016-03-03 17:00,30483,21107,9376,31348
2016-03-03 16:00,29441,19941,9500,30994
2016-03-03 15:00,27491,18680,8811,29642
2016-03-03 14:00,25772,17574,8198,27030
2016-03-03 13:00,25067,17168,7899,25210
2016-03-03 12:00,25081,16942,8139,24443
2016-03-03 11:00,25525,17076,8449,24274
2016-03-03 10:00,26233,18028,8205,25033
2016-03-03 09:00,27052,18979,8073,25794
2016-03-03 08:00,29155,20477,8678,26567
2016-03-03 07:00,31546,22432,9114,28951
2016-03-03 06:00,33608,24157,9451,31696
2016-03-03 05:00,34979,25219,9760,33816
2016-03-03 04:00,35606,25605,10001,35156
2016-03-03 03:00,33834,24717,9117,35562
2016-03-03 02:00,32730,24715,8015,33805
2016-03-03 01:00,32419,25222,7197,33091
2016-03-03 00:00,32166,25076,7090,33014
2016-03-02 23:00,32051,24808,7243,32685
2016-03-02 22:00,31569,24104,7465,32274
2016-03-02 21:00,31494,23894,7600,31852
2016-03-02 20:00,31185,23433,7752,31634
2016-03-02 19:00,30719,23175,7544,31491
2016-03-02 18:00,30498,22617,7881,31187
2016-03-02 17:00,30379,21213,9166,30974
2016-03-02 16:00,29479,19953,9526,30715
2016-03-02 15:00,27723,18811,8912,29348
2016-03-02 14:00,26095,17850,8245,26691
2016-03-02 13:00,25053,17509,7544,24664
2016-03-02 12:00,24907,17489,7418,23869
2016-03-02 11:00,25221,18055,7166,23919
2016-03-02 10:00,25704,18434,7270,24461
2016-03-02 09:00,26586,19284,7302,25281
2016-03-02 08:00,28966,20618,8348,26601
2016-03-02 07:00,31703,22657,9046,28799
2016-03-02 06:00,33648,24459,9189,31555
2016-03-02 05:00,35120,26084,9036,33824
2016-03-02 04:00,35753,26546,9207,35182
2016-03-02 03:00,34196,25362,8834,35585
2016-03-02 02:00,33242,24577,8665,33732
2016-03-02 01:00,32918,25117,7801,33104
2016-03-02 00:00,32546,25288,7258,33013
2016-03-01 23:00,32203,24780,7423,32813
2016-03-01 22:00,31674,24122,7552,32483
2016-03-01 21:00,31596,23490,8106,32126
2016-03-01 20:00,31457,23503,7954,31869
2016-03-01 19:00,30872,20013,10859,31554
2016-03-01 18:00,30451,22046,8405,31210
2016-03-01 17:00,30161,21969,8192,30836
2016-03-01 16:00,29223,20172,9051,30487
2016-03-01 15:00,27183,18491,8692,29060
2016-03-01 14:00,25576,16994,8582,26305
2016-03-01 13:00,24970,16214,8756,24057
2016-03-01 12:00,24873,16114,8759,23203
2016-03-01 11:00,25235,16332,8903,23230
2016-03-01 10:00,25881,16668,9213,23637
2016-03-01 09:00,27351,17392,9959,24460
2016-03-01 08:00,29641,18800,10841,25925
2016-03-01 07:00,32160,19907,12253,28193
2016-03-01 06:00,34227,21492,12735,31010
2016-03-01 05:00,35566,22255,13311,33277
2016-03-01 04:00,36191,22749,13442,34583
2016-03-01 03:00,34554,21108,13446,35102
2016-03-01 02:00,33669,20301,13368,32816
2016-03-01 01:00,33227,19431,13796,31850
2016-03-01 00:00,32862,19930,12932,31533
2016-02-29 23:00,32759,19781,12978,31230
2016-02-29 22:00,32166,19515,12651,30825
2016-02-29 21:00,31757,19444,12313,30432
2016-02-29 20:00,31471,19469,12002,30280
2016-02-29 19:00,30115,19320,10795,30157
2016-02-29 18:00,29870,18566,11304,29981
2016-02-29 17:00,30601,16959,13642,29878
2016-02-29 16:00,29316,16288,13028,29657
2016-02-29 15:00,26887,15990,10897,28248
2016-02-29 14:00,24978,15895,9083,25257
2016-02-29 13:00,24113,16058,8055,23202
2016-02-29 12:00,23893,16472,7421,22314
2016-02-29 11:00,24281,16869,7412,22220
2016-02-29 10:00,24770,17315,7455,22572
2016-02-29 09:00,25499,18253,7246,23205
2016-02-29 08:00,27337,19395,7942,24716
2016-02-29 07:00,29419,20358,9061,26657
2016-02-29 06:00,31150,21598,9552,28712
2016-02-29 05:00,32179,22322,9857,30374
2016-02-29 04:00,32599,22580,10019,31322
2016-02-29 03:00,30544,21423,9121,31435
2016-02-29 02:00,28528,21360,7168,28969
2016-02-29 01:00,27762,21325,6437,27098
2016-02-29 00:00,27685,21226,6459,26152
2016-02-28 23:00,27299,21103,6196,25687
2016-02-28 22:00,26989,21417,5572,25340
2016-02-28 21:00,26894,21922,4972,25136
2016-02-28 20:00,26927,21119,5808,25098
2016-02-28 19:00,26548,21042,5506,24945
2016-02-28 18:00,25758,20334,5424,24877
2016-02-28 17:00,25000,18320,6680,24498
2016-02-28 16:00,24500,16636,7864,23846
2016-02-28 15:00,24008,16238,7770,23592
2016-02-28 14:00,23374,16006,7368,22998
2016-02-28 13:00,23192,16050,7142,22416
2016-02-28 12:00,23351,16157,7194,22247
2016-02-28 11:00,23615,16564,7051,22524
2016-02-28 10:00,24522,17458,7064,23083
2016-02-28 09:00,25767,18598,7169,23875
2016-02-28 08:00,27541,20221,7320,25362
2016-02-28 07:00,29299,21134,8165,27151
2016-02-28 06:00,30799,22592,8207,28980
2016-02-28 05:00,31774,23294,8480,30460
2016-02-28 04:00,32226,23832,8394,31422
2016-02-28 03:00,30284,23397,6887,31771
2016-02-28 02:00,28805,22841,5964,29409
2016-02-28 01:00,28187,22950,5237,27826
2016-02-28 00:00,28023,23687,4336,27069
2016-02-27 23:00,27867,23524,4343,26798
2016-02-27 22:00,28173,23734,4439,26661
2016-02-27 21:00,28153,23582,4571,26642
2016-02-27 20:00,27704,23680,4024,26789
2016-02-27 19:00,27407,23334,4073,26904
2016-02-27 18:00,26881,22537,4344,26748
2016-02-27 17:00,25769,21133,4636,26260
2016-02-27 16:00,24952,19641,5311,25407
2016-02-27 15:00,24289,18004,6285,24858
2016-02-27 14:00,23331,17060,6271,23946
2016-02-27 13:00,22998,16498,6500,23128
2016-02-27 12:00,23110,16246,6864,22810
2016-02-27 11:00,23627,16733,6894,23110
2016-02-27 10:00,24746,17387,7359,23785
2016-02-27 09:00,26165,18395,7770,24736
2016-02-27 08:00,28234,19497,8737,26045
2016-02-27 07:00,30398,20690,9708,28151
2016-02-27 06:00,32273,22504,9769,30413
2016-02-27 05:00,33521,23461,10060,32222
2016-02-27 04:00,34341,24307,10034,33717
2016-02-27 03:00,33209,23967,9242,34363
2016-02-27 02:00,32058,23560,8498,32606
2016-02-27 01:00,31673,23748,7925,31606
2016-02-27 00:00,31535,23632,7903,31425
2016-02-26 23:00,31204,23831,7373,31360
2016-02-26 22:00,30919,23471,7448,31163
2016-02-26 21:00,30709,23449,7260,30858
2016-02-26 20:00,30502,23554,6948,30790
2016-02-26 19:00,30235,23193,7042,30564
2016-02-26 18:00,29925,22426,7499,30432
2016-02-26 17:00,29604,21334,8270,30227
2016-02-26 16:00,28564,20051,8513,29985
2016-02-26 15:00,26246,18521,7725,28624
2016-02-26 14:00,24276,17407,6869,25854
2016-02-26 13:00,23371,16864,6507,23902
2016-02-26 12:00,23350,16559,6791,23180
2016-02-26 11:00,23806,17182,6624,23230
2016-02-26 10:00,24645,17850,6795,23718
2016-02-26 09:00,26034,18401,7633,24482
2016-02-26 08:00,28315,19769,8546,26073
2016-02-26 07:00,30950,20914,10036,28414
2016-02-26 06:00,33144,22936,10208,31146
2016-02-26 05:00,34518,24165,10353,33282
2016-02-26 04:00,35208,24893,10315,34664
2016-02-26 03:00,33840,24283,9557,35271
2016-02-26 02:00,32907,23708,9199,33393
2016-02-26 01:00,32408,24035,8373,32515
2016-02-26 00:00,31876,24155,7721,32222
2016-02-25 23:00,31698,23930,7768,31971
2016-02-25 22:00,31293,24053,7240,31532
2016-02-25 21:00,31002,24030,6972,31060
2016-02-25 20:00,30663,24034,6629,30927
2016-02-25 19:00,30378,23689,6689,30817
2016-02-25 18:00,30200,22421,7779,30700
2016-02-25 17:00,30074,21280,8794,30666
2016-02-25 16:00,29078,20367,8711,30452
2016-02-25 15:00,26539,18635,7904,29114
2016-02-25 14:00,24391,17015,7376,26071
2016-02-25 13:00,23434,16451,6983,23973
2016-02-25 12:00,23367,16335,7032,23408
2016-02-25 11:00,23834,16680,7154,23231
2016-02-25 10:00,24678,17413,7265,23699
2016-02-25 09:00,26130,18455,7675,24538
2016-02-25 08:00,28413,20158,8255,26125
2016-02-25 07:00,30992,21676,9316,28508
2016-02-25 06:00,33182,23500,9682,31174
2016-02-25 05:00,34660,24510,10150,33276
2016-02-25 04:00,35364,24638,10726,34650
2016-02-25 03:00,33840,24248,9592,35427
2016-02-25 02:00,32664,23078,9586,33771
2016-02-25 01:00,32260,23252,9008,32592
2016-02-25 00:00,31898,23151,8747,32187
2016-02-24 23:00,31412,23203,8209,31882
2016-02-24 22:00,30933,23152,7781,31437
2016-02-24 21:00,30766,23122,7644,31006
2016-02-24 20:00,30883,23063,7820,30805
2016-02-24 19:00,30660,22976,7684,30740
2016-02-24 18:00,30381,22429,7952,30635
2016-02-24 17:00,30349,21728,8621,30639
2016-02-24 16:00,29260,20641,8619,30475
2016-02-24 15:00,26594,19376,7218,29042
2016-02-24 14:00,24412,17569,6843,26109
2016-02-24 13:00,23432,16706,6726,23981
2016-02-24 12:00,23332,16502,6830,23223
2016-02-24 11:00,23765,17147,6618,23234
2016-02-24 10:00,24637,17655,6982,23582
2016-02-24 09:00,26091,18455,7636,24312
2016-02-24 08:00,28392,19807,8585,26345
2016-02-24 07:00,30846,21064,9782,28684
2016-02-24 06:00,33068,23516,9552,31433
2016-02-24 05:00,34529,24741,9788,33545
2016-02-24 04:00,34640,25129,9511,34847
2016-02-24 03:00,33635,24747,8888,35400
2016-02-24 02:00,32325,23510,8815,33752
2016-02-24 01:00,31950,23395,8555,32355
2016-02-24 00:00,31678,23492,8186,32037
2016-02-23 23:00,31506,23621,7885,31846
2016-02-23 22:00,30993,23848,7145,31406
2016-02-23 21:00,30896,23944,6952,30953
2016-02-23 20:00,30697,23361,7336,30801
2016-02-23 19:00,30505,23142,7363,30796
2016-02-23 18:00,30348,22874,7474,30727
2016-02-23 17:00,30163,21311,8852,30815
2016-02-23 16:00,29211,19881,9330,30655
2016-02-23 15:00,26598,18824,7774,29331
2016-02-23 14:00,24341,17216,7125,26428
2016-02-23 13:00,23379,16623,6756,24338
2016-02-23 12:00,23283,16825,6458,23516
2016-02-23 11:00,23708,16948,6760,23454
2016-02-23 10:00,24492,17096,7396,23929
2016-02-23 09:00,25959,17802,8157,24659
2016-02-23 08:00,28240,18820,9420,26132
2016-02-23 07:00,30848,19873,10975,28507
2016-02-23 06:00,33034,21580,11454,31298
2016-02-23 05:00,34479,22581,11898,33622
2016-02-23 04:00,35185,22744,12441,35024
2016-02-23 03:00,33507,21527,11980,35711
2016-02-23 02:00,31968,21142,10826,33732
2016-02-23 01:00,31226,20975,10251,32382
2016-02-23 00:00,30945,21183,9762,31865
2016-02-22 23:00,30781,21250,9531,31439
2016-02-22 22:00,30898,21086,9812,30921
2016-02-22 21:00,30711,21016,9695,30470
2016-02-22 20:00,30676,20311,10365,30359
2016-02-22 19:00,30633,19767,10866,30293
2016-02-22 18:00,30310,19372,10938,30157
2016-02-22 17:00,29940,17668,12272,30184
2016-02-22 16:00,29039,16495,12544,29986
2016-02-22 15:00,26420,15957,10463,28629
2016-02-22 14:00,24166,15919,8247,25646
2016-02-22 13:00,23036,15628,7408,23441
2016-02-22 12:00,22811,15422,7389,22505
2016-02-22 11:00,23058,15544,7514,22348
2016-02-22 10:00,23688,16264,7424,22638
2016-02-22 09:00,24700,17714,6986,23231
2016-02-22 08:00,26704,18680,8024,24612
2016-02-22 07:00,28858,19619,9239,26468
2016-02-22 06:00,30671,20630,10041,28442
2016-02-22 05:00,31692,21202,10490,30016
2016-02-22 04:00,31949,21348,10601,30768
2016-02-22 03:00,29608,20681,8927,30772
2016-02-22 02:00,27200,20195,7005,28285
2016-02-22 01:00,26203,20662,5541,26191
2016-02-22 00:00,25637,20950,4687,25330
2016-02-21 23:00,25228,21213,4015,24892
2016-02-21 22:00,25095,21028,4067,24657
2016-02-21 21:00,25112,21054,4058,24643
2016-02-21 20:00,24696,21045,3651,24714
2016-02-21 19:00,24694,21079,3615,24809
2016-02-21 18:00,24634,20332,4302,25014
2016-02-21 17:00,24321,18286,6035,24873
2016-02-21 16:00,23950,17167,6783,24258
2016-02-21 15:00,23349,16901,6448,24008
2016-02-21 14:00,22803,16477,6326,23267
2016-02-21 13:00,22537,16276,6261,22595
2016-02-21 12:00,22754,16322,6432,22411
2016-02-21 11:00,23217,17239,5978,22563
2016-02-21 10:00,24110,18034,6076,23144
2016-02-21 09:00,25409,18808,6601,23957
2016-02-21 08:00,27174,20004,7170,25763
2016-02-21 07:00,28925,21180,7745,27499
2016-02-21 06:00,30298,22590,7708,29281
2016-02-21 05:00,31084,23414,7670,30647
2016-02-21 04:00,31385,23753,7632,31528
2016-02-21 03:00,29440,23497,5943,31751
2016-02-21 02:00,27300,23942,3358,29391
2016-02-21 01:00,26572,23690,2882,27361
2016-02-21 00:00,26522,24474,2048,26472
2016-02-20 23:00,26504,24676,1828,26126
2016-02-20 22:00,26630,24372,2258,26088
2016-02-20 21:00,26913,24312,2601,26282
2016-02-20 20:00,27221,24153,3068,26709
2016-02-20 19:00,27079,23894,3185,26887
2016-02-20 18:00,26849,22659,4190,27091
2016-02-20 17:00,26170,21599,4571,26855
2016-02-20 16:00,25585,20251,5334,26075
2016-02-20 15:00,24844,18958,5886,25507
2016-02-20 14:00,23987,17521,6466,24414
2016-02-20 13:00,23552,16375,7177,23475
2016-02-20 12:00,23494,16420,7074,23220
2016-02-20 11:00,23926,16848,7078,23466
2016-02-20 10:00,24826,17341,7485,24045
2016-02-20 09:00,26353,18000,8353,24904
2016-02-20 08:00,28475,19989,8486,26573
2016-02-20 07:00,30498,21457,9041,28650
2016-02-20 06:00,32196,23239,8957,30896
2016-02-20 05:00,33267,24327,8940,32599
2016-02-20 04:00,33875,24678,9197,33743
2016-02-20 03:00,32385,24110,8275,34187
2016-02-20 02:00,30872,23341,7531,32449
2016-02-20 01:00,30670,24120,6550,30680
2016-02-20 00:00,30921,23911,7010,30035
2016-02-19 23:00,30836,24156,6680,29983
2016-02-19 22:00,30538,23633,6905,30116
2016-02-19 21:00,30578,23922,6656,30177
2016-02-19 20:00,30528,23954,6574,30415
2016-02-19 19:00,30191,23865,6326,30672
2016-02-19 18:00,30233,22622,7611,30913
2016-02-19 17:00,30075,21383,8692,30996
2016-02-19 16:00,29380,20383,8997,30902
2016-02-19 15:00,26916,18603,8313,29630
2016-02-19 14:00,24793,16938,7855,26727
2016-02-19 13:00,23790,16357,7433,24624
2016-02-19 12:00,23692,16270,7422,23757
2016-02-19 11:00,24177,16636,7541,23744
2016-02-19 10:00,24739,17219,7520,24231
2016-02-19 09:00,26167,18801,7366,25077
2016-02-19 08:00,28338,20742,7596,27232
2016-02-19 07:00,30691,22591,8100,29450
2016-02-19 06:00,32719,24435,8284,31867
2016-02-19 05:00,33899,24996,8903,33747
2016-02-19 04:00,34379,25156,9223,34853
2016-02-19 03:00,32769,25828,6941,35163
2016-02-19 02:00,31206,24412,6794,33137
2016-02-19 01:00,30942,24042,6900,31845
2016-02-19 00:00,30860,24745,6115,31362
2016-02-18 23:00,30965,24503,6462,31327
2016-02-18 22:00,30986,24534,6452,31314
2016-02-18 21:00,31430,24286,7144,31271
2016-02-18 20:00,31434,24625,6809,31534
2016-02-18 19:00,31296,24222,7074,31768
2016-02-18 18:00,30902,22930,7972,31720
2016-02-18 17:00,30277,22163,8114,31598
2016-02-18 16:00,28946,20828,8118,31222
2016-02-18 15:00,26513,19506,7007,29760
2016-02-18 14:00,24529,17905,6624,26798
2016-02-18 13:00,23607,17132,6475,24833
2016-02-18 12:00,23601,17180,6421,24085
2016-02-18 11:00,24111,17604,6507,24148
2016-02-18 10:00,24862,18053,6809,24674
2016-02-18 09:00,26147,18686,7461,25492
2016-02-18 08:00,28278,20698,7580,26309
2016-02-18 07:00,30759,22665,8094,28617
2016-02-18 06:00,32892,25052,7840,31337
2016-02-18 05:00,34133,26250,7883,33371
2016-02-18 04:00,34883,27060,7823,34623
2016-02-18 03:00,34210,27274,6936,35162
2016-02-18 02:00,32729,26922,5807,33542
2016-02-18 01:00,32051,27062,4989,32046
2016-02-18 00:00,32113,27088,5025,31879
2016-02-17 23:00,32197,26712,5485,31926
2016-02-17 22:00,32175,25786,6389,31910
2016-02-17 21:00,32074,25016,7058,31731
2016-02-17 20:00,32047,24329,7718,31774
2016-02-17 19:00,31668,23838,7830,31727
2016-02-17 18:00,30945,22994,7951,31422
2016-02-17 17:00,30317,21728,8589,31030
2016-02-17 16:00,28885,20458,8427,30517
2016-02-17 15:00,26423,19004,7419,29003
2016-02-17 14:00,24379,17532,6847,26049
2016-02-17 13:00,23560,16289,7271,24105
2016-02-17 12:00,23628,16289,7339,23422
2016-02-17 11:00,24175,16847,7328,23488
2016-02-17 10:00,25110,17391,7719,24069
2016-02-17 09:00,26350,18415,7935,24907
2016-02-17 08:00,28559,20405,8154,26315
2016-02-17 07:00,31247,22405,8842,28782
2016-02-17 06:00,33609,24186,9423,31571
2016-02-17 05:00,35340,25501,9839,33973
2016-02-17 04:00,36647,26288,10359,35490
2016-02-17 03:00,35880,26450,9430,36387
2016-02-17 02:00,35081,25134,9947,34967
2016-02-17 01:00,34766,25110,9656,33559
2016-02-17 00:00,34504,24680,9824,33291
2016-02-16 23:00,34015,23689,10326,33021
2016-02-16 22:00,33349,23401,9948,32574
2016-02-16 21:00,32480,23171,9309,31950
2016-02-16 20:00,31652,22971,8681,31728
2016-02-16 19:00,30927,22272,8655,31466
2016-02-16 18:00,30352,20912,9440,31117
2016-02-16 17:00,29861,18682,11179,30800
2016-02-16 16:00,28801,17719,11082,30380
2016-02-16 15:00,26428,16893,9535,28873
2016-02-16 14:00,24375,15946,8429,25880
2016-02-16 13:00,23459,15391,8068,23963
2016-02-16 12:00,23405,15216,8189,23189
2016-02-16 11:00,23844,15718,8126,23271
2016-02-16 10:00,24667,16286,8381,23789
2016-02-16 09:00,25963,17324,8639,24629
2016-02-16 08:00,28173,18968,9205,26076
2016-02-16 07:00,30772,20272,10500,28372
2016-02-16 06:00,32949,21608,11341,30867
2016-02-16 05:00,34543,21838,12705,33079
2016-02-16 04:00,35445,22699,12746,34491
2016-02-16 03:00,34325,21922,12403,35311
2016-02-16 02:00,33104,20153,12951,33687
2016-02-16 01:00,32304,20062,12242,32146
2016-02-16 00:00,31715,19988,11727,31632
2016-02-15 23:00,31071,19823,11248,31144
2016-02-15 22:00,30375,19681,10694,30690
2016-02-15 21:00,29933,19888,10045,30358
2016-02-15 20:00,29460,20535,8925,30079
2016-02-15 19:00,28759,19908,8851,29766
2016-02-15 18:00,27828,18697,9131,29216
2016-02-15 17:00,26777,17135,9642,28151
2016-02-15 16:00,26000,16179,9821,26991
2016-02-15 15:00,24587,15764,8823,26136
2016-02-15 14:00,23226,15305,7921,24335
2016-02-15 13:00,22577,14980,7597,22863
2016-02-15 12:00,22584,15248,7336,22332
2016-02-15 11:00,23062,16431,6631,22397
2016-02-15 10:00,23819,17185,6634,22914
2016-02-15 09:00,25196,18457,6739,23551
2016-02-15 08:00,26759,19318,7441,24739
2016-02-15 07:00,28560,20452,8108,26737
2016-02-15 06:00,30081,21749,8332,28755
2016-02-15 05:00,31119,21949,9170,30464
2016-02-15 04:00,31503,22855,8648,31503
2016-02-15 03:00,29722,22124,7598,32111
2016-02-15 02:00,27791,20720,7071,30148
2016-02-15 01:00,26798,21154,5644,27898
2016-02-15 00:00,26100,21132,4968,26961
2016-02-14 23:00,25586,20850,4736,26416
2016-02-14 22:00,25265,20672,4593,26001
2016-02-14 21:00,25172,20486,4686,25676
2016-02-14 20:00,25101,20838,4263,25539
2016-02-14 19:00,25025,20411,4614,25463
2016-02-14 18:00,24778,19300,5478,25307
2016-02-14 17:00,24147,18084,6063,24936
2016-02-14 16:00,23768,17026,6742,24300
2016-02-14 15:00,23317,16450,6867,23932
2016-02-14 14:00,22631,16023,6608,23111
2016-02-14 13:00,22404,15879,6525,22543
2016-02-14 12:00,22813,16341,6472,22364
2016-02-14 11:00,23293,17057,6236,22646
2016-02-14 10:00,24031,17788,6243,23245
2016-02-14 09:00,25409,18892,6517,24059
2016-02-14 08:00,26976,20263,6713,25364
2016-02-14 07:00,28473,21323,7150,27100
2016-02-14 06:00,29825,22946,6879,28961
2016-02-14 05:00,30820,23513,7307,30394
2016-02-14 04:00,31485,24686,6799,31402
2016-02-14 03:00,29761,24340,5421,31984
2016-02-14 02:00,27944,23298,4646,30265
2016-02-14 01:00,27381,23992,3389,28301
2016-02-14 00:00,27101,24530,2571,27520
2016-02-13 23:00,26823,24611,2212,27161
2016-02-13 22:00,26802,24547,2255,26994
2016-02-13 21:00,26977,24526,2451,26950
2016-02-13 20:00,27237,24335,2902,27093
2016-02-13 19:00,27068,23772,3296,27267
2016-02-13 18:00,26475,23141,3334,27076
2016-02-13 17:00,25775,21565,4210,26551
2016-02-13 16:00,25199,20111,5088,25657
2016-02-13 15:00,24190,19135,5055,25079
2016-02-13 14:00,23436,17893,5543,23936
2016-02-13 13:00,23200,16986,6214,23074
2016-02-13 12:00,23378,16860,6518,22823
2016-02-13 11:00,23981,17359,6622,23096
2016-02-13 10:00,24914,18341,6573,23704
2016-02-13 09:00,26193,18397,7796,24648
2016-02-13 08:00,28271,20161,8110,26349
2016-02-13 07:00,30255,22032,8223,28527
2016-02-13 06:00,31991,23416,8575,30735
2016-02-13 05:00,33307,24123,9184,32578
2016-02-13 04:00,34292,25694,8598,33869
2016-02-13 03:00,33529,25474,8055,34739
2016-02-13 02:00,32448,24398,8050,33520
2016-02-13 01:00,31930,24913,7017,32171
2016-02-13 00:00,31698,25496,6202,31921
2016-02-12 23:00,31328,25750,5578,31791
2016-02-12 22:00,31342,25307,6035,31638
2016-02-12 21:00,31107,25212,5895,31312
2016-02-12 20:00,30721,25164,5557,31201
2016-02-12 19:00,30396,24755,5641,31101
2016-02-12 18:00,30193,24092,6101,30869
2016-02-12 17:00,30136,22940,7196,30668
2016-02-12 16:00,28942,20811,8131,30284
2016-02-12 15:00,26559,19004,7555,28849
2016-02-12 14:00,24584,17789,6795,25912
2016-02-12 13:00,23703,16776,6927,23908
2016-02-12 12:00,23661,16817,6844,23209
2016-02-12 11:00,24125,17122,7003,23271
2016-02-12 10:00,25003,17596,7407,23781
2016-02-12 09:00,26274,18818,7456,24755
2016-02-12 08:00,28538,20597,7941,26173
2016-02-12 07:00,31023,21971,9052,28507
2016-02-12 06:00,33107,23539,9568,31148
2016-02-12 05:00,34486,25028,9458,33191
2016-02-12 04:00,35383,26064,9319,34510
2016-02-12 03:00,34466,25758,8708,35309
2016-02-12 02:00,33329,24671,8658,33983
2016-02-12 01:00,32871,25063,7808,32562
2016-02-12 00:00,32623,25793,6830,32293
2016-02-11 23:00,32166,25867,6299,32045
2016-02-11 22:00,31857,25613,6244,31756
2016-02-11 21:00,31269,25303,5966,31300
2016-02-11 20:00,31117,25303,5814,31150
2016-02-11 19:00,30826,24794,6032,31018
2016-02-11 18:00,30749,23726,7023,30828
2016-02-11 17:00,30826,22145,8681,30581
2016-02-11 16:00,29600,21356,8244,30253
2016-02-11 15:00,26731,19558,7173,28782
2016-02-11 14:00,24576,18357,6219,25722
2016-02-11 13:00,23658,17815,5843,23705
2016-02-11 12:00,23554,17288,6266,23072
2016-02-11 11:00,24099,17405,6694,23126
2016-02-11 10:00,24569,18402,6167,23652
2016-02-11 09:00,26159,19202,6957,24469
2016-02-11 08:00,28423,20580,7843,25960
2016-02-11 07:00,31057,22290,8767,28421
2016-02-11 06:00,33210,23891,9319,31231
2016-02-11 05:00,34655,25084,9571,33369
2016-02-11 04:00,35612,26281,9331,34757
2016-02-11 03:00,34724,25987,8737,35644
2016-02-11 02:00,33479,24806,8673,34251
2016-02-11 01:00,33094,26174,6920,32794
2016-02-11 00:00,32744,27102,5642,32445
2016-02-10 23:00,32241,27003,5238,32243
2016-02-10 22:00,31785,26610,5175,31894
2016-02-10 21:00,31481,26437,5044,31442
2016-02-10 20:00,31174,26247,4927,31292
2016-02-10 19:00,30824,26099,4725,31109
2016-02-10 18:00,30482,25089,5393,30848
2016-02-10 17:00,30670,22730,7940,30634
2016-02-10 16:00,29619,21195,8424,30199
2016-02-10 15:00,26855,20274,6581,28633
2016-02-10 14:00,24580,18928,5652,25548
2016-02-10 13:00,23669,17929,5740,23496
2016-02-10 12:00,23363,17714,5649,22844
2016-02-10 11:00,23695,18029,5666,22915
2016-02-10 10:00,24594,18599,5995,23421
2016-02-10 09:00,26065,18551,7514,24279
2016-02-10 08:00,28346,20378,7968,26269
2016-02-10 07:00,31028,22039,8989,28810
2016-02-10 06:00,33357,23810,9547,31670
2016-02-10 05:00,34864,25308,9556,33880
2016-02-10 04:00,35798,26648,9150,35289
2016-02-10 03:00,34980,25982,8998,36151
2016-02-10 02:00,33716,24984,8732,34869
2016-02-10 01:00,33383,25550,7833,33289
2016-02-10 00:00,33190,26210,6980,32934
2016-02-09 23:00,32561,26427,6134,32709
2016-02-09 22:00,31864,26166,5698,32407
2016-02-09 21:00,31454,26055,5399,31927
2016-02-09 20:00,31128,26285,4843,31738
2016-02-09 19:00,30776,25625,5151,31565
2016-02-09 18:00,30723,24326,6397,31278
2016-02-09 17:00,30784,21995,8789,30934
2016-02-09 16:00,29631,20772,8859,30555
2016-02-09 15:00,26819,19652,7167,28941
2016-02-09 14:00,24459,18477,5982,25821
2016-02-09 13:00,23509,17803,5706,23775
2016-02-09 12:00,23384,17583,5801,23054
2016-02-09 11:00,23840,17159,6681,23110
2016-02-09 10:00,24669,17215,7454,23633
2016-02-09 09:00,25977,18294,7683,24529
2016-02-09 08:00,28281,19666,8615,26137
2016-02-09 07:00,30884,20790,10094,28476
2016-02-09 06:00,33000,21543,11457,31248
2016-02-09 05:00,34529,21752,12777,33507
2016-02-09 04:00,35444,22478,12966,34762
2016-02-09 03:00,34350,21299,13051,35541
2016-02-09 02:00,32910,20665,12245,33963
2016-02-09 01:00,32230,21670,10560,32155
2016-02-09 00:00,31720,22316,9404,31663
2016-02-08 23:00,31302,22245,9057,31401
2016-02-08 22:00,30871,22165,8706,31144
2016-02-08 21:00,30558,22386,8172,30821
2016-02-08 20:00,30381,22521,7860,30712
2016-02-08 19:00,30209,21950,8259,30735
2016-02-08 18:00,29991,20939,9052,30652
2016-02-08 17:00,29772,19159,10613,30531
2016-02-08 16:00,28665,18505,10160,30176
2016-02-08 15:00,26370,17729,8641,28558
2016-02-08 14:00,24073,17389,6684,25377
2016-02-08 13:00,23063,17074,5989,23267
2016-02-08 12:00,22868,16892,5976,22404
2016-02-08 11:00,23154,17419,5735,22332
2016-02-08 10:00,23830,17731,6099,22688
2016-02-08 09:00,25066,18968,6098,23398
2016-02-08 08:00,26889,19730,7159,25431
2016-02-08 07:00,28740,20497,8243,27695
2016-02-08 06:00,30225,21404,8821,30059
2016-02-08 05:00,30677,21682,8995,31701
2016-02-08 04:00,30950,22425,8525,32292
2016-02-08 03:00,29560,21412,8148,32560
2016-02-08 02:00,27609,20798,6811,30778
2016-02-08 01:00,26705,21890,4815,28467
2016-02-08 00:00,26502,22024,4478,27926
2016-02-07 23:00,26113,22146,3967,27823
2016-02-07 22:00,25821,22282,3539,27665
2016-02-07 21:00,25685,22320,3365,27734
2016-02-07 20:00,25691,22495,3196,27971
2016-02-07 19:00,25745,22514,3231,27798
2016-02-07 18:00,25683,21759,3924,27531
2016-02-07 17:00,25166,19482,5684,26764
2016-02-07 16:00,24732,18793,5939,25403
2016-02-07 15:00,23931,18830,5101,24707
2016-02-07 14:00,23259,18351,4908,23770
2016-02-07 13:00,23130,17854,5276,22882
2016-02-07 12:00,23311,17760,5551,22723
2016-02-07 11:00,23817,18105,5712,22949
2016-02-07 10:00,24653,18862,5791,23498
2016-02-07 09:00,25765,20032,5733,24490
2016-02-07 08:00,27496,20667,6829,26071
2016-02-07 07:00,29180,21211,7969,27878
2016-02-07 06:00,30499,22615,7884,29555
2016-02-07 05:00,31359,23000,8359,30856
2016-02-07 04:00,31711,24003,7708,31617
2016-02-07 03:00,30210,23726,6484,32167
2016-02-07 02:00,28085,22802,5283,30976
2016-02-07 01:00,26955,24087,2868,28493
2016-02-07 00:00,26441,25110,1331,27656
2016-02-06 23:00,26325,25675,650,27364
2016-02-06 22:00,26463,25390,1073,27377
2016-02-06 21:00,26791,25975,816,27530
2016-02-06 20:00,27199,26596,603,27805
2016-02-06 19:00,27372,26549,823,27996
2016-02-06 18:00,27615,25647,1968,27958
2016-02-06 17:00,27223,24859,2364,27714
2016-02-06 16:00,26608,22998,3610,26941
2016-02-06 15:00,25435,21998,3437,26230
2016-02-06 14:00,24475,21130,3345,25049
2016-02-06 13:00,24148,20255,3893,24127
2016-02-06 12:00,24276,19913,4363,23963
2016-02-06 11:00,24790,20098,4692,24169
2016-02-06 10:00,25727,20690,5037,24750
2016-02-06 09:00,27226,20615,6611,25710
2016-02-06 08:00,28949,21102,7847,27413
2016-02-06 07:00,30864,22183,8681,29637
2016-02-06 06:00,32395,24281,8114,31722
2016-02-06 05:00,33325,24760,8565,33269
2016-02-06 04:00,34001,25377,8624,34134
2016-02-06 03:00,32860,24302,8558,34612
2016-02-06 02:00,30819,22412,8407,33254
2016-02-06 01:00,30046,23247,6799,31201
2016-02-06 00:00,29835,24434,5401,30496
2016-02-05 23:00,29788,24923,4865,30348
2016-02-05 22:00,29466,24999,4467,30467
2016-02-05 21:00,29808,25233,4575,30525
2016-02-05 20:00,30400,25602,4798,30868
2016-02-05 19:00,30981,25756,5225,31416
2016-02-05 18:00,31712,24753,6959,31848
2016-02-05 17:00,32337,24392,7945,32105
2016-02-05 16:00,31366,23633,7733,32221
2016-02-05 15:00,28531,21441,7090,30813
2016-02-05 14:00,26228,20274,5954,27633
2016-02-05 13:00,25112,19436,5676,25449
2016-02-05 12:00,24926,18934,5992,24517
2016-02-05 11:00,25319,19168,6151,24483
2016-02-05 10:00,26106,19171,6935,24922
2016-02-05 09:00,27321,19570,7751,25814
2016-02-05 08:00,29533,21243,8290,27775
2016-02-05 07:00,31902,22815,9087,30224
2016-02-05 06:00,33744,24395,9349,32789
2016-02-05 05:00,34634,25570,9064,34701
2016-02-05 04:00,35094,25695,9399,35577
2016-02-05 03:00,33563,25285,8278,35879
2016-02-05 02:00,31104,23410,7694,34015
2016-02-05 01:00,30005,23473,6532,31244
2016-02-05 00:00,29774,24292,5482,30374
2016-02-04 23:00,29919,24373,5546,30182
2016-02-04 22:00,29916,24606,5310,30298
2016-02-04 21:00,30356,25210,5146,30515
2016-02-04 20:00,30740,25909,4831,31130
2016-02-04 19:00,31313,25761,5552,31926
2016-02-04 18:00,32130,25452,6678,32410
2016-02-04 17:00,32912,25074,7838,32878
2016-02-04 16:00,31829,24067,7762,33108
2016-02-04 15:00,28775,22801,5974,31507
2016-02-04 14:00,26425,20833,5592,28230
2016-02-04 13:00,25311,19947,5364,25919
2016-02-04 12:00,25144,19617,5527,24909
2016-02-04 11:00,25444,19434,6010,24892
2016-02-04 10:00,26189,19743,6446,25316
2016-02-04 09:00,27728,21025,6703,26046
2016-02-04 08:00,30087,22366,7721,28386
2016-02-04 07:00,32499,24024,8475,31018
2016-02-04 06:00,34478,25500,8978,33728
2016-02-04 05:00,35470,26361,9109,35566
2016-02-04 04:00,35954,26902,9052,36460
2016-02-04 03:00,34564,25888,8676,36792
2016-02-04 02:00,31928,24037,7891,35083
2016-02-04 01:00,30619,24456,6163,32360
2016-02-04 00:00,30208,25418,4790,31195
2016-02-03 23:00,30182,25600,4582,30910
2016-02-03 22:00,30149,25699,4450,30892
2016-02-03 21:00,30467,26203,4264,31052
2016-02-03 20:00,31232,26668,4564,31520
2016-02-03 19:00,32148,27023,5125,32256
2016-02-03 18:00,33045,26169,6876,32965
2016-02-03 17:00,33731,25880,7851,33636
2016-02-03 16:00,32584,24735,7849,34033
2016-02-03 15:00,29512,21891,7621,32533
2016-02-03 14:00,27149,20210,6939,28974
2016-02-03 13:00,26153,19593,6560,26682
2016-02-03 12:00,25978,19556,6422,25670
2016-02-03 11:00,26119,19690,6429,25587
2016-02-03 10:00,26914,20158,6756,26072
2016-02-03 09:00,28474,20693,7781,26905
2016-02-03 08:00,30711,22433,8278,28342
2016-02-03 07:00,33293,24237,9056,30876
2016-02-03 06:00,35226,25465,9761,33638
2016-02-03 05:00,36170,26678,9492,35595
2016-02-03 04:00,36551,26944,9607,36621
2016-02-03 03:00,34964,25332,9632,36908
2016-02-03 02:00,32226,23833,8393,34968
2016-02-03 01:00,30952,24547,6405,32184
2016-02-03 00:00,30578,24826,5752,31122
2016-02-02 23:00,30756,25410,5346,30993
2016-02-02 22:00,30854,25245,5609,31153
2016-02-02 21:00,31427,25087,6340,31354
2016-02-02 20:00,32366,25270,7096,31687
2016-02-02 19:00,33093,25740,7353,32181
2016-02-02 18:00,33633,24282,9351,32640
2016-02-02 17:00,34159,23180,10979,33154
2016-02-02 16:00,32821,21876,10945,33309
2016-02-02 15:00,29732,19956,9776,31672
2016-02-02 14:00,27231,19430,7801,28313
2016-02-02 13:00,25945,18664,7281,26081
2016-02-02 12:00,25787,18331,7456,25114
2016-02-02 11:00,26171,18743,7428,25022
2016-02-02 10:00,27060,19183,7877,25478
2016-02-02 09:00,28598,19431,9167,26350
2016-02-02 08:00,30964,20817,10147,28136
2016-02-02 07:00,33526,21896,11630,30629
2016-02-02 06:00,35604,22986,12618,33439
2016-02-02 05:00,36564,23503,13061,35407
2016-02-02 04:00,36937,23796,13141,36324
2016-02-02 03:00,35159,22563,12596,36557
2016-02-02 02:00,31982,21245,10737,34404
2016-02-02 01:00,30349,20603,9746,31398
2016-02-02 00:00,29931,20682,9249,30535
2016-02-01 23:00,30026,21301,8725,30447
2016-02-01 22:00,30237,20894,9343,30759
2016-02-01 21:00,30791,20754,10037,31032
2016-02-01 20:00,31519,20805,10714,31343
2016-02-01 19:00,32079,20336,11743,31754
2016-02-01 18:00,32456,19181,13275,31990
2016-02-01 17:00,32755,17815,14940,32154
2016-02-01 16:00,31258,16937,14321,31886
2016-02-01 15:00,28562,16492,12070,30119
2016-02-01 14:00,26133,16065,10068,26885
2016-02-01 13:00,24833,15908,8925,24673
2016-02-01 12:00,24507,16053,8454,23631
2016-02-01 11:00,24792,16511,8281,23523
2016-02-01 10:00,25522,17374,8148,23864
2016-02-01 09:00,26712,18812,7900,24647
2016-02-01 08:00,28818,19884,8934,26233
2016-02-01 07:00,31067,19735,11332,28250
2016-02-01 06:00,32807,20462,12345,30525
2016-02-01 05:00,33573,21072,12501,32210
2016-02-01 04:00,33815,22043,11772,33076
2016-02-01 03:00,32356,21926,10430,33230
2016-02-01 02:00,29668,20806,8862,31480
2016-02-01 01:00,28069,20889,7180,28233
2016-02-01 00:00,27735,21380,6355,26913
2016-01-31 23:00,27747,21560,6187,26740
2016-01-31 22:00,28029,21588,6441,26758
2016-01-31 21:00,28152,21584,6568,27018
2016-01-31 20:00,28184,21285,6899,27090
2016-01-31 19:00,27783,20680,7103,27164
2016-01-31 18:00,26949,20040,6909,26899
2016-01-31 17:00,25745,18333,7412,26250
2016-01-31 16:00,24799,17551,7248,25234
2016-01-31 15:00,23892,17436,6456,24678
2016-01-31 14:00,23320,16686,6634,23711
2016-01-31 13:00,23093,16377,6716,23103
2016-01-31 12:00,23337,16603,6734,22901
2016-01-31 11:00,23886,16826,7060,23190
2016-01-31 10:00,24922,17650,7272,23823
2016-01-31 09:00,26365,18378,7987,24800
2016-01-31 08:00,27930,20028,7902,26090
2016-01-31 07:00,29522,20751,8771,27992
2016-01-31 06:00,30835,21545,9290,29819
2016-01-31 05:00,31680,22098,9582,31150
2016-01-31 04:00,32237,22648,9589,31961
2016-01-31 03:00,31325,22605,8720,32254
2016-01-31 02:00,28869,22197,6672,30843
2016-01-31 01:00,28020,22491,5529,28136
2016-01-31 00:00,27861,23369,4492,27238
2016-01-30 23:00,27695,23677,4018,27141
2016-01-30 22:00,27791,23703,4088,27332
2016-01-30 21:00,27954,23444,4510,27621
2016-01-30 20:00,27933,23343,4590,27910
2016-01-30 19:00,28161,23735,4426,28133
2016-01-30 18:00,27765,22188,5577,28093
2016-01-30 17:00,26835,20868,5967,27538
2016-01-30 16:00,25927,20235,5692,26515
2016-01-30 15:00,24684,18839,5845,25704
2016-01-30 14:00,23661,17793,5868,24426
2016-01-30 13:00,23267,16971,6296,23584
2016-01-30 12:00,23517,16995,6522,23292
2016-01-30 11:00,24181,17093,7088,23573
2016-01-30 10:00,25235,17711,7524,24244
2016-01-30 09:00,26510,18331,8179,25239
2016-01-30 08:00,28622,19612,9010,26786
2016-01-30 07:00,30624,20979,9645,28961
2016-01-30 06:00,32247,22455,9792,31035
2016-01-30 05:00,33362,23040,10322,32639
2016-01-30 04:00,34224,23762,10462,33767
2016-01-30 03:00,33622,23721,9901,34362
2016-01-30 02:00,31753,22035,9718,33519
2016-01-30 01:00,31345,21821,9524,31553
2016-01-30 00:00,31597,22349,9248,31154
2016-01-29 23:00,31629,22702,8927,31121
2016-01-29 22:00,31343,22642,8701,31218
2016-01-29 21:00,31463,23096,8367,31133
2016-01-29 20:00,31513,23148,8365,31300
2016-01-29 19:00,31763,23085,8678,31523
2016-01-29 18:00,31370,22336,9034,31714
2016-01-29 17:00,31083,21808,9275,31628
2016-01-29 16:00,29901,21037,8864,31390
2016-01-29 15:00,27169,18890,8279,29805
2016-01-29 14:00,25221,17539,7682,26752
2016-01-29 13:00,24280,16297,7983,24693
2016-01-29 12:00,24515,16146,8369,23851
2016-01-29 11:00,24753,16574,8179,23847
2016-01-29 10:00,25416,17189,8227,24366
2016-01-29 09:00,26737,18096,8641,25231
2016-01-29 08:00,28862,19866,8996,26750
2016-01-29 07:00,31271,21018,10253,28991
2016-01-29 06:00,33320,22318,11002,31566
2016-01-29 05:00,34417,23441,10976,33618
2016-01-29 04:00,35134,23623,11511,34683
2016-01-29 03:00,34242,23157,11085,35213
2016-01-29 02:00,32126,21477,10649,34057
2016-01-29 01:00,31403,21931,9472,31823
2016-01-29 00:00,31298,22300,8998,30996
2016-01-28 23:00,31283,22776,8507,30746
2016-01-28 22:00,31289,22864,8425,30772
2016-01-28 21:00,31206,23167,8039,30798
2016-01-28 20:00,31491,23468,8023,30949
2016-01-28 19:00,31951,23221,8730,31359
2016-01-28 18:00,32273,22844,9429,31731
2016-01-28 17:00,32538,22219,10319,32071
2016-01-28 16:00,31272,21272,10000,32233
2016-01-28 15:00,28076,19479,8597,30653
2016-01-28 14:00,25601,18449,7152,27267
2016-01-28 13:00,24445,17037,7408,25059
2016-01-28 12:00,24301,16934,7367,24188
2016-01-28 11:00,24674,17178,7496,24129
2016-01-28 10:00,25540,18100,7440,24564
2016-01-28 09:00,26978,19396,7582,25306
2016-01-28 08:00,29286,20061,9225,26847
2016-01-28 07:00,31898,21507,10391,29125
2016-01-28 06:00,33825,22777,11048,31707
2016-01-28 05:00,34861,23669,11192,33681
2016-01-28 04:00,35467,24239,11228,34681
2016-01-28 03:00,34455,23540,10915,35176
2016-01-28 02:00,31995,22108,9887,34013
2016-01-28 01:00,30923,22210,8713,31498
2016-01-28 00:00,30814,23242,7572,30603
2016-01-27 23:00,30983,23591,7392,30420
2016-01-27 22:00,31111,23701,7410,30487
2016-01-27 21:00,31191,23607,7584,30559
2016-01-27 20:00,31564,23684,7880,30786
2016-01-27 19:00,32054,23732,8322,31270
2016-01-27 18:00,32351,22859,9492,31644
2016-01-27 17:00,32522,22657,9865,31996
2016-01-27 16:00,31130,21928,9202,32134
2016-01-27 15:00,27980,19794,8186,30544
2016-01-27 14:00,25566,18602,6964,27309
2016-01-27 13:00,24368,17700,6668,25023
2016-01-27 12:00,24234,17333,6901,24059
2016-01-27 11:00,24632,17568,7064,24012
2016-01-27 10:00,25528,18365,7163,24429
2016-01-27 09:00,26961,19589,7372,25201
2016-01-27 08:00,29176,20483,8693,27170
2016-01-27 07:00,31791,21570,10221,29474
2016-01-27 06:00,33822,23057,10765,32101
2016-01-27 05:00,34862,24181,10681,34078
2016-01-27 04:00,35493,24822,10671,35044
2016-01-27 03:00,34612,23890,10722,35362
2016-01-27 02:00,32034,22261,9773,34099
2016-01-27 01:00,30771,22273,8498,31563
2016-01-27 00:00,30477,22995,7482,30652
2016-01-26 23:00,30323,23782,6541,30443
2016-01-26 22:00,30304,24211,6093,30542
2016-01-26 21:00,30547,24142,6405,30649
2016-01-26 20:00,30967,24081,6886,30912
2016-01-26 19:00,31454,23846,7608,31433
2016-01-26 18:00,32019,23367,8652,31884
2016-01-26 17:00,32366,22586,9780,32286
2016-01-26 16:00,31188,21040,10148,32440
2016-01-26 15:00,27982,19696,8286,30837
2016-01-26 14:00,25492,18460,7032,27361
2016-01-26 13:00,24323,17624,6699,25114
2016-01-26 12:00,24169,17415,6754,24148
2016-01-26 11:00,24611,17309,7302,24062
2016-01-26 10:00,25543,17863,7680,24501
2016-01-26 09:00,27041,18595,8446,25312
2016-01-26 08:00,29281,19733,9548,27148
2016-01-26 07:00,31836,21048,10788,29568
2016-01-26 06:00,33890,21998,11892,32390
2016-01-26 05:00,35014,22686,12328,34484
2016-01-26 04:00,35661,23109,12552,35624
2016-01-26 03:00,34698,22371,12327,36060
2016-01-26 02:00,32161,20315,11846,34736
2016-01-26 01:00,30892,20347,10545,32014
2016-01-26 00:00,30431,21265,9166,30983
2016-01-25 23:00,30445,21474,8971,30759
2016-01-25 22:00,30531,21901,8630,30806
2016-01-25 21:00,30728,21800,8928,30933
2016-01-25 20:00,31056,21721,9335,31255
2016-01-25 19:00,31497,21549,9948,31762
2016-01-25 18:00,31929,20543,11386,31997
2016-01-25 17:00,32175,18920,13255,32207
2016-01-25 16:00,30700,17785,12915,32054
2016-01-25 15:00,27566,17275,10291,30254
2016-01-25 14:00,24978,16695,8283,26729
2016-01-25 13:00,23844,16523,7321,24395
2016-01-25 12:00,23501,16712,6789,23483
2016-01-25 11:00,23762,17255,6507,23381
2016-01-25 10:00,24484,18014,6470,23729
2016-01-25 09:00,25726,19325,6401,24389
2016-01-25 08:00,27500,20431,7069,25731
2016-01-25 07:00,29586,20664,8922,27730
2016-01-25 06:00,31365,21725,9640,29873
2016-01-25 05:00,32260,22184,10076,31428
2016-01-25 04:00,32508,22601,9907,32269
2016-01-25 03:00,31352,22457,8895,32376
2016-01-25 02:00,28277,21961,6316,30856
2016-01-25 01:00,26678,21861,4817,27737
2016-01-25 00:00,26441,22061,4380,26343
2016-01-24 23:00,26236,22056,4180,25931
2016-01-24 22:00,26291,21965,4326,25920
2016-01-24 21:00,26462,21740,4722,26124
2016-01-24 20:00,26376,21815,4561,26385
2016-01-24 19:00,26420,21467,4953,26730
2016-01-24 18:00,26292,19830,6462,26627
2016-01-24 17:00,25804,18532,7272,26181
2016-01-24 16:00,25365,18131,7234,25383
2016-01-24 15:00,24521,17650,6871,24785
2016-01-24 14:00,23588,17310,6278,23733
2016-01-24 13:00,23006,17011,5995,23088
2016-01-24 12:00,23089,16731,6358,22921
2016-01-24 11:00,23593,17630,5963,23159
2016-01-24 10:00,24526,18553,5973,23760
2016-01-24 09:00,26046,20138,5908,24717
2016-01-24 08:00,27886,21361,6525,26249
2016-01-24 07:00,29677,21905,7772,28171
2016-01-24 06:00,30814,22992,7822,29920
2016-01-24 05:00,31651,23627,8024,31176
2016-01-24 04:00,32063,25053,7010,31779
2016-01-24 03:00,31277,24737,6540,32058
2016-01-24 02:00,28752,22998,5754,30792
2016-01-24 01:00,27760,22491,5269,28147
2016-01-24 00:00,27433,23185,4248,27108
2016-01-23 23:00,27562,23691,3871,26993
2016-01-23 22:00,27833,23711,4122,27286
2016-01-23 21:00,28179,23630,4549,27707
2016-01-23 20:00,28536,24007,4529,28252
2016-01-23 19:00,28288,24073,4215,28470
2016-01-23 18:00,27584,23359,4225,28471
2016-01-23 17:00,26603,22109,4494,27862
2016-01-23 16:00,25612,21110,4502,26737
2016-01-23 15:00,24354,20117,4237,25834
2016-01-23 14:00,23469,18832,4637,24615
2016-01-23 13:00,23059,18226,4833,23732
2016-01-23 12:00,23307,18050,5257,23425
2016-01-23 11:00,23917,18363,5554,23709
2016-01-23 10:00,25007,18841,6166,24412
2016-01-23 09:00,26637,19313,7324,25382
2016-01-23 08:00,28665,21033,7632,26879
2016-01-23 07:00,30905,22175,8730,29119
2016-01-23 06:00,32585,23272,9313,31180
2016-01-23 05:00,33606,24378,9228,32754
2016-01-23 04:00,34363,25935,8428,33759
2016-01-23 03:00,34079,25473,8606,34301
2016-01-23 02:00,32028,23243,8785,33389
2016-01-23 01:00,31144,23198,7946,31507
2016-01-23 00:00,31164,23654,7510,30928
2016-01-22 23:00,31318,24196,7122,30968
2016-01-22 22:00,31398,24614,6784,31189
2016-01-22 21:00,31957,24425,7532,31339
2016-01-22 20:00,31926,24684,7242,31466
2016-01-22 19:00,31909,24168,7741,31680
2016-01-22 18:00,31749,23547,8202,31729
2016-01-22 17:00,31298,22934,8364,31587
2016-01-22 16:00,30109,21338,8771,31289
2016-01-22 15:00,27094,20288,6806,29436
2016-01-22 14:00,24771,19116,5655,26391
2016-01-22 13:00,23947,18109,5838,24527
2016-01-22 12:00,23894,17983,5911,23760
2016-01-22 11:00,24270,18395,5875,23787
2016-01-22 10:00,25192,18930,6262,24285
2016-01-22 09:00,26391,19595,6796,25147
2016-01-22 08:00,28348,21253,7095,27578
2016-01-22 07:00,30681,23473,7208,29775
2016-01-22 06:00,32509,25422,7087,32292
2016-01-22 05:00,33750,26019,7731,34289
2016-01-22 04:00,34525,26668,7857,35426
2016-01-22 03:00,34129,26382,7747,36066
2016-01-22 02:00,32011,23666,8345,35196
2016-01-22 01:00,30998,23034,7964,32698
2016-01-22 00:00,30703,23329,7374,31941
2016-01-21 23:00,30572,23990,6582,31755
2016-01-21 22:00,30527,24412,6115,31779
2016-01-21 21:00,30603,24885,5718,31697
2016-01-21 20:00,30950,25392,5558,31863
2016-01-21 19:00,31323,25443,5880,32161
2016-01-21 18:00,31512,24455,7057,32314
2016-01-21 17:00,31399,23478,7921,32427
2016-01-21 16:00,29948,22009,7939,32355
2016-01-21 15:00,27102,20221,6881,30675
2016-01-21 14:00,24959,19062,5897,27442
2016-01-21 13:00,24084,18304,5780,25332
2016-01-21 12:00,24029,18138,5891,24511
2016-01-21 11:00,24476,18719,5757,24530
2016-01-21 10:00,25273,19657,5616,24994
2016-01-21 09:00,26444,20367,6077,25832
2016-01-21 08:00,28652,22215,6437,27256
2016-01-21 07:00,31164,24087,7077,29678
2016-01-21 06:00,33123,25928,7195,32318
2016-01-21 05:00,34254,27068,7186,34394
2016-01-21 04:00,34933,27946,6987,35409
2016-01-21 03:00,34411,27738,6673,35845
2016-01-21 02:00,32006,25411,6595,34685
2016-01-21 01:00,30883,24598,6285,32067
2016-01-21 00:00,30773,24916,5857,31314
2016-01-20 23:00,30805,25823,4982,31205
2016-01-20 22:00,30900,26466,4434,31320
2016-01-20 21:00,31243,26494,4749,31405
2016-01-20 20:00,31632,26135,5497,31658
2016-01-20 19:00,31645,25598,6047,32065
2016-01-20 18:00,31516,25731,5785,32258
2016-01-20 17:00,31680,24733,6947,32251
2016-01-20 16:00,30174,22326,7848,32011
2016-01-20 15:00,27102,20749,6353,30095
2016-01-20 14:00,24844,19481,5363,26707
2016-01-20 13:00,23894,18725,5169,24627
2016-01-20 12:00,23860,18189,5671,23871
2016-01-20 11:00,24355,18286,6069,23885
2016-01-20 10:00,25245,19058,6187,24354
2016-01-20 09:00,26469,19959,6510,25246
2016-01-20 08:00,28764,21787,6977,27161
2016-01-20 07:00,31350,23474,7876,29665
2016-01-20 06:00,33380,24836,8544,32398
2016-01-20 05:00,34537,25753,8784,34449
2016-01-20 04:00,35179,26498,8681,35505
2016-01-20 03:00,34782,26387,8395,35973
2016-01-20 02:00,32680,24724,7956,34927
2016-01-20 01:00,31620,24933,6687,32286
2016-01-20 00:00,31445,24714,6731,31533
2016-01-19 23:00,31816,25120,6696,31496
2016-01-19 22:00,32265,24984,7281,31824
2016-01-19 21:00,32299,24984,7315,32001
2016-01-19 20:00,32444,24736,7708,32253
2016-01-19 19:00,32147,24613,7534,32490
2016-01-19 18:00,32097,23624,8473,32477
2016-01-19 17:00,31640,22224,9416,32227
2016-01-19 16:00,29842,21434,8408,31853
2016-01-19 15:00,27044,19831,7213,29813
2016-01-19 14:00,24918,18960,5958,26423
2016-01-19 13:00,23808,18110,5698,24422
2016-01-19 12:00,23669,17925,5744,23683
2016-01-19 11:00,24132,18399,5733,23714
2016-01-19 10:00,25012,19203,5809,24222
2016-01-19 09:00,26418,19422,6996,25059
2016-01-19 08:00,28519,20691,7828,26724
2016-01-19 07:00,31049,21942,9107,29137
2016-01-19 06:00,33087,22660,10427,31829
2016-01-19 05:00,34224,23640,10584,33939
2016-01-19 04:00,34978,24152,10826,35012
2016-01-19 03:00,34547,24222,10325,35521
2016-01-19 02:00,32018,21810,10208,34469
2016-01-19 01:00,31020,21601,9419,31693
2016-01-19 00:00,30777,21034,9743,30860
2016-01-18 23:00,30665,21449,9216,30777
2016-01-18 22:00,30703,21582,9121,31048
2016-01-18 21:00,30621,21471,9150,31251
2016-01-18 20:00,30804,21741,9063,31490
2016-01-18 19:00,30800,21598,9202,31654
2016-01-18 18:00,30422,20207,10215,31290
2016-01-18 17:00,29386,18999,10387,30486
2016-01-18 16:00,27959,18105,9854,29385
2016-01-18 15:00,25932,17487,8445,27928
2016-01-18 14:00,24253,16882,7371,25432
2016-01-18 13:00,23441,16660,6781,23637
2016-01-18 12:00,23385,16534,6851,22895
2016-01-18 11:00,23753,17013,6740,22865
2016-01-18 10:00,24555,17722,6833,23287
2016-01-18 09:00,25627,18961,6666,24009
2016-01-18 08:00,27347,20580,6767,25629
2016-01-18 07:00,29225,21867,7358,27774
2016-01-18 06:00,30688,22829,7859,29922
2016-01-18 05:00,31548,23684,7864,31657
2016-01-18 04:00,32007,24116,7891,32468
2016-01-18 03:00,31425,24129,7296,32765
2016-01-18 02:00,28967,21650,7317,31558
2016-01-18 01:00,27607,21137,6470,28392
2016-01-18 00:00,27029,21363,5666,26963
2016-01-17 23:00,26798,21862,4936,26425
2016-01-17 22:00,26840,22237,4603,26296
2016-01-17 21:00,26885,21910,4975,26321
2016-01-17 20:00,26787,21775,5012,26395
2016-01-17 19:00,26480,21554,4926,26610
2016-01-17 18:00,25883,20666,5217,26496
2016-01-17 17:00,25405,19424,5981,25868
2016-01-17 16:00,24855,18784,6071,25237
2016-01-17 15:00,24012,18339,5673,24671
2016-01-17 14:00,23408,18520,4888,23718
2016-01-17 13:00,23209,17844,5365,23114
2016-01-17 12:00,23441,17731,5710,22964
2016-01-17 11:00,24027,18256,5771,23199
2016-01-17 10:00,24723,19282,5441,23842
2016-01-17 09:00,26108,20565,5543,24817
2016-01-17 08:00,27928,21906,6022,26596
2016-01-17 07:00,29645,22858,6787,28602
2016-01-17 06:00,30916,24173,6743,30448
2016-01-17 05:00,31622,25229,6393,31801
2016-01-17 04:00,32015,26283,5732,32629
2016-01-17 03:00,31581,25490,6091,33079
2016-01-17 02:00,29114,23513,5601,32146
2016-01-17 01:00,27774,23397,4377,29184
2016-01-17 00:00,27339,23673,3666,27945
2016-01-16 23:00,27413,24423,2990,27653
2016-01-16 22:00,27535,24851,2684,27836
2016-01-16 21:00,27731,25110,2621,28137
2016-01-16 20:00,28167,24698,3469,28422
2016-01-16 19:00,28359,25010,3349,28716
2016-01-16 18:00,27932,24887,3045,28526
2016-01-16 17:00,26986,24569,2417,27958
2016-01-16 16:00,26071,23828,2243,27000
2016-01-16 15:00,24842,21778,3064,26134
2016-01-16 14:00,23835,20204,3631,24869
2016-01-16 13:00,23625,19419,4206,24004
2016-01-16 12:00,23991,19207,4784,23683
2016-01-16 11:00,24653,19613,5040,23918
2016-01-16 10:00,25629,20211,5418,24620
2016-01-16 09:00,27322,20952,6370,25656
2016-01-16 08:00,29466,23178,6288,27687
2016-01-16 07:00,31544,24071,7473,29909
2016-01-16 06:00,33009,26144,6865,32030
2016-01-16 05:00,33961,26617,7344,33592
2016-01-16 04:00,34784,27053,7731,34548
2016-01-16 03:00,34519,26865,7654,35122
2016-01-16 02:00,31999,24836,7163,34359
2016-01-16 01:00,30762,23970,6792,31682
2016-01-16 00:00,30663,24017,6646,30706
2016-01-15 23:00,30934,24431,6503,30653
2016-01-15 22:00,31442,24499,6943,30936
2016-01-15 21:00,31526,24620,6906,31274
2016-01-15 20:00,31845,25118,6727,31735
2016-01-15 19:00,32282,25003,7279,32112
2016-01-15 18:00,32468,25009,7459,32316
2016-01-15 17:00,32379,24572,7807,32286
2016-01-15 16:00,31080,23356,7724,32033
2016-01-15 15:00,28036,21546,6490,30308
2016-01-15 14:00,25721,19862,5859,27168
2016-01-15 13:00,24881,18831,6050,25199
2016-01-15 12:00,24739,18919,5820,24379
2016-01-15 11:00,25273,19226,6047,24386
2016-01-15 10:00,26264,19283,6981,24896
2016-01-15 09:00,27773,20260,7513,25767
2016-01-15 08:00,30188,22505,7683,27876
2016-01-15 07:00,32650,23677,8973,30301
2016-01-15 06:00,34523,25410,9113,33012
2016-01-15 05:00,35589,26110,9479,35087
2016-01-15 04:00,36217,26435,9782,36083
2016-01-15 03:00,35868,26174,9694,36564
2016-01-15 02:00,33468,24057,9411,35559
2016-01-15 01:00,32087,23531,8556,32170
2016-01-15 00:00,31499,23685,7814,31228
2016-01-14 23:00,31466,24485,6981,31117
2016-01-14 22:00,31522,25368,6154,31369
2016-01-14 21:00,31657,25656,6001,31696
2016-01-14 20:00,32242,26026,6216,32171
2016-01-14 19:00,32621,25201,7420,32714
2016-01-14 18:00,32877,24623,8254,33068
2016-01-14 17:00,33182,24742,8440,33345
2016-01-14 16:00,31624,24070,7554,33273
2016-01-14 15:00,28679,22074,6605,31492
2016-01-14 14:00,26349,20282,6067,28094
2016-01-14 13:00,25270,19371,5899,25818
2016-01-14 12:00,25495,19363,6132,24899
2016-01-14 11:00,25900,19506,6394,24840
2016-01-14 10:00,26303,19856,6447,25351
2016-01-14 09:00,27580,20115,7465,26227
2016-01-14 08:00,29891,22209,7682,27852
2016-01-14 07:00,32470,24401,8069,30364
2016-01-14 06:00,34320,25972,8348,32998
2016-01-14 05:00,35283,26335,8948,34966
2016-01-14 04:00,35727,26778,8949,36084
2016-01-14 03:00,35180,26725,8455,36587
2016-01-14 02:00,32455,24598,7857,35715
2016-01-14 01:00,31296,23587,7709,32541
2016-01-14 00:00,31011,24142,6869,31623
2016-01-13 23:00,31252,24286,6966,31554
2016-01-13 22:00,31657,24137,7520,31733
2016-01-13 21:00,31723,24516,7207,31965
2016-01-13 20:00,32022,24709,7313,32363
2016-01-13 19:00,32677,24688,7989,32610
2016-01-13 18:00,33010,24938,8072,32741
2016-01-13 17:00,33200,25319,7881,32776
2016-01-13 16:00,31954,23810,8144,32581
2016-01-13 15:00,28801,21775,7026,30690
2016-01-13 14:00,26380,19838,6542,27501
2016-01-13 13:00,25294,18822,6472,25499
2016-01-13 12:00,25127,18714,6413,24667
2016-01-13 11:00,25518,18944,6574,24682
2016-01-13 10:00,26341,19213,7128,25181
2016-01-13 09:00,27656,20447,7209,26091
2016-01-13 08:00,30056,22403,7653,28145
2016-01-13 07:00,32588,24105,8483,30757
2016-01-13 06:00,34567,26292,8275,33514
2016-01-13 05:00,35545,27001,8544,35339
2016-01-13 04:00,36010,27555,8455,36392
2016-01-13 03:00,35482,27462,8020,36934
2016-01-13 02:00,32731,24928,7803,36420
2016-01-13 01:00,31241,23964,7277,33473
2016-01-13 00:00,30727,23740,6987,32278
2016-01-12 23:00,30687,24376,6311,32051
2016-01-12 22:00,30488,24396,6092,31950
2016-01-12 21:00,30822,24593,6229,32141
2016-01-12 20:00,31596,24758,6838,32439
2016-01-12 19:00,32255,25180,7075,32678
2016-01-12 18:00,32653,24609,8044,32875
2016-01-12 17:00,33247,24262,8985,33186
2016-01-12 16:00,31903,23066,8837,32984
2016-01-12 15:00,28942,20478,8464,31601
2016-01-12 14:00,26515,18968,7547,28416
2016-01-12 13:00,25377,17551,7826,26205
2016-01-12 12:00,25190,17202,7988,25337
2016-01-12 11:00,25533,17642,7891,25187
2016-01-12 10:00,26255,18074,8181,25730
2016-01-12 09:00,27723,18740,8983,26473
2016-01-12 08:00,30049,20215,9834,28121
2016-01-12 07:00,32700,22090,10610,30673
2016-01-12 06:00,34644,23565,11079,33412
2016-01-12 05:00,35624,23965,11659,35269
2016-01-12 04:00,36203,24407,11796,36363
2016-01-12 03:00,35669,24128,11541,36992
2016-01-12 02:00,32883,21735,11148,36478
2016-01-12 01:00,31575,20498,11077,33439
2016-01-12 00:00,30830,20224,10606,32377
2016-01-11 23:00,30693,20636,10057,32069
2016-01-11 22:00,30910,20524,10386,31976
2016-01-11 21:00,31190,20436,10754,32122
2016-01-11 20:00,31875,20624,11251,32371
2016-01-11 19:00,32179,20685,11494,32670
2016-01-11 18:00,32356,19720,12636,32558
2016-01-11 17:00,32512,18649,13863,32679
2016-01-11 16:00,31229,17873,13356,32243
2016-01-11 15:00,28058,17221,10837,30558
2016-01-11 14:00,25568,16695,8873,27340
2016-01-11 13:00,24369,16710,7659,25132
2016-01-11 12:00,24079,16936,7143,24238
2016-01-11 11:00,24389,17643,6746,24077
2016-01-11 10:00,25170,18213,6957,24487
2016-01-11 09:00,26649,19150,7499,25153
2016-01-11 08:00,28525,20822,7703,26238
2016-01-11 07:00,30614,22080,8534,28332
2016-01-11 06:00,32316,23254,9062,30650
2016-01-11 05:00,33176,24180,8996,32425
2016-01-11 04:00,33598,24697,8901,33383
2016-01-11 03:00,33029,24910,8119,33726
2016-01-11 02:00,30234,22575,7659,32402
2016-01-11 01:00,28429,21831,6598,28439
2016-01-11 00:00,27749,21871,5878,26705
2016-01-10 23:00,27482,22055,5427,26197
2016-01-10 22:00,27390,22232,5158,26332
2016-01-10 21:00,27491,21963,5528,26623
2016-01-10 20:00,27602,22054,5548,26848
2016-01-10 19:00,27673,22328,5345,27160
2016-01-10 18:00,27074,21713,5361,27251
2016-01-10 17:00,26154,20328,5826,26756
2016-01-10 16:00,25387,19287,6100,25892
2016-01-10 15:00,24416,18980,5436,25245
2016-01-10 14:00,23837,18566,5271,24375
2016-01-10 13:00,23622,18351,5271,23724
2016-01-10 12:00,23893,18229,5664,23577
2016-01-10 11:00,24589,18817,5772,23829
2016-01-10 10:00,25557,19700,5857,24437
2016-01-10 09:00,26973,21226,5747,25367
2016-01-10 08:00,29017,22920,6097,27560
2016-01-10 07:00,30943,24430,6513,29526
2016-01-10 06:00,32261,25275,6986,31308
2016-01-10 05:00,33034,26318,6716,32626
2016-01-10 04:00,33575,27049,6526,33395
2016-01-10 03:00,33440,26912,6528,33863
2016-01-10 02:00,31209,25084,6125,33249
2016-01-10 01:00,29786,24301,5485,29864
2016-01-10 00:00,29275,24672,4603,28385
2016-01-09 23:00,29204,24926,4278,28232
2016-01-09 22:00,29191,24885,4306,28501
2016-01-09 21:00,29196,25179,4017,28940
2016-01-09 20:00,29415,25482,3933,29334
2016-01-09 19:00,29443,25608,3835,29744
2016-01-09 18:00,29471,25032,4439,29506
2016-01-09 17:00,28572,24304,4268,28919
2016-01-09 16:00,27741,23450,4291,27848
2016-01-09 15:00,26477,22040,4437,26840
2016-01-09 14:00,25607,20817,4790,25599
2016-01-09 13:00,25280,20022,5258,24699
2016-01-09 12:00,25271,19956,5315,24432
2016-01-09 11:00,25838,20363,5475,24604
2016-01-09 10:00,26856,20861,5995,25232
2016-01-09 09:00,28472,21101,7371,26182
2016-01-09 08:00,30623,22939,7684,28460
2016-01-09 07:00,32749,24660,8089,30881
2016-01-09 06:00,34146,25886,8260,33134
2016-01-09 05:00,35030,26664,8366,34602
2016-01-09 04:00,35661,27068,8593,35616
2016-01-09 03:00,35488,26755,8733,36326
2016-01-09 02:00,33013,24622,8391,35979
2016-01-09 01:00,31731,23673,8058,32757
2016-01-09 00:00,31139,24051,7088,31883
2016-01-08 23:00,30956,24537,6419,31784
2016-01-08 22:00,31481,25096,6385,32029
2016-01-08 21:00,32291,24834,7457,32345
2016-01-08 20:00,32852,24663,8189,32794
2016-01-08 19:00,33216,24413,8803,33028
2016-01-08 18:00,33566,23635,9931,33222
2016-01-08 17:00,33552,23005,10547,33220
2016-01-08 16:00,32262,22553,9709,33075
2016-01-08 15:00,29205,20861,8344,31019
2016-01-08 14:00,26987,19671,7316,27989
2016-01-08 13:00,26025,19117,6908,26028
2016-01-08 12:00,25862,18932,6930,25163
2016-01-08 11:00,26354,19488,6866,25159
2016-01-08 10:00,27271,20151,7120,25735
2016-01-08 09:00,28809,21172,7637,26589
2016-01-08 08:00,30869,23041,7828,28075
2016-01-08 07:00,33296,24396,8900,30482
2016-01-08 06:00,35107,26142,8965,33182
2016-01-08 05:00,36086,27297,8789,35273
2016-01-08 04:00,36758,28350,8408,36387
2016-01-08 03:00,36219,28614,7605,36927
2016-01-08 02:00,33394,26827,6567,36122
2016-01-08 01:00,31891,25453,6438,32617
2016-01-08 00:00,31700,25363,6337,31412
2016-01-07 23:00,32082,26569,5513,31547
2016-01-07 22:00,32363,26033,6330,31846
2016-01-07 21:00,32425,26128,6297,32110
2016-01-07 20:00,32715,26070,6645,32579
2016-01-07 19:00,32860,25913,6947,33055
2016-01-07 18:00,32900,25179,7721,33365
2016-01-07 17:00,32821,24376,8445,33476
2016-01-07 16:00,31487,23293,8194,33031
2016-01-07 15:00,28574,21452,7122,31100
2016-01-07 14:00,26421,19882,6539,27736
2016-01-07 13:00,25492,19052,6440,25639
2016-01-07 12:00,25514,18933,6581,24899
2016-01-07 11:00,26000,19247,6753,24933
2016-01-07 10:00,26771,20146,6625,25596
2016-01-07 09:00,28323,21267,7056,26499
2016-01-07 08:00,30779,22935,7844,27859
2016-01-07 07:00,33362,24584,8778,30117
2016-01-07 06:00,35469,26027,9442,32648
2016-01-07 05:00,36629,26766,9863,34721
2016-01-07 04:00,37423,26974,10449,35826
2016-01-07 03:00,37374,27600,9774,36454
2016-01-07 02:00,35435,25768,9667,35727
2016-01-07 01:00,34417,24748,9669,32398
2016-01-07 00:00,34192,24894,9298,31255
2016-01-06 23:00,34321,25597,8724,31514
2016-01-06 22:00,34275,25766,8509,31807
2016-01-06 21:00,34404,26036,8368,32158
2016-01-06 20:00,34174,26030,8144,32600
2016-01-06 19:00,33880,25243,8637,33050
2016-01-06 18:00,33470,24290,9180,33282
2016-01-06 17:00,32776,23749,9027,33363
2016-01-06 16:00,31042,22950,8092,33076
2016-01-06 15:00,28272,21135,7137,31070
2016-01-06 14:00,25969,19740,6229,27719
2016-01-06 13:00,25022,19305,5717,25635
2016-01-06 12:00,24964,19259,5705,24865
2016-01-06 11:00,25497,19817,5680,24864
2016-01-06 10:00,26457,19898,6559,25377
2016-01-06 09:00,28079,21095,6984,26256
2016-01-06 08:00,30267,22682,7585,28138
2016-01-06 07:00,32825,24275,8550,30451
2016-01-06 06:00,35002,25681,9321,33141
2016-01-06 05:00,36192,26794,9398,35298
2016-01-06 04:00,36956,27218,9738,36404
2016-01-06 03:00,36715,27845,8870,36946
2016-01-06 02:00,34499,26182,8317,36163
2016-01-06 01:00,33325,24831,8494,32737
2016-01-06 00:00,33605,25080,8525,31677
2016-01-05 23:00,34154,25227,8927,31967
2016-01-05 22:00,34474,25273,9201,32395
2016-01-05 21:00,34532,25622,8910,32727
2016-01-05 20:00,34462,25548,8914,33177
2016-01-05 19:00,33829,25324,8505,33603
2016-01-05 18:00,32858,24781,8077,33755
2016-01-05 17:00,32007,23997,8010,33660
2016-01-05 16:00,30244,22923,7321,33196
2016-01-05 15:00,27495,20727,6768,31175
2016-01-05 14:00,25632,18847,6785,27895
2016-01-05 13:00,24924,18225,6699,25812
2016-01-05 12:00,24936,17807,7129,25029
2016-01-05 11:00,25358,18381,6977,25045
2016-01-05 10:00,26164,19256,6908,25537
2016-01-05 09:00,27619,20436,7183,26343
2016-01-05 08:00,29799,21389,8410,27914
2016-01-05 07:00,32094,23144,8950,30237
2016-01-05 06:00,33946,24616,9330,32887
2016-01-05 05:00,35254,25376,9878,34942
2016-01-05 04:00,35953,25687,10266,36107
2016-01-05 03:00,35760,25862,9898,36710
2016-01-05 02:00,33226,23159,10067,35967
2016-01-05 01:00,31806,22237,9569,32776
2016-01-05 00:00,31718,21992,9726,31521
2016-01-04 23:00,31891,22179,9712,31405
2016-01-04 22:00,31972,22225,9747,31733
2016-01-04 21:00,32136,21981,10155,32113
2016-01-04 20:00,32462,21956,10506,32569
2016-01-04 19:00,32548,21976,10572,32959
2016-01-04 18:00,32351,20918,11433,33162
2016-01-04 17:00,31828,20129,11699,33120
2016-01-04 16:00,30197,19367,10830,32775
2016-01-04 15:00,27395,18894,8501,30700
2016-01-04 14:00,25250,18377,6873,27545
2016-01-04 13:00,24324,18213,6111,25356
2016-01-04 12:00,24188,18311,5877,24455
2016-01-04 11:00,24673,19135,5538,24384
2016-01-04 10:00,25524,19904,5620,24791
2016-01-04 09:00,26910,21398,5512,25521
2016-01-04 08:00,28607,22598,6009,27184
2016-01-04 07:00,30641,23423,7218,29100
2016-01-04 06:00,32383,24530,7853,31195
2016-01-04 05:00,33333,24857,8476,32912
2016-01-04 04:00,33692,24848,8844,33800
2016-01-04 03:00,33183,24735,8448,34131
2016-01-04 02:00,29882,22661,7221,32975
2016-01-04 01:00,28048,21886,6162,29056
2016-01-04 00:00,27581,22345,5236,27256
2016-01-03 23:00,27308,22812,4496,26686
2016-01-03 22:00,27298,22689,4609,26712
2016-01-03 21:00,27342,23083,4259,26932
2016-01-03 20:00,27496,23519,3977,27301
2016-01-03 19:00,27551,23348,4203,27648
2016-01-03 18:00,27285,22307,4978,27875
2016-01-03 17:00,27000,21064,5936,27495
2016-01-03 16:00,26475,20266,6209,26913
2016-01-03 15:00,25543,20162,5381,26437
2016-01-03 14:00,24892,19458,5434,25669
2016-01-03 13:00,24670,18850,5820,25009
2016-01-03 12:00,24931,18929,6002,24801
2016-01-03 11:00,25563,19469,6094,24993
2016-01-03 10:00,26658,20303,6355,25552
2016-01-03 09:00,28028,21149,6879,26474
2016-01-03 08:00,29559,21965,7594,28117
2016-01-03 07:00,31145,23116,8029,29824
2016-01-03 06:00,32368,24323,8045,31659
2016-01-03 05:00,33025,24548,8477,33085
2016-01-03 04:00,33386,24867,8519,33898
2016-01-03 03:00,32934,24785,8149,34303
2016-01-03 02:00,29922,22446,7476,33388
2016-01-03 01:00,28361,21829,6532,29687
2016-01-03 00:00,28161,22197,5964,28216
2016-01-02 23:00,28122,22569,5553,27637
2016-01-02 22:00,28162,22916,5246,27546
2016-01-02 21:00,28595,22980,5615,27939
2016-01-02 20:00,29244,23118,6126,28496
2016-01-02 19:00,29576,22625,6951,28981
2016-01-02 18:00,29082,22130,6952,29421
2016-01-02 17:00,28233,21078,7155,29201
2016-01-02 16:00,27360,20468,6892,28607
2016-01-02 15:00,26401,20645,5756,28127
2016-01-02 14:00,25634,19893,5741,27181
2016-01-02 13:00,25288,20004,5284,26313
2016-01-02 12:00,25440,19973,5467,25979
2016-01-02 11:00,25957,20594,5363,26112
2016-01-02 10:00,26904,21320,5584,26635
2016-01-02 09:00,28072,22194,5878,27445
2016-01-02 08:00,29659,22731,6928,28069
2016-01-02 07:00,31182,23071,8111,30064
2016-01-02 06:00,32364,23622,8742,32113
2016-01-02 05:00,32950,25071,7879,33539
2016-01-02 04:00,33221,25814,7407,34213
2016-01-02 03:00,32561,24571,7990,34426
2016-01-02 02:00,29234,21606,7628,33317
2016-01-02 01:00,27384,21422,5962,28809
2016-01-02 00:00,27139,22242,4897,26692
2016-01-01 23:00,26965,22600,4365,26192
2016-01-01 22:00,27317,22649,4668,26284
2016-01-01 21:00,27762,23001,4761,26560
2016-01-01 20:00,28231,23467,4764,27034
2016-01-01 19:00,28170,23605,4565,27464
2016-01-01 18:00,27954,22894,5060,27669
2016-01-01 17:00,27833,21197,6636,27684
2016-01-01 16:00,27683,20849,6834,27628
2016-01-01 15:00,27188,20495,6693,27550
2016-01-01 14:00,26641,19981,6660,26678
2016-01-01 13:00,26544,19542,7002,26005
2016-01-01 12:00,26846,19395,7451,25942
2016-01-01 11:00,27499,19624,7875,26340
2016-01-01 10:00,28399,20262,8137,27059
2016-01-01 09:00,29222,22133,7089,27967
2016-01-01 08:00,30278,23721,6557,28792
2016-01-01 07:00,31602,25361,6241,30532
2016-01-01 06:00,32981,26674,6307,32148
2016-01-01 05:00,34159,27487,6672,33430
2016-01-01 04:00,35143,28042,7101,34691
2016-01-01 03:00,34937,28191,6746,35617
2016-01-01 02:00,31673,24655,7018,35457
2016-01-01 01:00,30019,23933,6086,31665
2016-01-01 00:00,29227,24305,4922,29731
2015-12-31 23:00,29285,24496,4789,29781
2015-12-31 22:00,29759,24628,5131,29963
2015-12-31 21:00,30556,24962,5594,30320
2015-12-31 20:00,31407,25444,5963,31030
2015-12-31 19:00,31692,25634,6058,31687
2015-12-31 18:00,31919,25085,6834,32040
2015-12-31 17:00,31766,24259,7507,32176
2015-12-31 16:00,30850,23034,7816,31900
2015-12-31 15:00,29189,22539,6650,30679
2015-12-31 14:00,27646,21829,5817,28730
2015-12-31 13:00,26913,20910,6003,27039
2015-12-31 12:00,26883,20859,6024,26387
2015-12-31 11:00,27395,21112,6283,26466
2015-12-31 10:00,28386,21721,6665,26974
2015-12-31 09:00,29741,22810,6931,27824
2015-12-31 08:00,31896,24276,7620,29254
2015-12-31 07:00,34078,25490,8588,31745
2015-12-31 06:00,35641,26773,8868,34157
2015-12-31 05:00,36424,27575,8849,35829
2015-12-31 04:00,36811,27751,9060,36722
2015-12-31 03:00,36320,27020,9300,37181
2015-12-31 02:00,33103,24183,8920,36563
2015-12-31 01:00,31387,22911,8476,32656
2015-12-31 00:00,30812,23312,7500,30835
2015-12-30 23:00,30884,23550,7334,30337
2015-12-30 22:00,31308,23639,7669,30379
2015-12-30 21:00,32008,24068,7940,30537
2015-12-30 20:00,32735,24437,8298,31079
2015-12-30 19:00,33283,24375,8908,31736
2015-12-30 18:00,33627,24699,8928,32197
2015-12-30 17:00,33310,23774,9536,32298
2015-12-30 16:00,32116,22687,9429,31844
2015-12-30 15:00,30160,21407,8753,30706
2015-12-30 14:00,28364,20565,7799,28465
2015-12-30 13:00,27503,19831,7672,26642
2015-12-30 12:00,27379,19739,7640,25840
2015-12-30 11:00,27820,20127,7693,25842
2015-12-30 10:00,28853,20891,7962,26438
2015-12-30 09:00,30316,22340,7976,27271
2015-12-30 08:00,32598,23661,8937,29057
2015-12-30 07:00,34751,25293,9458,31708
2015-12-30 06:00,36148,26826,9322,34443
2015-12-30 05:00,36934,27593,9341,36293
2015-12-30 04:00,37313,27416,9897,37254
2015-12-30 03:00,36667,27981,8686,37713
2015-12-30 02:00,33175,25644,7531,36857
2015-12-30 01:00,31439,24559,6880,32699
2015-12-30 00:00,31102,25059,6043,30850
2015-12-29 23:00,31129,24952,6177,30618
2015-12-29 22:00,31350,25003,6347,30842
2015-12-29 21:00,31890,25323,6567,31247
2015-12-29 20:00,32694,25376,7318,31758
2015-12-29 19:00,33045,25114,7931,32261
2015-12-29 18:00,33328,24468,8860,32541
2015-12-29 17:00,32986,23115,9871,32651
2015-12-29 16:00,31746,22396,9350,32235
2015-12-29 15:00,29384,21862,7522,30956
2015-12-29 14:00,27293,21076,6217,28791
2015-12-29 13:00,26385,20045,6340,26864
2015-12-29 12:00,26291,19723,6568,25956
2015-12-29 11:00,26722,19556,7166,25945
2015-12-29 10:00,27721,20179,7542,26574
2015-12-29 09:00,29468,20807,8661,27466
2015-12-29 08:00,31944,21956,9988,29262
2015-12-29 07:00,34487,23677,10810,31761
2015-12-29 06:00,36186,24899,11287,34152
2015-12-29 05:00,37118,25653,11465,35875
2015-12-29 04:00,37602,25570,12032,36833
2015-12-29 03:00,37187,25154,12033,37139
2015-12-29 02:00,34214,23093,11121,36202
2015-12-29 01:00,32708,21382,11326,31756
2015-12-29 00:00,32411,21846,10565,29924
2015-12-28 23:00,32249,21841,10408,29678
2015-12-28 22:00,32300,22292,10008,30034
2015-12-28 21:00,32662,22571,10091,30498
2015-12-28 20:00,32891,22600,10291,31095
2015-12-28 19:00,33042,22251,10791,31729
2015-12-28 18:00,33046,21658,11388,32116
2015-12-28 17:00,32404,20482,11922,32139
2015-12-28 16:00,31066,20157,10909,31461
2015-12-28 15:00,29345,19973,9372,30184
2015-12-28 14:00,27414,19641,7773,27962
2015-12-28 13:00,26520,19451,7069,26175
2015-12-28 12:00,26431,19422,7009,25301
2015-12-28 11:00,26785,19703,7082,25200
2015-12-28 10:00,27641,20360,7281,25576
2015-12-28 09:00,28919,20866,8053,26456
2015-12-28 08:00,30557,22242,8315,29009
2015-12-28 07:00,32492,23295,9197,31526
2015-12-28 06:00,33978,24475,9503,33855
2015-12-28 05:00,34652,25349,9303,35395
2015-12-28 04:00,34866,25510,9356,36171
2015-12-28 03:00,34252,24353,9899,36267
2015-12-28 02:00,30939,21481,9458,35330
2015-12-28 01:00,28737,20998,7739,30793
2015-12-28 00:00,28360,21776,6584,28330
2015-12-27 23:00,28194,22293,5901,27638
2015-12-27 22:00,28418,22510,5908,27527
2015-12-27 21:00,28874,22680,6194,27599
2015-12-27 20:00,29069,22638,6431,28039
2015-12-27 19:00,29091,21943,7148,28642
2015-12-27 18:00,29057,21061,7996,29070
2015-12-27 17:00,28762,19755,9007,29046
2015-12-27 16:00,28238,19171,9067,28503
2015-12-27 15:00,27271,18752,8519,27917
2015-12-27 14:00,26576,18329,8247,26969
2015-12-27 13:00,26315,18463,7852,26298
2015-12-27 12:00,26496,18252,8244,26098
2015-12-27 11:00,27076,18464,8612,26289
2015-12-27 10:00,27897,19153,8744,26909
2015-12-27 09:00,29088,20526,8562,27933
2015-12-27 08:00,30841,21186,9655,29346
2015-12-27 07:00,32448,21968,10480,31375
2015-12-27 06:00,33593,22288,11305,33379
2015-12-27 05:00,34064,22576,11488,34592
2015-12-27 04:00,34188,22506,11682,35254
2015-12-27 03:00,33375,22263,11112,35579
2015-12-27 02:00,29737,20803,8934,35127
2015-12-27 01:00,27753,20416,7337,31045
2015-12-27 00:00,27337,21388,5949,28915
2015-12-26 23:00,27134,21225,5909,28535
2015-12-26 22:00,27343,21040,6303,28495
2015-12-26 21:00,28157,21165,6992,28851
2015-12-26 20:00,28539,21448,7091,29526
2015-12-26 19:00,28588,21734,6854,30239
2015-12-26 18:00,28623,20906,7717,30561
2015-12-26 17:00,28270,19934,8336,30185
2015-12-26 16:00,27649,19421,8228,29339
2015-12-26 15:00,26604,18630,7974,28606
2015-12-26 14:00,25826,18202,7624,27230
2015-12-26 13:00,25343,18298,7045,26300
2015-12-26 12:00,25195,18668,6527,26028
2015-12-26 11:00,25566,19439,6127,26242
2015-12-26 10:00,26508,20473,6035,26927
2015-12-26 09:00,27851,21289,6562,27695
2015-12-26 08:00,29446,22056,7390,27833
2015-12-26 07:00,30644,22010,8634,29670
2015-12-26 06:00,31238,22472,8766,31244
2015-12-26 05:00,31391,23105,8286,32266
2015-12-26 04:00,31438,23809,7629,32673
2015-12-26 03:00,30956,24351,6605,32796
2015-12-26 02:00,28095,22669,5426,32253
2015-12-26 01:00,26462,22114,4348,28434
2015-12-26 00:00,25894,22580,3314,26575
2015-12-25 23:00,25726,22911,2815,26405
2015-12-25 22:00,25990,22925,3065,26700
2015-12-25 21:00,26392,23386,3006,27122
2015-12-25 20:00,26993,24299,2694,27533
2015-12-25 19:00,27480,23937,3543,27968
2015-12-25 18:00,27803,22885,4918,28233
2015-12-25 17:00,27502,21170,6332,28232
2015-12-25 16:00,26863,20339,6524,27546
2015-12-25 15:00,25991,19675,6316,26833
2015-12-25 14:00,25318,18840,6478,25759
2015-12-25 13:00,25159,18221,6938,25013
2015-12-25 12:00,25493,18339,7154,24896
2015-12-25 11:00,26199,19149,7050,25229
2015-12-25 10:00,27267,19791,7476,25862
2015-12-25 09:00,28684,21857,6827,26689
2015-12-25 08:00,29950,23301,6649,27712
2015-12-25 07:00,30861,24914,5947,29240
2015-12-25 06:00,31642,25534,6108,30892
2015-12-25 05:00,32367,26724,5643,31981
2015-12-25 04:00,33193,27230,5963,33032
2015-12-25 03:00,33648,26047,7601,34034
2015-12-25 02:00,31265,24080,7185,34125
2015-12-25 01:00,29744,23182,6562,30140
2015-12-25 00:00,29414,24073,5341,28299
2015-12-24 23:00,29382,24508,4874,28440
2015-12-24 22:00,29513,25084,4429,29134
2015-12-24 21:00,30089,25237,4852,29668
2015-12-24 20:00,30638,25658,4980,30352
2015-12-24 19:00,30795,25049,5746,30812
2015-12-24 18:00,30387,23823,6564,30981
2015-12-24 17:00,29536,22744,6792,30452
2015-12-24 16:00,28422,21988,6434,29421
2015-12-24 15:00,26788,21031,5757,28175
2015-12-24 14:00,25446,19985,5461,26281
2015-12-24 13:00,24893,19564,5329,24989
2015-12-24 12:00,25046,19690,5356,24467
2015-12-24 11:00,25702,20192,5510,24608
2015-12-24 10:00,26793,20857,5936,25268
2015-12-24 09:00,28556,22073,6483,26424
2015-12-24 08:00,30699,23450,7249,28943
2015-12-24 07:00,32957,24828,8129,31621
2015-12-24 06:00,34410,25510,8900,34059
2015-12-24 05:00,35165,25915,9250,35824
2015-12-24 04:00,35665,27049,8616,36680
2015-12-24 03:00,35397,27675,7722,37081
2015-12-24 02:00,32235,25653,6582,36429
2015-12-24 01:00,30603,24967,5636,33074
2015-12-24 00:00,30375,24841,5534,31676
2015-12-23 23:00,30423,25335,5088,31681
2015-12-23 22:00,30493,25335,5158,31947
2015-12-23 21:00,30905,25507,5398,32126
2015-12-23 20:00,31539,25799,5740,32491
2015-12-23 19:00,31911,25754,6157,32860
2015-12-23 18:00,31766,24589,7177,32971
2015-12-23 17:00,30946,23066,7880,32880
2015-12-23 16:00,29580,21726,7854,32304
2015-12-23 15:00,27321,21029,6292,30483
2015-12-23 14:00,25466,19625,5841,27599
2015-12-23 13:00,24566,19337,5229,25663
2015-12-23 12:00,24536,19265,5271,24937
2015-12-23 11:00,25112,19510,5602,24999
2015-12-23 10:00,26144,20144,6000,25663
2015-12-23 09:00,27896,20921,6975,26710
2015-12-23 08:00,30306,22872,7434,28790
2015-12-23 07:00,32596,24979,7617,31443
2015-12-23 06:00,34386,26221,8165,34026
2015-12-23 05:00,35444,26761,8683,35903
2015-12-23 04:00,36155,27594,8561,36803
2015-12-23 03:00,36103,27781,8322,37296
2015-12-23 02:00,33597,26710,6887,36795
2015-12-23 01:00,32343,25011,7332,33448
2015-12-23 00:00,32482,25152,7330,31801
2015-12-22 23:00,32778,25572,7206,31839
2015-12-22 22:00,32829,25591,7238,32069
2015-12-22 21:00,33211,25819,7392,32054
2015-12-22 20:00,33492,26189,7303,32408
2015-12-22 19:00,33305,25944,7361,32865
2015-12-22 18:00,32674,24628,8046,33333
2015-12-22 17:00,31519,23433,8086,33107
2015-12-22 16:00,30113,22350,7763,32516
2015-12-22 15:00,27871,20812,7059,30711
2015-12-22 14:00,25902,19603,6299,27703
2015-12-22 13:00,25506,18441,7065,25796
2015-12-22 12:00,25793,18311,7482,25093
2015-12-22 11:00,25875,18380,7495,25168
2015-12-22 10:00,26803,19076,7727,25856
2015-12-22 09:00,28672,19680,8992,26799
2015-12-22 08:00,30996,21384,9612,28819
2015-12-22 07:00,33402,22887,10515,31354
2015-12-22 06:00,35253,23985,11268,33818
2015-12-22 05:00,36473,24672,11801,35745
2015-12-22 04:00,37214,24636,12578,36769
2015-12-22 03:00,37201,24661,12540,37233
2015-12-22 02:00,34809,22472,12337,36708
2015-12-22 01:00,33049,21646,11403,33104
2015-12-22 00:00,33105,22039,11066,31519
2015-12-21 23:00,33368,22129,11239,31493
2015-12-21 22:00,33373,22264,11109,31571
2015-12-21 21:00,33491,22200,11291,31749
2015-12-21 20:00,33670,22446,11224,32214
2015-12-21 19:00,33723,22436,11287,32766
2015-12-21 18:00,33213,21497,11716,33038
2015-12-21 17:00,32122,20194,11928,33073
2015-12-21 16:00,30409,19239,11170,32621
2015-12-21 15:00,28080,18580,9500,30948
2015-12-21 14:00,26159,18237,7922,27966
2015-12-21 13:00,25088,17966,7122,26095
2015-12-21 12:00,25055,18200,6855,25292
2015-12-21 11:00,25453,18730,6723,25235
2015-12-21 10:00,26389,19235,7154,25705
2015-12-21 09:00,28117,20827,7290,26364
2015-12-21 08:00,30155,22108,8047,27209
2015-12-21 07:00,32164,22713,9451,29516
2015-12-21 06:00,33745,22918,10827,31781
2015-12-21 05:00,34520,23620,10900,33501
2015-12-21 04:00,34720,24375,10345,34271
2015-12-21 03:00,34262,24433,9829,34477
2015-12-21 02:00,31252,22777,8475,33655
2015-12-21 01:00,29257,21205,8052,29896
2015-12-21 00:00,28968,21219,7749,27684
2015-12-20 23:00,29063,22040,7023,27034
2015-12-20 22:00,29095,21934,7161,26904
2015-12-20 21:00,29120,21372,7748,27097
2015-12-20 20:00,29326,21492,7834,27414
2015-12-20 19:00,29264,22045,7219,27837
2015-12-20 18:00,28719,21638,7081,27936
2015-12-20 17:00,28145,20389,7756,27657
2015-12-20 16:00,26847,19551,7296,26909
2015-12-20 15:00,26089,19070,7019,26194
2015-12-20 14:00,25418,18806,6612,25252
2015-12-20 13:00,25203,18591,6612,24742
2015-12-20 12:00,25346,18506,6840,24570
2015-12-20 11:00,26040,18856,7184,24845
2015-12-20 10:00,26890,19665,7225,25498
2015-12-20 09:00,28105,21176,6929,26440
2015-12-20 08:00,29801,22731,7070,27876
2015-12-20 07:00,31503,23794,7709,29820
2015-12-20 06:00,32786,24665,8121,31536
2015-12-20 05:00,33663,25956,7707,32811
2015-12-20 04:00,34356,26456,7900,33497
2015-12-20 03:00,34278,26728,7550,34042
2015-12-20 02:00,31407,24471,6936,33775
2015-12-20 01:00,29436,23486,5950,30219
2015-12-20 00:00,28846,23750,5096,28410
2015-12-19 23:00,28974,24029,4945,28176
2015-12-19 22:00,29011,24164,4847,28286
2015-12-19 21:00,29338,24643,4695,28487
2015-12-19 20:00,29698,24964,4734,28975
2015-12-19 19:00,30194,25195,4999,29326
2015-12-19 18:00,29992,25215,4777,29516
2015-12-19 17:00,29109,24842,4267,29168
2015-12-19 16:00,28194,23967,4227,28217
2015-12-19 15:00,26936,22063,4873,27353
2015-12-19 14:00,25937,20489,5448,26230
2015-12-19 13:00,25594,19826,5768,25352
2015-12-19 12:00,25772,19943,5829,25136
2015-12-19 11:00,26452,19948,6504,25457
2015-12-19 10:00,27450,20731,6719,26225
2015-12-19 09:00,29209,21385,7824,27282
2015-12-19 08:00,31331,22976,8355,29680
2015-12-19 07:00,33083,24293,8790,31921
2015-12-19 06:00,34464,26437,8027,34045
2015-12-19 05:00,35401,27550,7851,35576
2015-12-19 04:00,36057,27690,8367,36468
2015-12-19 03:00,36134,27110,9024,37033
2015-12-19 02:00,33470,24104,9366,36819
2015-12-19 01:00,32059,23517,8542,33575
2015-12-19 00:00,31842,24407,7435,32016
2015-12-18 23:00,31763,24785,6978,31688
2015-12-18 22:00,31734,24866,6868,31704
2015-12-18 21:00,32108,25125,6983,31731
2015-12-18 20:00,32673,25374,7299,32152
2015-12-18 19:00,33244,25409,7835,32772
2015-12-18 18:00,33624,25691,7933,33293
2015-12-18 17:00,33813,25506,8307,33714
2015-12-18 16:00,32494,24387,8107,34190
2015-12-18 15:00,29781,22492,7289,32419
2015-12-18 14:00,27901,20841,7060,29283
2015-12-18 13:00,27056,19853,7203,27230
2015-12-18 12:00,26902,19877,7025,26494
2015-12-18 11:00,27347,20192,7155,26529
2015-12-18 10:00,28160,20682,7478,27030
2015-12-18 09:00,29441,22061,7380,27945
2015-12-18 08:00,31854,24090,7764,29981
2015-12-18 07:00,34257,25874,8383,32530
2015-12-18 06:00,36109,27312,8797,35056
2015-12-18 05:00,36979,28006,8973,37004
2015-12-18 04:00,37426,28315,9111,38042
2015-12-18 03:00,37091,28043,9048,38469
2015-12-18 02:00,34064,25329,8735,37805
2015-12-18 01:00,32234,24246,7988,34226
2015-12-18 00:00,32153,24757,7396,32116
2015-12-17 23:00,32140,24992,7148,31652
2015-12-17 22:00,32384,25296,7088,31643
2015-12-17 21:00,32966,25432,7534,31855
2015-12-17 20:00,33701,26130,7571,32558
2015-12-17 19:00,34404,26367,8037,33243
2015-12-17 18:00,34865,26738,8127,33874
2015-12-17 17:00,35091,26432,8659,34487
2015-12-17 16:00,33831,25267,8564,34807
2015-12-17 15:00,30960,22977,7983,33283
2015-12-17 14:00,28964,21723,7241,29888
2015-12-17 13:00,27926,20365,7561,27907
2015-12-17 12:00,27748,20309,7439,27020
2015-12-17 11:00,28054,20421,7633,26972
2015-12-17 10:00,28620,20896,7724,27434
2015-12-17 09:00,30132,21908,8224,28159
2015-12-17 08:00,32562,23972,8590,30190
2015-12-17 07:00,35241,25546,9695,33012
2015-12-17 06:00,37328,26761,10567,35620
2015-12-17 05:00,38136,27791,10345,37600
2015-12-17 04:00,38518,27853,10665,38530
2015-12-17 03:00,37954,27843,10111,38859
2015-12-17 02:00,34577,25102,9475,38237
2015-12-17 01:00,32720,24073,8647,34419
2015-12-17 00:00,32176,24557,7619,32301
2015-12-16 23:00,32015,24796,7219,31888
2015-12-16 22:00,32306,25325,6981,31927
2015-12-16 21:00,32791,25506,7285,32193
2015-12-16 20:00,33517,26172,7345,32825
2015-12-16 19:00,34144,26384,7760,33633
2015-12-16 18:00,35073,26247,8826,34297
2015-12-16 17:00,35564,26486,9078,35087
2015-12-16 16:00,34406,24840,9566,35472
2015-12-16 15:00,31590,23303,8287,33942
2015-12-16 14:00,29460,21579,7881,30423
2015-12-16 13:00,28330,20901,7429,28122
2015-12-16 12:00,28087,20857,7230,27182
2015-12-16 11:00,28320,20804,7516,27107
2015-12-16 10:00,29099,21785,7314,27608
2015-12-16 09:00,30488,23031,7457,28352
2015-12-16 08:00,32782,24825,7957,30091
2015-12-16 07:00,35450,26321,9129,32689
2015-12-16 06:00,37565,27930,9635,35368
2015-12-16 05:00,38452,28644,9808,37325
2015-12-16 04:00,38562,29320,9242,38337
2015-12-16 03:00,38112,28895,9217,38683
2015-12-16 02:00,34745,26560,8185,37986
2015-12-16 01:00,32635,24360,8275,33880
2015-12-16 00:00,32018,25066,6952,31940
2015-12-15 23:00,31958,25212,6746,31881
2015-12-15 22:00,32111,25513,6598,32198
2015-12-15 21:00,32615,25361,7254,32344
2015-12-15 20:00,33311,25308,8003,32922
2015-12-15 19:00,33935,25670,8265,33534
2015-12-15 18:00,34662,25540,9122,34126
2015-12-15 17:00,35427,25051,10376,34652
2015-12-15 16:00,33770,23675,10095,34700
2015-12-15 15:00,30496,21845,8651,33023
2015-12-15 14:00,28198,19725,8473,29701
2015-12-15 13:00,27152,18618,8534,27433
2015-12-15 12:00,27016,18430,8586,26564
2015-12-15 11:00,27391,18503,8888,26499
2015-12-15 10:00,28385,18757,9628,27045
2015-12-15 09:00,30201,20144,10057,27841
2015-12-15 08:00,32669,22014,10655,29007
2015-12-15 07:00,34940,23893,11047,31654
2015-12-15 06:00,37048,25073,11975,34251
2015-12-15 05:00,38187,25321,12866,36148
2015-12-15 04:00,38613,25909,12704,37138
2015-12-15 03:00,38079,25789,12290,37487
2015-12-15 02:00,34857,23967,10890,36815
2015-12-15 01:00,32259,22177,10082,32772
2015-12-15 00:00,31292,21493,9799,30869
2015-12-14 23:00,31140,21465,9675,31166
2015-12-14 22:00,31382,21869,9513,31759
2015-12-14 21:00,32003,21773,10230,32046
2015-12-14 20:00,32611,22163,10448,32482
2015-12-14 19:00,33119,21933,11186,32799
2015-12-14 18:00,33578,21063,12515,33111
2015-12-14 17:00,33679,19422,14257,33219
2015-12-14 16:00,32091,18733,13358,32801
2015-12-14 15:00,29309,18252,11057,30828
2015-12-14 14:00,27264,18213,9051,27533
2015-12-14 13:00,26157,17920,8237,25599
2015-12-14 12:00,25956,18240,7716,24727
2015-12-14 11:00,26273,18215,8058,24724
2015-12-14 10:00,26878,18814,8064,25204
2015-12-14 09:00,27808,20447,7361,26037
2015-12-14 08:00,29713,21865,7848,27484
2015-12-14 07:00,31788,22423,9365,29729
2015-12-14 06:00,33579,23276,10303,32067
2015-12-14 05:00,34489,23826,10663,33879
2015-12-14 04:00,34771,24352,10419,34865
2015-12-14 03:00,34198,24565,9633,34963
2015-12-14 02:00,31590,22466,9124,34251
2015-12-14 01:00,29674,20924,8750,30129
2015-12-14 00:00,28804,20804,8000,28203
2015-12-13 23:00,28322,21371,6951,27686
2015-12-13 22:00,28569,21918,6651,27654
2015-12-13 21:00,28796,22022,6774,27744
2015-12-13 20:00,29511,22010,7501,27897
2015-12-13 19:00,29269,22419,6850,28097
2015-12-13 18:00,28248,21991,6257,28011
2015-12-13 17:00,27249,21204,6045,27372
2015-12-13 16:00,26555,20329,6226,26452
2015-12-13 15:00,25530,20034,5496,25849
2015-12-13 14:00,24942,19565,5377,25029
2015-12-13 13:00,24711,19235,5476,24642
2015-12-13 12:00,24962,19520,5442,24550
2015-12-13 11:00,25605,20565,5040,24851
2015-12-13 10:00,26416,21588,4828,25531
2015-12-13 09:00,27867,22176,5691,26393
2015-12-13 08:00,29514,23652,5862,28007
2015-12-13 07:00,31111,24642,6469,30057
2015-12-13 06:00,32365,25523,6842,31706
2015-12-13 05:00,33038,25888,7150,32855
2015-12-13 04:00,33596,26609,6987,33514
2015-12-13 03:00,33527,26959,6568,33857
2015-12-13 02:00,30519,25008,5511,33274
2015-12-13 01:00,28609,22942,5667,29515
2015-12-13 00:00,27957,23120,4837,27713
2015-12-12 23:00,28079,23110,4969,27349
2015-12-12 22:00,28468,23509,4959,27416
2015-12-12 21:00,29045,24112,4933,27812
2015-12-12 20:00,29364,24076,5288,28392
2015-12-12 19:00,29349,23601,5748,28853
2015-12-12 18:00,29275,24013,5262,28945
2015-12-12 17:00,29005,22872,6133,28553
2015-12-12 16:00,28153,21816,6337,27759
2015-12-12 15:00,26967,20817,6150,26973
2015-12-12 14:00,25837,19220,6617,25831
2015-12-12 13:00,25335,18598,6737,24966
2015-12-12 12:00,25471,18411,7060,24735
2015-12-12 11:00,26126,18523,7603,25013
2015-12-12 10:00,27342,19257,8085,25721
2015-12-12 09:00,28864,20590,8274,26696
2015-12-12 08:00,30809,22868,7941,28918
2015-12-12 07:00,32708,24093,8615,31344
2015-12-12 06:00,34219,25390,8829,33370
2015-12-12 05:00,35170,26003,9167,34763
2015-12-12 04:00,35811,26620,9191,35561
2015-12-12 03:00,35974,27112,8862,36198
2015-12-12 02:00,33185,25580,7605,35986
2015-12-12 01:00,31081,23435,7646,32778
2015-12-12 00:00,30778,23124,7654,31411
2015-12-11 23:00,31007,23379,7628,31560
2015-12-11 22:00,31232,23426,7806,31841
2015-12-11 21:00,31833,23470,8363,32038
2015-12-11 20:00,32009,23677,8332,32499
2015-12-11 19:00,32264,23780,8484,32827
2015-12-11 18:00,32286,23400,8886,32865
2015-12-11 17:00,32018,23271,8747,32690
2015-12-11 16:00,30566,22047,8519,32219
2015-12-11 15:00,28026,20812,7214,30357
2015-12-11 14:00,26065,18879,7186,27245
2015-12-11 13:00,25473,17910,7563,25386
2015-12-11 12:00,25330,17731,7599,24650
2015-12-11 11:00,25526,17629,7897,24791
2015-12-11 10:00,26418,18350,8068,25363
2015-12-11 09:00,27873,20049,7824,26319
2015-12-11 08:00,30227,22169,8058,28355
2015-12-11 07:00,32698,24081,8617,31075
2015-12-11 06:00,34722,25404,9318,33629
2015-12-11 05:00,36022,26096,9926,35409
2015-12-11 04:00,36699,27152,9547,36560
2015-12-11 03:00,36950,27404,9546,37177
2015-12-11 02:00,34478,25228,9250,37016
2015-12-11 01:00,32726,23723,9003,34125
2015-12-11 00:00,32288,23508,8780,32868
2015-12-10 23:00,32196,23450,8746,32932
2015-12-10 22:00,32217,23250,8967,32982
2015-12-10 21:00,32530,23146,9384,32902
2015-12-10 20:00,32671,23522,9149,33041
2015-12-10 19:00,32740,23709,9031,32985
2015-12-10 18:00,32551,22975,9576,32901
2015-12-10 17:00,32402,21891,10511,32635
2015-12-10 16:00,30973,21075,9898,32153
2015-12-10 15:00,28077,19649,8428,30269
2015-12-10 14:00,26065,17672,8393,27134
2015-12-10 13:00,25090,16974,8116,25187
2015-12-10 12:00,24837,16481,8356,24497
2015-12-10 11:00,25571,17097,8474,24596
2015-12-10 10:00,26377,17828,8549,25216
2015-12-10 09:00,27659,19337,8322,26297
2015-12-10 08:00,30141,21782,8359,28150
2015-12-10 07:00,32784,23410,9374,30754
2015-12-10 06:00,34880,24833,10047,33411
2015-12-10 05:00,36098,25943,10155,35205
2015-12-10 04:00,36897,26698,10199,36382
2015-12-10 03:00,37097,27447,9650,37149
2015-12-10 02:00,34730,25191,9539,37153
2015-12-10 01:00,33086,23832,9254,34265
2015-12-10 00:00,32849,24223,8626,33157
2015-12-09 23:00,32928,24168,8760,33143
2015-12-09 22:00,32788,24290,8498,33026
2015-12-09 21:00,32757,24175,8582,32861
2015-12-09 20:00,32848,24392,8456,32886
2015-12-09 19:00,32627,24181,8446,32792
2015-12-09 18:00,32341,23485,8856,32561
2015-12-09 17:00,31963,22397,9566,32382
2015-12-09 16:00,30471,21852,8619,32054
2015-12-09 15:00,27754,20376,7378,30332
2015-12-09 14:00,25706,17828,7878,27179
2015-12-09 13:00,25110,16616,8494,25285
2015-12-09 12:00,25078,16438,8640,24569
2015-12-09 11:00,25550,17098,8452,24655
2015-12-09 10:00,26364,18316,8048,25252
2015-12-09 09:00,27758,20063,7695,26192
2015-12-09 08:00,30312,22661,7651,28022
2015-12-09 07:00,32977,24278,8699,30577
2015-12-09 06:00,34971,25346,9625,33294
2015-12-09 05:00,36163,26695,9468,35347
2015-12-09 04:00,36952,27601,9351,36581
2015-12-09 03:00,37206,27844,9362,37354
2015-12-09 02:00,34881,25625,9256,37337
2015-12-09 01:00,33598,24539,9059,34372
2015-12-09 00:00,33563,24343,9220,33129
2015-12-08 23:00,33526,24490,9036,33018
2015-12-08 22:00,33255,24394,8861,32886
2015-12-08 21:00,33120,24468,8652,32631
2015-12-08 20:00,33027,24387,8640,32630
2015-12-08 19:00,33045,23925,9120,32618
2015-12-08 18:00,32688,23803,8885,32515
2015-12-08 17:00,32220,23227,8993,32430
2015-12-08 16:00,31004,21931,9073,32152
2015-12-08 15:00,28250,20210,8040,30426
2015-12-08 14:00,26069,18178,7891,27224
2015-12-08 13:00,25071,16790,8281,25201
2015-12-08 12:00,25025,16573,8452,24420
2015-12-08 11:00,25466,16750,8716,24483
2015-12-08 10:00,26364,17406,8958,25090
2015-12-08 09:00,27818,18645,9173,25997
2015-12-08 08:00,30341,20414,9927,27708
2015-12-08 07:00,32886,22425,10461,30134
2015-12-08 06:00,34817,23853,10964,32771
2015-12-08 05:00,36085,24389,11696,34734
2015-12-08 04:00,36849,24748,12101,35921
2015-12-08 03:00,36943,24929,12014,36639
2015-12-08 02:00,34306,22374,11932,36407
2015-12-08 01:00,32922,20729,12193,33238
2015-12-08 00:00,32664,20580,12084,32221
2015-12-07 23:00,32613,20240,12373,32198
2015-12-07 22:00,32564,20179,12385,32200
2015-12-07 21:00,32614,20116,12498,32052
2015-12-07 20:00,32688,20207,12481,32188
2015-12-07 19:00,32680,20380,12300,32287
2015-12-07 18:00,32579,19466,13113,32316
2015-12-07 17:00,32275,18570,13705,32313
2015-12-07 16:00,30735,18170,12565,31956
2015-12-07 15:00,27771,17286,10485,30189
2015-12-07 14:00,25401,16840,8561,26919
2015-12-07 13:00,24329,16921,7408,24853
2015-12-07 12:00,24149,17178,6971,23991
2015-12-07 11:00,24450,17423,7027,23900
2015-12-07 10:00,25273,18286,6987,24322
2015-12-07 09:00,26723,20227,6496,25182
2015-12-07 08:00,28820,21435,7385,26709
2015-12-07 07:00,31008,22084,8924,28868
2015-12-07 06:00,32606,22812,9794,31088
2015-12-07 05:00,33534,23416,10118,32632
2015-12-07 04:00,34018,23966,10052,33481
2015-12-07 03:00,33680,25085,8595,33826
2015-12-07 02:00,30703,22793,7910,33230
2015-12-07 01:00,28948,21461,7487,29605
2015-12-07 00:00,28346,21214,7132,27922
2015-12-06 23:00,27987,21518,6469,27532
2015-12-06 22:00,28051,21684,6367,27333
2015-12-06 21:00,28137,21633,6504,27232
2015-12-06 20:00,28283,22040,6243,27237
2015-12-06 19:00,28050,22331,5719,27331
2015-12-06 18:00,27487,21582,5905,26998
2015-12-06 17:00,26433,20913,5520,26530
2015-12-06 16:00,25741,19953,5788,25640
2015-12-06 15:00,24969,20095,4874,25286
2015-12-06 14:00,24465,19647,4818,24541
2015-12-06 13:00,24370,19282,5088,23954
2015-12-06 12:00,24584,19246,5338,23866
2015-12-06 11:00,25212,19535,5677,24173
2015-12-06 10:00,26231,20249,5982,24832
2015-12-06 09:00,27612,21916,5696,25905
2015-12-06 08:00,29454,23083,6371,27577
2015-12-06 07:00,31148,24144,7004,29528
2015-12-06 06:00,32290,24906,7384,31161
2015-12-06 05:00,33049,25645,7404,32357
2015-12-06 04:00,33541,26588,6953,33097
2015-12-06 03:00,33619,27644,5975,33620
2015-12-06 02:00,31165,25708,5457,33158
2015-12-06 01:00,29495,24360,5135,29637
2015-12-06 00:00,28987,24856,4131,28150
2015-12-05 23:00,28850,25292,3558,27807
2015-12-05 22:00,28931,25345,3586,27880
2015-12-05 21:00,29312,25621,3691,27937
2015-12-05 20:00,29873,25816,4057,28232
2015-12-05 19:00,30047,25823,4224,28599
2015-12-05 18:00,29565,25162,4403,28808
2015-12-05 17:00,28747,24788,3959,28509
2015-12-05 16:00,27952,23611,4341,27644
2015-12-05 15:00,26801,21562,5239,26994
2015-12-05 14:00,26061,19961,6100,25808
2015-12-05 13:00,25710,19166,6544,24921
2015-12-05 12:00,25858,18987,6871,24691
2015-12-05 11:00,26309,19663,6646,24940
2015-12-05 10:00,27190,20662,6528,25671
2015-12-05 09:00,29181,21623,7558,26740
2015-12-05 08:00,31134,23255,7879,28168
2015-12-05 07:00,32915,25008,7907,30483
2015-12-05 06:00,34042,25768,8274,32585
2015-12-05 05:00,34784,26795,7989,34187
2015-12-05 04:00,35487,27908,7579,35289
2015-12-05 03:00,35694,28007,7687,36089
2015-12-05 02:00,33543,26029,7514,36057
2015-12-05 01:00,32473,24977,7496,33411
2015-12-05 00:00,32299,25386,6913,32104
2015-12-04 23:00,32238,26107,6131,31997
2015-12-04 22:00,32242,26182,6060,32075
2015-12-04 21:00,32556,25852,6704,32100
2015-12-04 20:00,32960,25805,7155,32356
2015-12-04 19:00,32931,25618,7313,32551
2015-12-04 18:00,33074,25342,7732,32643
2015-12-04 17:00,32862,24171,8691,32596
2015-12-04 16:00,31517,23448,8069,32243
2015-12-04 15:00,28622,21923,6699,30562
2015-12-04 14:00,26329,20478,5851,27454
2015-12-04 13:00,25468,19467,6001,25512
2015-12-04 12:00,25374,19499,5875,24802
2015-12-04 11:00,26059,19988,6071,24925
2015-12-04 10:00,27044,20729,6315,25498
2015-12-04 09:00,28314,22152,6162,26370
2015-12-04 08:00,30404,22954,7450,27974
2015-12-04 07:00,32753,24297,8456,30529
2015-12-04 06:00,34544,25529,9015,33150
2015-12-04 05:00,35738,26519,9219,35229
2015-12-04 04:00,36476,27485,8991,36284
2015-12-04 03:00,36581,28005,8576,36942
2015-12-04 02:00,34285,25811,8474,36790
2015-12-04 01:00,33107,24459,8648,33816
2015-12-04 00:00,33200,25054,8146,32244
2015-12-03 23:00,33198,25442,7756,31984
2015-12-03 22:00,33079,25554,7525,31897
2015-12-03 21:00,33093,25514,7579,31768
2015-12-03 20:00,33062,25816,7246,31947
2015-12-03 19:00,33101,25884,7217,32116
2015-12-03 18:00,33110,25639,7471,32155
2015-12-03 17:00,32879,25592,7287,32255
2015-12-03 16:00,31471,24312,7159,32120
2015-12-03 15:00,28585,22448,6137,30518
2015-12-03 14:00,26196,21093,5103,27355
2015-12-03 13:00,25257,20174,5083,25376
2015-12-03 12:00,25380,20119,5261,24626
2015-12-03 11:00,25922,20459,5463,24682
2015-12-03 10:00,26835,21183,5652,25253
2015-12-03 09:00,28038,22587,5451,26197
2015-12-03 08:00,30331,24252,6079,28553
2015-12-03 07:00,32735,25903,6832,31154
2015-12-03 06:00,34632,27190,7442,33858
2015-12-03 05:00,35743,28078,7665,35890
2015-12-03 04:00,36432,28763,7669,36939
2015-12-03 03:00,36374,28957,7417,37636
2015-12-03 02:00,33876,26901,6975,37413
2015-12-03 01:00,32792,25679,7113,34142
2015-12-03 00:00,32539,25943,6596,32596
2015-12-02 23:00,32430,26250,6180,32266
2015-12-02 22:00,32322,26287,6035,32099
2015-12-02 21:00,32415,26275,6140,31900
2015-12-02 20:00,32789,26638,6151,32063
2015-12-02 19:00,33086,26965,6121,32373
2015-12-02 18:00,33271,27040,6231,32628
2015-12-02 17:00,33338,26523,6815,32985
2015-12-02 16:00,32164,24721,7443,32972
2015-12-02 15:00,29202,23002,6200,31467
2015-12-02 14:00,26827,21464,5363,28336
2015-12-02 13:00,25762,20389,5373,26253
2015-12-02 12:00,25663,20447,5216,25406
2015-12-02 11:00,26127,20629,5498,25394
2015-12-02 10:00,27010,21541,5469,25896
2015-12-02 09:00,28276,22673,5603,26796
2015-12-02 08:00,30632,24257,6375,28945
2015-12-02 07:00,33214,25367,7847,31615
2015-12-02 06:00,35228,27117,8111,34356
2015-12-02 05:00,36337,28738,7599,36417
2015-12-02 04:00,36866,29068,7798,37457
2015-12-02 03:00,36637,29057,7580,37981
2015-12-02 02:00,33881,26708,7173,37628
2015-12-02 01:00,32205,25318,6887,34029
2015-12-02 00:00,31720,25471,6249,32170
2015-12-01 23:00,31611,25520,6091,31895
2015-12-01 22:00,31516,25659,5857,31852
2015-12-01 21:00,31826,26215,5611,31766
2015-12-01 20:00,32355,26714,5641,32045
2015-12-01 19:00,32814,26665,6149,32542
2015-12-01 18:00,33395,26797,6598,33051
2015-12-01 17:00,33885,25952,7933,33464
2015-12-01 16:00,32766,24386,8380,33532
2015-12-01 15:00,29724,22710,7014,31939
2015-12-01 14:00,27266,21228,6038,28701
2015-12-01 13:00,26126,20418,5708,26507
2015-12-01 12:00,25977,20236,5741,25627
2015-12-01 11:00,26388,20570,5818,25572
2015-12-01 10:00,27194,20622,6572,26068
2015-12-01 09:00,28599,21420,7179,26916
2015-12-01 08:00,30889,22791,8098,28724
2015-12-01 07:00,33433,23984,9449,31005
2015-12-01 06:00,35509,25312,10197,33489
2015-12-01 05:00,36674,25738,10936,35406
2015-12-01 04:00,37241,26130,11111,36520
2015-12-01 03:00,37009,26160,10849,36886
2015-12-01 02:00,34416,23177,11239,36555
2015-12-01 01:00,32796,21819,10977,33205
2015-12-01 00:00,32459,21963,10496,31356
2015-11-30 23:00,32480,21801,10679,31489
2015-11-30 22:00,32627,21704,10923,31628
2015-11-30 21:00,32912,22197,10715,31774
2015-11-30 20:00,33244,22332,10912,32200
2015-11-30 19:00,33437,22202,11235,32718
2015-11-30 18:00,33577,22145,11432,33066
2015-11-30 17:00,33483,20924,12559,33340
2015-11-30 16:00,32069,20150,11919,33164
2015-11-30 15:00,28972,19733,9239,31711
2015-11-30 14:00,26475,19183,7292,28743
2015-11-30 13:00,25247,19112,6135,26518
2015-11-30 12:00,25046,19236,5810,25512
2015-11-30 11:00,25518,19486,6032,25363
2015-11-30 10:00,26027,20177,5850,25645
2015-11-30 09:00,26931,21665,5266,26248
2015-11-30 08:00,28815,22870,5945,27350
2015-11-30 07:00,30907,23114,7793,29307
2015-11-30 06:00,32632,23659,8973,31361
2015-11-30 05:00,33558,23958,9600,32845
2015-11-30 04:00,33784,23938,9846,33487
2015-11-30 03:00,33254,24277,8977,34006
2015-11-30 02:00,29935,22686,7249,33290
2015-11-30 01:00,27872,21585,6287,29195
2015-11-30 00:00,27072,21446,5626,27348
2015-11-29 23:00,26589,21633,4956,26782
2015-11-29 22:00,26317,21646,4671,26692
2015-11-29 21:00,26830,21461,5369,26850
2015-11-29 20:00,27129,21715,5414,27103
2015-11-29 19:00,27301,21856,5445,27588
2015-11-29 18:00,27361,21667,5694,27869
2015-11-29 17:00,26927,20372,6555,27694
2015-11-29 16:00,26422,19712,6710,26994
2015-11-29 15:00,25689,19792,5897,26486
2015-11-29 14:00,25055,19135,5920,25758
2015-11-29 13:00,24496,18968,5528,25126
2015-11-29 12:00,24656,19413,5243,24899
2015-11-29 11:00,25189,19721,5468,25046
2015-11-29 10:00,26112,20427,5685,25629
2015-11-29 09:00,27357,20968,6389,26509
2015-11-29 08:00,28950,22004,6946,27855
2015-11-29 07:00,30537,21837,8700,29733
2015-11-29 06:00,31736,22077,9659,31304
2015-11-29 05:00,32347,22835,9512,32572
2015-11-29 04:00,32664,23098,9566,33117
2015-11-29 03:00,32508,22890,9618,32798
2015-11-29 02:00,29941,21935,8006,32278
2015-11-29 01:00,27979,20655,7324,28558
2015-11-29 00:00,27189,20685,6504,26992
2015-11-28 23:00,26988,20787,6201,26919
2015-11-28 22:00,27082,20685,6397,27077
2015-11-28 21:00,27470,21245,6225,27450
2015-11-28 20:00,27914,21594,6320,27781
2015-11-28 19:00,28128,20949,7179,28202
2015-11-28 18:00,28077,20423,7654,28570
2015-11-28 17:00,27564,19288,8276,28462
2015-11-28 16:00,26910,18811,8099,27749
2015-11-28 15:00,25933,18932,7001,27169
2015-11-28 14:00,25021,18146,6875,26385
2015-11-28 13:00,24647,17901,6746,25572
2015-11-28 12:00,24785,17939,6846,25294
2015-11-28 11:00,25310,18299,7011,25525
2015-11-28 10:00,26155,18718,7437,26072
2015-11-28 09:00,27277,19569,7708,26865
2015-11-28 08:00,28864,20126,8738,27465
2015-11-28 07:00,30301,20511,9790,29089
2015-11-28 06:00,31454,20811,10643,30575
2015-11-28 05:00,32134,21086,11048,31705
2015-11-28 04:00,32563,21128,11435,32687
2015-11-28 03:00,32421,21438,10983,32704
2015-11-28 02:00,29891,20886,9005,32206
2015-11-28 01:00,27859,20369,7490,28868
2015-11-28 00:00,27491,21134,6357,27674
2015-11-27 23:00,27356,21445,5911,27423
2015-11-27 22:00,27328,21521,5807,27500
2015-11-27 21:00,27589,21779,5810,27760
2015-11-27 20:00,27850,22330,5520,28073
2015-11-27 19:00,27699,22123,5576,28385
2015-11-27 18:00,27604,21806,5798,28714
2015-11-27 17:00,27226,20395,6831,28419
2015-11-27 16:00,26930,19292,7638,27624
2015-11-27 15:00,25796,18707,7089,27094
2015-11-27 14:00,24748,18332,6416,25942
2015-11-27 13:00,24170,18056,6114,24859
2015-11-27 12:00,24124,18431,5693,24411
2015-11-27 11:00,24579,18879,5700,24424
2015-11-27 10:00,25330,19819,5511,24807
2015-11-27 09:00,26212,21231,4981,25370
2015-11-27 08:00,27117,23115,4002,26924
2015-11-27 07:00,27996,23889,4107,28248
2015-11-27 06:00,28574,24388,4186,29148
2015-11-27 05:00,29147,24797,4350,29596
2015-11-27 04:00,29398,24649,4749,30285
2015-11-27 03:00,29606,24731,4875,30751
2015-11-27 02:00,28233,23673,4560,30736
2015-11-27 01:00,27502,22722,4780,29056
2015-11-27 00:00,27281,22765,4516,27878
2015-11-26 23:00,27462,22927,4535,28052
2015-11-26 22:00,27669,22908,4761,28428
2015-11-26 21:00,27940,23358,4582,28775
2015-11-26 20:00,28366,23915,4451,29188
2015-11-26 19:00,28064,23902,4162,29168
2015-11-26 18:00,27701,23137,4564,28793
2015-11-26 17:00,27050,21560,5490,28429
2015-11-26 16:00,26398,20413,5985,27342
2015-11-26 15:00,25643,20046,5597,26584
2015-11-26 14:00,25120,19707,5413,25594
2015-11-26 13:00,24882,18728,6154,25019
2015-11-26 12:00,25129,18720,6409,24807
2015-11-26 11:00,25613,19016,6597,24925
2015-11-26 10:00,26497,19609,6888,25477
2015-11-26 09:00,28018,20681,7337,26547
2015-11-26 08:00,30205,22236,7969,28156
2015-11-26 07:00,32492,23240,9252,30274
2015-11-26 06:00,33952,24101,9851,32615
2015-11-26 05:00,34736,24625,10111,34523
2015-11-26 04:00,34850,24842,10008,35590
2015-11-26 03:00,34973,25500,9473,35983
2015-11-26 02:00,32786,24210,8576,35452
2015-11-26 01:00,31265,23743,7522,32198
2015-11-26 00:00,30975,23917,7058,31206
2015-11-25 23:00,31152,24030,7122,31315
2015-11-25 22:00,31313,24146,7167,31576
2015-11-25 21:00,31569,24318,7251,31786
2015-11-25 20:00,31800,24105,7695,32132
2015-11-25 19:00,31545,23906,7639,32449
2015-11-25 18:00,31393,22880,8513,32541
2015-11-25 17:00,30595,21475,9120,32469
2015-11-25 16:00,29490,20235,9255,31970
2015-11-25 15:00,27785,19193,8592,30359
2015-11-25 14:00,26396,18114,8282,27399
2015-11-25 13:00,25531,17545,7986,25315
2015-11-25 12:00,25539,17430,8109,24520
2015-11-25 11:00,25885,18165,7720,24574
2015-11-25 10:00,26436,18897,7539,25077
2015-11-25 09:00,27886,19896,7990,25928
2015-11-25 08:00,29992,21415,8577,27340
2015-11-25 07:00,32232,22302,9930,29516
2015-11-25 06:00,33994,23557,10437,31874
2015-11-25 05:00,35025,24414,10611,33975
2015-11-25 04:00,35416,24906,10510,35220
2015-11-25 03:00,35562,25676,9886,35856
2015-11-25 02:00,33394,24396,8998,35568
2015-11-25 01:00,32060,23324,8736,32908
2015-11-25 00:00,31941,23643,8298,32069
2015-11-24 23:00,31873,23821,8052,32112
2015-11-24 22:00,32028,23159,8869,32253
2015-11-24 21:00,32358,23113,9245,32241
2015-11-24 20:00,32084,23229,8855,32369
2015-11-24 19:00,31790,22845,8945,32421
2015-11-24 18:00,31341,22229,9112,32252
2015-11-24 17:00,30695,20720,9975,31935
2015-11-24 16:00,29361,19630,9731,31417
2015-11-24 15:00,27450,19101,8349,29885
2015-11-24 14:00,25694,17628,8066,27057
2015-11-24 13:00,24786,16789,7997,25295
2015-11-24 12:00,24758,16425,8333,24555
2015-11-24 11:00,25186,16692,8494,24619
2015-11-24 10:00,26017,17367,8650,25177
2015-11-24 09:00,27481,18080,9401,25938
2015-11-24 08:00,29403,18738,10665,27079
2015-11-24 07:00,31504,19765,11739,29268
2015-11-24 06:00,33187,21090,12097,31774
2015-11-24 05:00,34465,21767,12698,33853
2015-11-24 04:00,35333,22191,13142,35287
2015-11-24 03:00,35667,22738,12929,36132
2015-11-24 02:00,33641,21377,12264,36167
2015-11-24 01:00,32481,20210,12271,33433
2015-11-24 00:00,32547,20878,11669,32735
2015-11-23 23:00,32378,20717,11661,32657
2015-11-23 22:00,32198,20383,11815,32565
2015-11-23 21:00,32126,19741,12385,32246
2015-11-23 20:00,32017,19709,12308,32221
2015-11-23 19:00,31647,19338,12309,32105
2015-11-23 18:00,30975,18670,12305,31798
2015-11-23 17:00,29946,17121,12825,31409
2015-11-23 16:00,28800,15886,12914,30627
2015-11-23 15:00,26711,15347,11364,29076
2015-11-23 14:00,24844,15231,9613,26203
2015-11-23 13:00,23919,15130,8789,24492
2015-11-23 12:00,23719,14977,8742,23694
2015-11-23 11:00,24061,15698,8363,23662
2015-11-23 10:00,24828,16401,8427,24036
2015-11-23 09:00,25907,17439,8468,24750
2015-11-23 08:00,27595,18334,9261,25792
2015-11-23 07:00,29468,18932,10536,27521
2015-11-23 06:00,31106,20028,11078,29576
2015-11-23 05:00,32060,20776,11284,31355
2015-11-23 04:00,32699,21556,11143,32562
2015-11-23 03:00,32707,22180,10527,33292
2015-11-23 02:00,30308,21174,9134,33061
2015-11-23 01:00,29169,20850,8319,29978
2015-11-23 00:00,28795,21092,7703,28683
2015-11-22 23:00,28303,20959,7344,28168
2015-11-22 22:00,27882,21013,6869,27796
2015-11-22 21:00,27597,20720,6877,27458
2015-11-22 20:00,27573,20773,6800,27161
2015-11-22 19:00,27147,20409,6738,26886
2015-11-22 18:00,26456,19504,6952,26358
2015-11-22 17:00,25560,17915,7645,25567
2015-11-22 16:00,24701,16725,7976,24533
2015-11-22 15:00,24075,16321,7754,24063
2015-11-22 14:00,23538,16073,7465,23552
2015-11-22 13:00,23372,15900,7472,23172
2015-11-22 12:00,23350,15989,7361,23130
2015-11-22 11:00,23909,16526,7383,23443
2015-11-22 10:00,24840,17391,7449,24103
2015-11-22 09:00,26156,18950,7206,25062
2015-11-22 08:00,27746,20302,7444,26271
2015-11-22 07:00,29273,21260,8013,27926
2015-11-22 06:00,30757,22183,8574,29551
2015-11-22 05:00,31780,22840,8940,30975
2015-11-22 04:00,32644,23570,9074,32043
2015-11-22 03:00,33063,24347,8716,32809
2015-11-22 02:00,31078,23763,7315,32947
2015-11-22 01:00,30267,23886,6381,30289
2015-11-22 00:00,29946,24074,5872,29276
2015-11-21 23:00,29593,23938,5655,28984
2015-11-21 22:00,29387,24018,5369,28850
2015-11-21 21:00,29250,23718,5532,28679
2015-11-21 20:00,29093,23493,5600,28497
2015-11-21 19:00,28655,23274,5381,28267
2015-11-21 18:00,27956,22642,5314,27759
2015-11-21 17:00,27112,21656,5456,26899
2015-11-21 16:00,26275,19882,6393,25837
2015-11-21 15:00,25379,18849,6530,25208
2015-11-21 14:00,24719,18539,6180,24548
2015-11-21 13:00,24488,17219,7269,23933
2015-11-21 12:00,24690,16584,8106,23733
2015-11-21 11:00,25178,16984,8194,24039
2015-11-21 10:00,25895,17868,8027,24709
2015-11-21 09:00,27153,18970,8183,25527
2015-11-21 08:00,29037,20146,8891,27399
2015-11-21 07:00,30917,20903,10014,29657
2015-11-21 06:00,32448,22480,9968,31861
2015-11-21 05:00,33690,23898,9792,33668
2015-11-21 04:00,34686,24658,10028,35070
2015-11-21 03:00,35215,25296,9919,36059
2015-11-21 02:00,33738,24047,9691,36516
2015-11-21 01:00,33210,23746,9464,34603
2015-11-21 00:00,33060,23882,9178,33812
2015-11-20 23:00,32711,24068,8643,33578
2015-11-20 22:00,32265,23974,8291,33222
2015-11-20 21:00,32000,23767,8233,32692
2015-11-20 20:00,31801,23943,7858,32438
2015-11-20 19:00,31483,24098,7385,32171
2015-11-20 18:00,31197,23303,7894,31792
2015-11-20 17:00,30900,22233,8667,31225
2015-11-20 16:00,29952,20627,9325,30836
2015-11-20 15:00,27559,19167,8392,29454
2015-11-20 14:00,25786,17902,7884,26779
2015-11-20 13:00,24841,16628,8213,25098
2015-11-20 12:00,24483,16436,8047,24423
2015-11-20 11:00,24958,17031,7927,24509
2015-11-20 10:00,25790,17570,8220,24994
2015-11-20 09:00,26967,18740,8227,25613
2015-11-20 08:00,28970,20172,8798,27067
2015-11-20 07:00,31336,21423,9913,29301
2015-11-20 06:00,33280,22709,10571,31816
2015-11-20 05:00,34566,23623,10943,34040
2015-11-20 04:00,35392,24374,11018,35440
2015-11-20 03:00,35716,24077,11639,36328
2015-11-20 02:00,33834,22754,11080,36495
2015-11-20 01:00,32872,22104,10768,34007
2015-11-20 00:00,32562,22377,10185,33243
2015-11-19 23:00,32570,22749,9821,33015
2015-11-19 22:00,32300,22644,9656,32759
2015-11-19 21:00,31810,22645,9165,32312
2015-11-19 20:00,31749,22595,9154,32118
2015-11-19 19:00,31684,22305,9379,31968
2015-11-19 18:00,31659,22052,9607,31662
2015-11-19 17:00,31362,21177,10185,31511
2015-11-19 16:00,30202,19818,10384,31226
2015-11-19 15:00,27689,18832,8857,30255
2015-11-19 14:00,25579,17492,8087,27012
2015-11-19 13:00,24612,16270,8342,25015
2015-11-19 12:00,24562,16086,8476,24256
2015-11-19 11:00,25004,16554,8450,24281
2015-11-19 10:00,25756,17239,8517,24794
2015-11-19 09:00,27067,18025,9042,25492
2015-11-19 08:00,29135,20023,9112,26965
2015-11-19 07:00,31463,21133,10330,29123
2015-11-19 06:00,33501,22458,11043,31624
2015-11-19 05:00,34814,23499,11315,33765
2015-11-19 04:00,35523,24269,11254,35206
2015-11-19 03:00,35365,24827,10538,36078
2015-11-19 02:00,33275,22583,10692,36156
2015-11-19 01:00,32121,4573,27548,33600
2015-11-19 00:00,31835,21798,10037,32751
2015-11-18 23:00,31771,21838,9933,32507
2015-11-18 22:00,31524,21862,9662,32218
2015-11-18 21:00,31526,21976,9550,31838
2015-11-18 20:00,31535,22097,9438,31814
2015-11-18 19:00,31577,22414,9163,31705
2015-11-18 18:00,31715,22205,9510,31595
2015-11-18 17:00,31879,21903,9976,31584
2015-11-18 16:00,30747,20523,10224,31255
2015-11-18 15:00,28356,19192,9164,29873
2015-11-18 14:00,26054,17910,8144,27116
2015-11-18 13:00,25037,16502,8535,25072
2015-11-18 12:00,24957,16393,8564,24449
2015-11-18 11:00,25342,16851,8491,24424
2015-11-18 10:00,26112,17488,8624,24883
2015-11-18 09:00,27325,18570,8755,25519
2015-11-18 08:00,29404,20492,8912,27318
2015-11-18 07:00,31731,22082,9649,29519
2015-11-18 06:00,33891,23849,10042,32074
2015-11-18 05:00,35101,24471,10630,34090
2015-11-18 04:00,35767,25341,10426,35331
2015-11-18 03:00,35620,25455,10165,36015
2015-11-18 02:00,33161,23273,9888,35770
2015-11-18 01:00,32767,23395,9372,32984
2015-11-18 00:00,31686,23748,7938,31813
2015-11-17 23:00,31345,23785,7560,31793
2015-11-17 22:00,31157,23553,7604,31729
2015-11-17 21:00,31312,23329,7983,31546
2015-11-17 20:00,31486,23847,7639,31630
2015-11-17 19:00,31597,23479,8118,31880
2015-11-17 18:00,31972,23266,8706,32055
2015-11-17 17:00,32188,22002,10186,32172
2015-11-17 16:00,31122,4261,26861,31883
2015-11-17 15:00,28479,17499,10980,30386
2015-11-17 14:00,26458,17146,9312,27548
2015-11-17 13:00,25365,16228,9137,25449
2015-11-17 12:00,25230,16865,8365,24947
2015-11-17 11:00,25643,16861,8782,24888
2015-11-17 10:00,26264,16947,9317,25335
2015-11-17 09:00,27721,17903,9818,25895
2015-11-17 08:00,29858,19487,10371,27042
2015-11-17 07:00,32252,20699,11553,29307
2015-11-17 06:00,34392,21478,12914,31862
2015-11-17 05:00,35655,21947,13708,33970
2015-11-17 04:00,36253,22541,13712,35129
2015-11-17 03:00,36030,21932,14098,35750
2015-11-17 02:00,33040,20804,12236,35361
2015-11-17 01:00,31413,19620,11793,32006
2015-11-17 00:00,30737,20099,10638,30991
2015-11-16 23:00,30482,20223,10259,31168
2015-11-16 22:00,30419,19903,10516,31411
2015-11-16 21:00,30695,19403,11292,31517
2015-11-16 20:00,31023,19669,11354,31715
2015-11-16 19:00,31243,19499,11744,31876
2015-11-16 18:00,31438,18313,13125,31844
2015-11-16 17:00,31406,17210,14196,31631
2015-11-16 16:00,31033,15855,15178,30938
2015-11-16 15:00,29334,15521,13813,29222
2015-11-16 14:00,25252,15380,9872,26392
2015-11-16 13:00,24064,15524,8540,24503
2015-11-16 12:00,23912,15908,8004,23873
2015-11-16 11:00,24132,16743,7389,23813
2015-11-16 10:00,24629,17079,7550,24116
2015-11-16 09:00,25554,17839,7715,24579
2015-11-16 08:00,27369,19050,8319,25553
2015-11-16 07:00,29525,19390,10135,27608
2015-11-16 06:00,31225,20283,10942,30203
2015-11-16 05:00,32259,20259,12000,31326
2015-11-16 04:00,32839,20895,11944,32398
2015-11-16 03:00,32471,21030,11441,32847
2015-11-16 02:00,29655,19769,9886,32152
2015-11-16 01:00,28020,18805,9215,28776
2015-11-16 00:00,27290,19518,7772,27140
2015-11-15 23:00,27361,19707,7654,26876
2015-11-15 22:00,27345,19595,7750,26892
2015-11-15 21:00,27145,19632,7513,26952
2015-11-15 20:00,27624,19699,7925,26916
2015-11-15 19:00,27339,19381,7958,26755
2015-11-15 18:00,26769,19054,7715,26402
2015-11-15 17:00,25649,17953,7696,25646
2015-11-15 16:00,24802,16878,7924,24591
2015-11-15 15:00,24139,16695,7444,23983
2015-11-15 14:00,23601,16125,7476,23509
2015-11-15 13:00,23605,16309,7296,23182
2015-11-15 12:00,23798,16417,7381,23282
2015-11-15 11:00,24335,16953,7382,23578
2015-11-15 10:00,24905,17566,7339,24268
2015-11-15 09:00,25857,18573,7284,25003
2015-11-15 08:00,27372,20180,7192,26626
2015-11-15 07:00,29055,20799,8256,28271
2015-11-15 06:00,30413,21583,8830,29817
2015-11-15 05:00,31348,22513,8835,31186
2015-11-15 04:00,32109,23651,8458,32138
2015-11-15 03:00,32112,24816,7296,32848
2015-11-15 02:00,29750,23601,6149,32614
2015-11-15 01:00,28129,23222,4907,29738
2015-11-15 00:00,27682,22852,4830,28510
2015-11-14 23:00,27534,22850,4684,28106
2015-11-14 22:00,27485,22592,4893,27918
2015-11-14 21:00,27594,22523,5071,27909
2015-11-14 20:00,27768,22601,5167,28006
2015-11-14 19:00,27712,22547,5165,28045
2015-11-14 18:00,27825,22427,5398,27816
2015-11-14 17:00,27223,21665,5558,27375
2015-11-14 16:00,26513,20416,6097,26471
2015-11-14 15:00,25641,18991,6650,25907
2015-11-14 14:00,24733,17966,6767,25205
2015-11-14 13:00,24495,17424,7071,24492
2015-11-14 12:00,24511,17319,7192,24246
2015-11-14 11:00,25040,17699,7341,24508
2015-11-14 10:00,25802,18138,7664,25140
2015-11-14 09:00,26868,18849,8019,25991
2015-11-14 08:00,28744,20807,7937,26948
2015-11-14 07:00,30683,21976,8707,28951
2015-11-14 06:00,32397,22964,9433,30932
2015-11-14 05:00,33548,23942,9606,32715
2015-11-14 04:00,34437,24843,9594,33969
2015-11-14 03:00,34725,24954,9771,34946
2015-11-14 02:00,32757,23673,9084,35225
2015-11-14 01:00,31857,22432,9425,32903
2015-11-14 00:00,31661,22560,9101,32053
2015-11-13 23:00,31386,22697,8689,31747
2015-11-13 22:00,31109,22497,8612,31466
2015-11-13 21:00,31059,22661,8398,31060
2015-11-13 20:00,31096,22919,8177,31039
2015-11-13 19:00,31169,22740,8429,31027
2015-11-13 18:00,31204,22993,8211,30856
2015-11-13 17:00,31192,22843,8349,30963
2015-11-13 16:00,30065,21099,8966,30881
2015-11-13 15:00,27679,19973,7706,29860
2015-11-13 14:00,25781,18475,7306,27372
2015-11-13 13:00,25083,17495,7588,25493
2015-11-13 12:00,25005,17439,7566,24689
2015-11-13 11:00,25419,17692,7727,24674
2015-11-13 10:00,26063,17714,8349,25091
2015-11-13 09:00,27121,18733,8388,25591
2015-11-13 08:00,29221,20129,9092,27064
2015-11-13 07:00,31546,21234,10312,29114
2015-11-13 06:00,33506,22962,10544,31530
2015-11-13 05:00,34713,23766,10947,33512
2015-11-13 04:00,35490,24645,10845,34724
2015-11-13 03:00,35473,24908,10565,35495
2015-11-13 02:00,33194,22784,10410,35437
2015-11-13 01:00,31777,21982,9795,32900
2015-11-13 00:00,31403,21819,9584,31923
2015-11-12 23:00,31255,21747,9508,31760
2015-11-12 22:00,31041,21813,9228,31555
2015-11-12 21:00,31063,21606,9457,31255
2015-11-12 20:00,31201,21635,9566,31284
2015-11-12 19:00,31388,21540,9848,31260
2015-11-12 18:00,31855,21476,10379,31274
2015-11-12 17:00,32107,20776,11331,31515
2015-11-12 16:00,30981,19285,11696,31436
2015-11-12 15:00,28431,18564,9867,30420
2015-11-12 14:00,26373,18076,8297,27679
2015-11-12 13:00,25531,17579,7952,25605
2015-11-12 12:00,25386,17324,8062,24791
2015-11-12 11:00,25643,17464,8179,24786
2015-11-12 10:00,26087,18073,8014,25234
2015-11-12 09:00,27160,19174,7986,25863
2015-11-12 08:00,29183,20718,8465,27177
2015-11-12 07:00,31419,21920,9499,29451
2015-11-12 06:00,33448,23061,10387,31875
2015-11-12 05:00,34637,24522,10115,33876
2015-11-12 04:00,35376,25421,9955,35106
2015-11-12 03:00,35289,25078,10211,35841
2015-11-12 02:00,32779,23199,9580,35894
2015-11-12 01:00,31228,22499,8729,32538
2015-11-12 00:00,30657,22428,8229,31573
2015-11-11 23:00,30429,22656,7773,31525
2015-11-11 22:00,30341,22455,7886,31441
2015-11-11 21:00,30470,22501,7969,31357
2015-11-11 20:00,30597,22762,7835,31379
2015-11-11 19:00,30719,22792,7927,31451
2015-11-11 18:00,30673,22499,8174,31452
2015-11-11 17:00,30624,21920,8704,31189
2015-11-11 16:00,29451,20794,8657,30382
2015-11-11 15:00,27628,19795,7833,29267
2015-11-11 14:00,26093,18508,7585,27084
2015-11-11 13:00,25412,17574,7838,25328
2015-11-11 12:00,25289,17250,8039,24432
2015-11-11 11:00,25482,17722,7760,24526
2015-11-11 10:00,25945,18376,7569,25016
2015-11-11 09:00,27207,19266,7941,25723
2015-11-11 08:00,29233,20893,8340,26762
2015-11-11 07:00,31468,22300,9168,28863
2015-11-11 06:00,33435,23573,9862,31434
2015-11-11 05:00,34650,24846,9804,33483
2015-11-11 04:00,35395,25640,9755,34624
2015-11-11 03:00,35336,25785,9551,35281
2015-11-11 02:00,32844,23878,8966,34938
2015-11-11 01:00,31217,23523,7694,32257
2015-11-11 00:00,30645,23776,6869,31276
2015-11-10 23:00,30476,23942,6534,31251
2015-11-10 22:00,30442,24263,6179,31317
2015-11-10 21:00,30547,24185,6362,31351
2015-11-10 20:00,30765,24234,6531,31584
2015-11-10 19:00,30897,23975,6922,31749
2015-11-10 18:00,31013,23130,7883,31759
2015-11-10 17:00,30924,21821,9103,31562
2015-11-10 16:00,29955,20273,9682,31005
2015-11-10 15:00,27754,18787,8967,29553
2015-11-10 14:00,25510,17741,7769,26915
2015-11-10 13:00,24668,16553,8115,25133
2015-11-10 12:00,24485,16335,8150,24378
2015-11-10 11:00,24941,16499,8442,24423
2015-11-10 10:00,25489,16829,8660,24900
2015-11-10 09:00,26528,17335,9193,25419
2015-11-10 08:00,28612,18301,10311,26572
2015-11-10 07:00,31238,19942,11296,28758
2015-11-10 06:00,33419,21631,11788,31221
2015-11-10 05:00,34868,22512,12356,33350
2015-11-10 04:00,35760,23411,12349,34652
2015-11-10 03:00,35783,23282,12501,35334
2015-11-10 02:00,33301,21187,12114,35013
2015-11-10 01:00,31891,20835,11056,32118
2015-11-10 00:00,31933,20765,11168,31289
2015-11-09 23:00,32127,20883,11244,31363
2015-11-09 22:00,32211,20574,11637,31723
2015-11-09 21:00,32337,20392,11945,31788
2015-11-09 20:00,32201,20203,11998,31988
2015-11-09 19:00,31825,19817,12008,32108
2015-11-09 18:00,31323,18829,12494,31834
2015-11-09 17:00,30760,16932,13828,31466
2015-11-09 16:00,29824,16309,13515,30756
2015-11-09 15:00,27171,16084,11087,29225
2015-11-09 14:00,24946,15458,9488,26664
2015-11-09 13:00,23900,15210,8690,24676
2015-11-09 12:00,23829,15187,8642,23862
2015-11-09 11:00,24094,15856,8238,23816
2015-11-09 10:00,24643,16657,7986,24198
2015-11-09 09:00,25305,17554,7751,24688
2015-11-09 08:00,26943,18405,8538,25365
2015-11-09 07:00,29117,19480,9637,27142
2015-11-09 06:00,31006,20539,10467,29181
2015-11-09 05:00,32173,21416,10757,30921
2015-11-09 04:00,32813,22200,10613,31923
2015-11-09 03:00,32586,22241,10345,32176
2015-11-09 02:00,29972,20919,9053,32050
2015-11-09 01:00,28269,20321,7948,28575
2015-11-09 00:00,27782,20323,7459,27275
2015-11-08 23:00,27635,20181,7454,26999
2015-11-08 22:00,27424,20004,7420,26938
2015-11-08 21:00,27245,20105,7140,26932
2015-11-08 20:00,26957,20235,6722,26927
2015-11-08 19:00,26815,19842,6973,26980
2015-11-08 18:00,26138,19584,6554,26628
2015-11-08 17:00,25366,18512,6854,25910
2015-11-08 16:00,24858,17281,7577,25072
2015-11-08 15:00,24353,16933,7420,24739
2015-11-08 14:00,23822,17234,6588,24209
2015-11-08 13:00,23555,16969,6586,23749
2015-11-08 12:00,23758,17171,6587,23633
2015-11-08 11:00,24286,16968,7318,23869
2015-11-08 10:00,24934,17519,7415,24546
2015-11-08 09:00,25817,18618,7199,25274
2015-11-08 08:00,27296,20413,6883,25766
2015-11-08 07:00,29034,21323,7711,27503
2015-11-08 06:00,30456,22247,8209,29322
2015-11-08 05:00,31479,23155,8324,30776
2015-11-08 04:00,32213,24206,8007,31760
2015-11-08 03:00,32113,24484,7629,32343
2015-11-08 02:00,29844,23615,6229,32005
2015-11-08 01:00,28450,23326,5124,29300
2015-11-08 00:00,27775,23462,4313,28074
2015-11-07 23:00,27448,23638,3810,27619
2015-11-07 22:00,27492,23561,3931,27494
2015-11-07 21:00,27759,23550,4209,27608
2015-11-07 20:00,27803,23649,4154,27698
2015-11-07 19:00,27680,23256,4424,27651
2015-11-07 18:00,27590,23203,4387,27430
2015-11-07 17:00,27140,22403,4737,26612
2015-11-07 16:00,26531,21099,5432,25822
2015-11-07 15:00,25760,19922,5838,25166
2015-11-07 14:00,25155,18282,6873,24567
2015-11-07 13:00,24821,17118,7703,23835
2015-11-07 12:00,24995,17272,7723,23591
2015-11-07 11:00,25265,17205,8060,23822
2015-11-07 10:00,25920,17634,8286,24445
2015-11-07 09:00,26989,18918,8071,25209
2015-11-07 08:00,28854,20350,8504,27037
2015-11-07 07:00,30667,21776,8891,29025
2015-11-07 06:00,32322,23331,8991,31051
2015-11-07 05:00,33532,24517,9015,32824
2015-11-07 04:00,34467,25110,9357,34012
2015-11-07 03:00,34663,24815,9848,35001
2015-11-07 02:00,32776,23249,9527,35211
2015-11-07 01:00,31671,22951,8720,32986
2015-11-07 00:00,31254,22743,8511,31971
2015-11-06 23:00,31305,22668,8637,31783
2015-11-06 22:00,31121,22803,8318,31589
2015-11-06 21:00,31240,23124,8116,31288
2015-11-06 20:00,31365,23379,7986,31341
2015-11-06 19:00,31317,23298,8019,31399
2015-11-06 18:00,31415,22827,8588,31490
2015-11-06 17:00,31260,22159,9101,31350
2015-11-06 16:00,30141,21016,9125,30994
2015-11-06 15:00,27928,20111,7817,29693
2015-11-06 14:00,26215,18830,7385,27316
2015-11-06 13:00,25268,17749,7519,25325
2015-11-06 12:00,25186,17617,7569,24583
2015-11-06 11:00,25347,18040,7307,24562
2015-11-06 10:00,25882,18372,7510,25093
2015-11-06 09:00,26798,19273,7525,25773
2015-11-06 08:00,28769,20674,8095,27313
2015-11-06 07:00,31018,22064,8954,29356
2015-11-06 06:00,33105,23531,9574,31672
2015-11-06 05:00,34471,24623,9848,33595
2015-11-06 04:00,35274,25568,9706,34748
2015-11-06 03:00,35149,24864,10285,35374
2015-11-06 02:00,32928,23504,9424,35132
2015-11-06 01:00,31730,23374,8356,32460
2015-11-06 00:00,31271,23589,7682,31572
2015-11-05 23:00,31071,23648,7423,31495
2015-11-05 22:00,30981,23617,7364,31431
2015-11-05 21:00,31074,23809,7265,31296
2015-11-05 20:00,31267,23023,8244,31447
2015-11-05 19:00,31288,23166,8122,31644
2015-11-05 18:00,31193,22847,8346,31730
2015-11-05 17:00,31035,22237,8798,31661
2015-11-05 16:00,29952,20911,9041,31369
2015-11-05 15:00,27763,19719,8044,30043
2015-11-05 14:00,25763,19061,6702,27568
2015-11-05 13:00,24826,19010,5816,25566
2015-11-05 12:00,24705,19140,5565,24795
2015-11-05 11:00,25032,19560,5472,24788
2015-11-05 10:00,25282,19215,6067,25288
2015-11-05 09:00,26391,19012,7379,25955
2015-11-05 08:00,28417,20904,7513,27333
2015-11-05 07:00,31006,21767,9239,29578
2015-11-05 06:00,33166,22859,10307,32054
2015-11-05 05:00,34320,23788,10532,34052
2015-11-05 04:00,35182,24835,10347,35239
2015-11-05 03:00,34986,25081,9905,35925
2015-11-05 02:00,32617,23896,8721,35492
2015-11-05 01:00,31243,23689,7554,32857
2015-11-05 00:00,30678,23801,6877,31737
2015-11-04 23:00,30463,23722,6741,31609
2015-11-04 22:00,30542,23700,6842,31561
2015-11-04 21:00,30600,23617,6983,31562
2015-11-04 20:00,30645,23510,7135,31803
2015-11-04 19:00,30576,23139,7437,31955
2015-11-04 18:00,30384,22724,7660,31886
2015-11-04 17:00,30391,21866,8525,31682
2015-11-04 16:00,29173,20129,9044,31205
2015-11-04 15:00,26967,19666,7301,29740
2015-11-04 14:00,25004,19047,5957,27106
2015-11-04 13:00,24351,18613,5738,25229
2015-11-04 12:00,24212,18279,5933,24463
2015-11-04 11:00,24567,18513,6054,24518
2015-11-04 10:00,24783,19054,5729,25282
2015-11-04 09:00,25936,19853,6083,25835
2015-11-04 08:00,27893,20947,6946,27172
2015-11-04 07:00,30320,22651,7669,29332
2015-11-04 06:00,32522,24231,8291,31826
2015-11-04 05:00,33912,25241,8671,33906
2015-11-04 04:00,34844,26065,8779,35163
2015-11-04 03:00,34799,26195,8604,35896
2015-11-04 02:00,32716,25272,7444,35586
2015-11-04 01:00,31517,25119,6398,33080
2015-11-04 00:00,31168,25154,6014,32065
2015-11-03 23:00,31038,25233,5805,32009
2015-11-03 22:00,30781,25056,5725,32061
2015-11-03 21:00,30661,25153,5508,32147
2015-11-03 20:00,30583,25030,5553,32259
2015-11-03 19:00,30997,24752,6245,32371
2015-11-03 18:00,30428,23792,6636,32279
2015-11-03 17:00,29742,23209,6533,31875
2015-11-03 16:00,28736,21999,6737,31186
2015-11-03 15:00,26759,20765,5994,29397
2015-11-03 14:00,24822,19431,5391,27072
2015-11-03 13:00,24054,18377,5677,25118
2015-11-03 12:00,23835,18149,5686,24382
2015-11-03 11:00,24138,18201,5937,24460
2015-11-03 10:00,24916,18767,6149,25014
2015-11-03 09:00,25889,19072,6817,25744
2015-11-03 08:00,27925,17974,9951,27077
2015-11-03 07:00,30327,19836,10491,29318
2015-11-03 06:00,32650,21112,11538,31922
2015-11-03 05:00,34206,22172,12034,34215
2015-11-03 04:00,35370,22895,12475,35676
2015-11-03 03:00,35822,23377,12445,36597
2015-11-03 02:00,33757,22200,11557,36607
2015-11-03 01:00,33102,21937,11165,34158
2015-11-03 00:00,33170,21343,11827,33222
2015-11-02 23:00,33452,21150,12302,33181
2015-11-02 22:00,33276,20594,12682,33196
2015-11-02 21:00,33233,19980,13253,33147
2015-11-02 20:00,33253,19718,13535,33083
2015-11-02 19:00,32827,19232,13595,32861
2015-11-02 18:00,31841,18019,13822,32456
2015-11-02 17:00,30976,16296,14680,31632
2015-11-02 16:00,29385,15279,14106,30668
2015-11-02 15:00,27262,15075,12187,29041
2015-11-02 14:00,25137,14870,10267,26689
2015-11-02 13:00,24184,15024,9160,24729
2015-11-02 12:00,24040,15314,8726,23968
2015-11-02 11:00,24334,16106,8228,24010
2015-11-02 10:00,24979,18390,6589,24468
2015-11-02 09:00,25695,3784,21911,25128
2015-11-02 08:00,24604,20645,3959,23097
2015-11-02 07:00,26838,23289,3549,25066
2015-11-02 06:00,28706,21717,6989,27133
2015-11-02 05:00,30040,22135,7905,28983
2015-11-02 04:00,30988,22970,8018,30330
2015-11-02 03:00,30858,24382,6476,31317
2015-11-02 02:00,28914,24416,4498,31120
2015-11-02 01:00,28101,24619,3482,28385
2015-11-02 00:00,27329,23924,3405,27253
2015-11-01 23:00,26541,23273,3268,26595
2015-11-01 22:00,25910,22733,3177,26075
2015-11-01 21:00,25262,22365,2897,25793
2015-11-01 20:00,24881,22088,2793,25333
2015-11-01 19:00,24576,21400,3176,24760
2015-11-01 18:00,23544,20693,2851,24170
2015-11-01 17:00,22359,19597,2762,23244
2015-11-01 16:00,21783,17781,4002,22134
2015-11-01 15:00,21620,17189,4431,21686
2015-11-01 14:00,21391,17476,3915,21737
2015-11-01 13:00,21226,17290,3936,21346
2015-11-01 12:00,21323,17211,4112,21327
2015-11-01 11:00,21863,17219,4644,21624
2015-11-01 10:00,22648,17714,4934,22339
2015-11-01 09:00,24823,18901,5922,22404
2015-11-01 08:00,26242,19370,6872,25639
2015-11-01 07:00,31538,21617,9921,30128
2015-11-01 06:00,30581,22877,7704,29684
2015-11-01 05:00,32057,24615,7442,31733
2015-11-01 04:00,33324,25271,8053,33223
2015-11-01 03:00,34394,26115,8279,34656
2015-11-01 02:00,34104,25572,8532,34976
2015-11-01 01:00,33831,26099,7732,33209
2015-11-01 00:00,33117,26624,6493,32647
2015-10-31 23:00,32104,26398,5706,32639
2015-10-31 22:00,31107,25699,5408,31956
2015-10-31 21:00,30412,25033,5379,31176
2015-10-31 20:00,29723,24948,4775,30685
2015-10-31 19:00,29063,24587,4476,30071
2015-10-31 18:00,28307,23920,4387,29392
2015-10-31 17:00,27352,22693,4659,28466
2015-10-31 16:00,26303,21748,4555,27377
2015-10-31 15:00,25929,21207,4722,26433
2015-10-31 14:00,25210,20695,4515,25728
2015-10-31 13:00,24644,18975,5669,24889
2015-10-31 12:00,24481,18653,5828,24417
2015-10-31 11:00,24538,18708,5830,24499
2015-10-31 10:00,25338,19254,6084,25036
2015-10-31 09:00,26477,19879,6598,25960
2015-10-31 08:00,27674,21035,6639,26963
2015-10-31 07:00,30130,23242,6888,28509
2015-10-31 06:00,32266,24778,7488,31014
2015-10-31 05:00,34220,25975,8245,33578
2015-10-31 04:00,35696,26564,9132,35511
2015-10-31 03:00,36091,26891,9200,36987
2015-10-31 02:00,35445,26563,8882,37424
2015-10-31 01:00,35354,26964,8390,36471
2015-10-31 00:00,35302,27252,8050,36796
2015-10-30 23:00,34830,27001,7829,36609
2015-10-30 22:00,34184,26961,7223,36190
2015-10-30 21:00,33586,26025,7561,35634
2015-10-30 20:00,33283,25887,7396,34830
2015-10-30 19:00,32901,25947,6954,34267
2015-10-30 18:00,32364,25532,6832,33666
2015-10-30 17:00,31740,24495,7245,32824
2015-10-30 16:00,31239,23471,7768,31826
2015-10-30 15:00,29851,22776,7075,31183
2015-10-30 14:00,27350,21655,5695,29360
2015-10-30 13:00,25489,20174,5315,26599
2015-10-30 12:00,24885,19572,5313,25152
2015-10-30 11:00,24964,19653,5311,24804
2015-10-30 10:00,25632,19976,5656,25108
2015-10-30 09:00,26538,20869,5669,25836
2015-10-30 08:00,27947,21944,6003,26792
2015-10-30 07:00,30226,23870,6356,28554
2015-10-30 06:00,32868,25187,7681,31129
2015-10-30 05:00,35092,26671,8421,33911
2015-10-30 04:00,36468,28177,8291,35950
2015-10-30 03:00,36606,28131,8475,37305
2015-10-30 02:00,35514,27758,7756,37112
2015-10-30 01:00,35327,27783,7544,35729
2015-10-30 00:00,35182,27530,7652,35938
2015-10-29 23:00,34850,27391,7459,35802
2015-10-29 22:00,34473,26994,7479,35443
2015-10-29 21:00,34113,26680,7433,35009
2015-10-29 20:00,33880,26239,7641,34527
2015-10-29 19:00,33612,25946,7666,34166
2015-10-29 18:00,33207,25316,7891,33629
2015-10-29 17:00,32603,24319,8284,32935
2015-10-29 16:00,31915,23482,8433,32129
2015-10-29 15:00,30286,22851,7435,31515
2015-10-29 14:00,27676,21626,6050,29719
2015-10-29 13:00,25772,20195,5577,26835
2015-10-29 12:00,25134,19416,5718,25332
2015-10-29 11:00,25223,19635,5588,24896
2015-10-29 10:00,25859,20266,5593,25197
2015-10-29 09:00,26860,20770,6090,25938
2015-10-29 08:00,28327,22055,6272,26971
2015-10-29 07:00,30650,23843,6807,28825
2015-10-29 06:00,33386,24893,8493,31397
2015-10-29 05:00,35533,26626,8907,34155
2015-10-29 04:00,36981,27672,9309,36261
2015-10-29 03:00,37149,28253,8896,37631
2015-10-29 02:00,35827,27101,8726,37365
2015-10-29 01:00,35535,27198,8337,36207
2015-10-29 00:00,35508,27502,8006,36446
2015-10-28 23:00,35362,27934,7428,36457
2015-10-28 22:00,35162,27732,7430,36056
2015-10-28 21:00,34837,27454,7383,35498
2015-10-28 20:00,34688,27129,7559,35121
2015-10-28 19:00,34311,27081,7230,34800
2015-10-28 18:00,33632,25571,8061,34234
2015-10-28 17:00,33026,24718,8308,33338
2015-10-28 16:00,32452,23350,9102,32447
2015-10-28 15:00,30774,22312,8462,31826
2015-10-28 14:00,27960,21505,6455,29987
2015-10-28 13:00,25933,20075,5858,27060
2015-10-28 12:00,25296,19229,6067,25517
2015-10-28 11:00,25390,19264,6126,25134
2015-10-28 10:00,26012,19828,6184,25403
2015-10-28 09:00,26811,20894,5917,26119
2015-10-28 08:00,28149,21561,6588,27076
2015-10-28 07:00,30611,22745,7866,28476
2015-10-28 06:00,33508,24335,9173,31085
2015-10-28 05:00,35757,26398,9359,34044
2015-10-28 04:00,37124,27729,9395,36164
2015-10-28 03:00,37413,28451,8962,37608
2015-10-28 02:00,36067,27908,8159,37335
2015-10-28 01:00,35596,28672,6924,36211
2015-10-28 00:00,35633,28446,7187,36436
2015-10-27 23:00,35749,27943,7806,36304
2015-10-27 22:00,35505,27439,8066,36128
2015-10-27 21:00,34935,26453,8482,35548
2015-10-27 20:00,34684,25720,8964,34725
2015-10-27 19:00,34249,25323,8926,34182
2015-10-27 18:00,33325,24016,9309,33488
2015-10-27 17:00,32378,22907,9471,32604
2015-10-27 16:00,31684,21748,9936,31683
2015-10-27 15:00,30059,21165,8894,31075
2015-10-27 14:00,27405,19306,8099,29265
2015-10-27 13:00,25514,17867,7647,26327
2015-10-27 12:00,24833,16842,7991,24828
2015-10-27 11:00,24980,17084,7896,24427
2015-10-27 10:00,25605,17653,7952,24685
2015-10-27 09:00,26524,18219,8305,25424
2015-10-27 08:00,28339,20260,8079,26530
2015-10-27 07:00,30921,22461,8460,28962
2015-10-27 06:00,33741,23727,10014,31805
2015-10-27 05:00,36207,24830,11377,34925
2015-10-27 04:00,38094,25773,12321,37199
2015-10-27 03:00,38529,25467,13062,38816
2015-10-27 02:00,37893,24766,13127,38787
2015-10-27 01:00,38007,24598,13409,37783
2015-10-27 00:00,37838,24455,13383,37938
2015-10-26 23:00,37145,24037,13108,37601
2015-10-26 22:00,36329,23652,12677,36966
2015-10-26 21:00,35385,23370,12015,36139
2015-10-26 20:00,34622,22921,11701,35127
2015-10-26 19:00,33859,22682,11177,34412
2015-10-26 18:00,32937,21888,11049,33636
2015-10-26 17:00,32035,20351,11684,32895
2015-10-26 16:00,31328,19021,12307,31931
2015-10-26 15:00,29900,18800,11100,31000
2015-10-26 14:00,27270,18576,8694,29387
2015-10-26 13:00,25310,18245,7065,26510
2015-10-26 12:00,24550,18156,6394,24937
2015-10-26 11:00,24528,18732,5796,24431
2015-10-26 10:00,24971,19495,5476,24588
2015-10-26 09:00,25517,20094,5423,25196
2015-10-26 08:00,26874,21279,5595,26058
2015-10-26 07:00,28955,22518,6437,28054
2015-10-26 06:00,31363,23419,7944,30492
2015-10-26 05:00,33395,24612,8783,32951
2015-10-26 04:00,34654,25474,9180,34891
2015-10-26 03:00,34413,26113,8300,36182
2015-10-26 02:00,32433,25781,6652,35643
2015-10-26 01:00,31504,25612,5892,34138
2015-10-26 00:00,31065,25628,5437,33692
2015-10-25 23:00,30400,25160,5240,33114
2015-10-25 22:00,29829,24938,4891,32272
2015-10-25 21:00,29654,24397,5257,31349
2015-10-25 20:00,29388,24230,5158,30443
2015-10-25 19:00,28995,23866,5129,29688
2015-10-25 18:00,28290,23038,5252,28741
2015-10-25 17:00,27218,21426,5792,27553
2015-10-25 16:00,26191,20131,6060,26386
2015-10-25 15:00,25571,19367,6204,25423
2015-10-25 14:00,24946,19253,5693,25164
2015-10-25 13:00,24557,18986,5571,24496
2015-10-25 12:00,24287,18647,5640,24242
2015-10-25 11:00,24734,18551,6183,24446
2015-10-25 10:00,25488,19068,6420,25037
2015-10-25 09:00,26588,20205,6383,25863
2015-10-25 08:00,27707,21808,5899,26956
2015-10-25 07:00,29653,23002,6651,29028
2015-10-25 06:00,31929,24076,7853,31214
2015-10-25 05:00,33673,25819,7854,33382
2015-10-25 04:00,34909,26766,8143,35080
2015-10-25 03:00,35237,27381,7856,36546
2015-10-25 02:00,34181,27511,6670,36366
2015-10-25 01:00,33940,28053,5887,35389
2015-10-25 00:00,33578,28355,5223,35344
2015-10-24 23:00,33191,28405,4786,34975
2015-10-24 22:00,32329,27982,4347,34113
2015-10-24 21:00,31531,27197,4334,33176
2015-10-24 20:00,31217,26843,4374,32258
2015-10-24 19:00,30841,26454,4387,31517
2015-10-24 18:00,29943,25366,4577,30586
2015-10-24 17:00,28854,24206,4648,29359
2015-10-24 16:00,27713,23135,4578,27887
2015-10-24 15:00,26988,22014,4974,26387
2015-10-24 14:00,25970,20564,5406,25774
2015-10-24 13:00,25381,19213,6168,24763
2015-10-24 12:00,25266,18845,6421,24277
2015-10-24 11:00,25162,19027,6135,24379
2015-10-24 10:00,25831,19657,6174,25334
2015-10-24 09:00,27043,20353,6690,26355
2015-10-24 08:00,28578,21700,6878,27559
2015-10-24 07:00,31061,22351,8710,29066
2015-10-24 06:00,33632,23794,9838,31564
2015-10-24 05:00,35548,25510,10038,33885
2015-10-24 04:00,36956,26817,10139,35438
2015-10-24 03:00,37267,26993,10274,36841
2015-10-24 02:00,36788,27109,9679,36713
2015-10-24 01:00,37195,27588,9607,36204
2015-10-24 00:00,37155,28197,8958,36583
2015-10-23 23:00,36770,27832,8938,36453
2015-10-23 22:00,36161,27381,8780,35945
2015-10-23 21:00,35080,26708,8372,35316
2015-10-23 20:00,34384,26338,8046,34534
2015-10-23 19:00,33765,25843,7922,33969
2015-10-23 18:00,33223,24975,8248,33320
2015-10-23 17:00,32463,23760,8703,32435
2015-10-23 16:00,31773,22650,9123,31469
2015-10-23 15:00,30432,21245,9187,30663
2015-10-23 14:00,27680,20077,7603,28857
2015-10-23 13:00,25808,18878,6930,26032
2015-10-23 12:00,25136,18179,6957,24736
2015-10-23 11:00,25273,18386,6887,24460
2015-10-23 10:00,25973,18663,7310,24836
2015-10-23 09:00,27056,19751,7305,25638
2015-10-23 08:00,28580,21418,7162,26749
2015-10-23 07:00,31090,23335,7755,28892
2015-10-23 06:00,33902,25320,8582,31628
2015-10-23 05:00,36177,27241,8936,34543
2015-10-23 04:00,37676,28749,8927,36657
2015-10-23 03:00,37815,28973,8842,38034
2015-10-23 02:00,37067,28677,8390,37567
2015-10-23 01:00,37262,28928,8334,36654
2015-10-23 00:00,37180,29138,8042,37020
2015-10-22 23:00,36712,28888,7824,36844
2015-10-22 22:00,36038,28172,7866,36411
2015-10-22 21:00,35153,27245,7908,35834
2015-10-22 20:00,34616,27105,7511,34908
2015-10-22 19:00,34011,26365,7646,34390
2015-10-22 18:00,33162,25432,7730,33683
2015-10-22 17:00,32420,24447,7973,32828
2015-10-22 16:00,32010,23889,8121,31958
2015-10-22 15:00,30579,23553,7026,31321
2015-10-22 14:00,27716,22324,5392,29617
2015-10-22 13:00,25761,20807,4954,26627
2015-10-22 12:00,25173,20068,5105,25092
2015-10-22 11:00,25318,19698,5620,24695
2015-10-22 10:00,25943,20077,5866,25037
2015-10-22 09:00,27026,21170,5856,25807
2015-10-22 08:00,28608,21936,6672,27053
2015-10-22 07:00,31075,23573,7502,29171
2015-10-22 06:00,33914,25305,8609,32119
2015-10-22 05:00,36346,27181,9165,35312
2015-10-22 04:00,37963,28497,9466,37504
2015-10-22 03:00,38076,28260,9816,38756
2015-10-22 02:00,37448,27737,9711,38193
2015-10-22 01:00,37777,28473,9304,37503
2015-10-22 00:00,37692,28681,9011,37852
2015-10-21 23:00,37103,28136,8967,37658
2015-10-21 22:00,36173,27986,8187,37018
2015-10-21 21:00,35107,27059,8048,36287
2015-10-21 20:00,34573,26583,7990,35371
2015-10-21 19:00,33918,26224,7694,34816
2015-10-21 18:00,33006,25489,7517,34041
2015-10-21 17:00,32076,24923,7153,33115
2015-10-21 16:00,31348,23276,8072,32165
2015-10-21 15:00,29749,22374,7375,31686
2015-10-21 14:00,26933,21147,5786,29911
2015-10-21 13:00,25035,19384,5651,26717
2015-10-21 12:00,24315,18523,5792,25182
2015-10-21 11:00,24885,18348,6537,24792
2015-10-21 10:00,25549,19082,6467,25091
2015-10-21 09:00,26664,19954,6710,25898
2015-10-21 08:00,28391,21090,7301,26956
2015-10-21 07:00,31020,23102,7918,29138
2015-10-21 06:00,33889,24261,9628,31986
2015-10-21 05:00,36029,25983,10046,35065
2015-10-21 04:00,37439,27425,10014,37246
2015-10-21 03:00,37379,27767,9612,38641
2015-10-21 02:00,36422,27295,9127,37966
2015-10-21 01:00,36409,27243,9166,37235
2015-10-21 00:00,36298,27572,8726,37484
2015-10-20 23:00,35747,27260,8487,37296
2015-10-20 22:00,35227,27517,7710,36642
2015-10-20 21:00,34444,26780,7664,35839
2015-10-20 20:00,33956,26996,6960,34918
2015-10-20 19:00,33398,26685,6713,34339
2015-10-20 18:00,32651,25939,6712,33645
2015-10-20 17:00,32134,25240,6894,32790
2015-10-20 16:00,31469,23451,8018,31884
2015-10-20 15:00,30251,22013,8238,31138
2015-10-20 14:00,27663,20341,7322,29496
2015-10-20 13:00,25916,18819,7097,26484
2015-10-20 12:00,25242,18286,6956,25036
2015-10-20 11:00,24954,18657,6297,24620
2015-10-20 10:00,25587,18817,6770,24945
2015-10-20 09:00,26546,19299,7247,25704
2015-10-20 08:00,27745,20800,6945,26788
2015-10-20 07:00,30256,22472,7784,29424
2015-10-20 06:00,33061,23748,9313,32285
2015-10-20 05:00,35331,25453,9878,35519
2015-10-20 04:00,36723,26508,10215,37843
2015-10-20 03:00,36503,25738,10765,39414
2015-10-20 02:00,35483,25065,10418,37670
2015-10-20 01:00,35386,25475,9911,37343
2015-10-20 00:00,35366,25026,10340,37521
2015-10-19 23:00,35227,24492,10735,37183
2015-10-19 22:00,35170,23920,11250,36555
2015-10-19 21:00,34755,23003,11752,35872
2015-10-19 20:00,34641,22135,12506,35188
2015-10-19 19:00,34334,21861,12473,34834
2015-10-19 18:00,33601,21173,12428,34329
2015-10-19 17:00,32624,20004,12620,33491
2015-10-19 16:00,31781,19532,12249,32501
2015-10-19 15:00,30398,18698,11700,31483
2015-10-19 14:00,27562,18366,9196,29747
2015-10-19 13:00,25418,18123,7295,26672
2015-10-19 12:00,24844,18370,6474,25128
2015-10-19 11:00,24965,18649,6316,24629
2015-10-19 10:00,25281,19254,6027,24856
2015-10-19 09:00,25969,20308,5661,25522
2015-10-19 08:00,27508,21164,6344,26467
2015-10-19 07:00,29575,23287,6288,28529
2015-10-19 06:00,31934,24283,7651,31068
2015-10-19 05:00,33871,25322,8549,33771
2015-10-19 04:00,34793,27015,7778,35767
2015-10-19 03:00,34368,26882,7486,37050
2015-10-19 02:00,32934,26313,6621,35986
2015-10-19 01:00,32360,27147,5213,34784
2015-10-19 00:00,31839,27400,4439,34401
2015-10-18 23:00,31431,27096,4335,33848
2015-10-18 22:00,30984,26514,4470,33043
2015-10-18 21:00,30469,25797,4672,32144
2015-10-18 20:00,29854,25342,4512,31336
2015-10-18 19:00,29350,24636,4714,30570
2015-10-18 18:00,28844,23864,4980,29610
2015-10-18 17:00,27861,22412,5449,28371
2015-10-18 16:00,26964,20727,6237,26899
2015-10-18 15:00,26465,20020,6445,25558
2015-10-18 14:00,25687,20179,5508,25508
2015-10-18 13:00,25333,19917,5416,24808
2015-10-18 12:00,25418,19913,5505,24624
2015-10-18 11:00,25810,20420,5390,24892
2015-10-18 10:00,26633,21340,5293,25595
2015-10-18 09:00,27863,22339,5524,26632
2015-10-18 08:00,29355,23665,5690,28152
2015-10-18 07:00,31340,25262,6078,30022
2015-10-18 06:00,33527,26361,7166,32281
2015-10-18 05:00,35174,29445,5729,34538
2015-10-18 04:00,36347,30392,5955,36150
2015-10-18 03:00,36348,30470,5878,37560
2015-10-18 02:00,35693,30753,4940,37125
2015-10-18 01:00,35988,31572,4416,36587
2015-10-18 00:00,36050,31916,4134,36742
2015-10-17 23:00,35305,31387,3918,36411
2015-10-17 22:00,34480,31005,3475,35735
2015-10-17 21:00,33902,29519,4383,34889
2015-10-17 20:00,33400,29163,4237,34123
2015-10-17 19:00,32674,28431,4243,33360
2015-10-17 18:00,31599,27708,3891,33035
2015-10-17 17:00,30170,26709,3461,31277
2015-10-17 16:00,28649,25319,3330,29874
2015-10-17 15:00,27837,24041,3796,28239
2015-10-17 14:00,26723,22843,3880,27650
2015-10-17 13:00,26195,21607,4588,26607
2015-10-17 12:00,26158,21001,5157,26206
2015-10-17 11:00,26632,21014,5618,26359
2015-10-17 10:00,27822,21551,6271,27021
2015-10-17 09:00,29169,22387,6782,28102
2015-10-17 08:00,30780,23219,7561,29578
2015-10-17 07:00,33281,25221,8060,31331
2015-10-17 06:00,35898,28068,7830,33993
2015-10-17 05:00,37885,30044,7841,36748
2015-10-17 04:00,39431,31639,7792,38911
2015-10-17 03:00,39866,31708,8158,40651
2015-10-17 02:00,39824,32268,7556,40698
2015-10-17 01:00,40435,33444,6991,41074
2015-10-17 00:00,40504,34237,6267,42061
2015-10-16 23:00,40111,33735,6376,42394
2015-10-16 22:00,39395,32749,6646,41593
2015-10-16 21:00,38344,31540,6804,40570
2015-10-16 20:00,37736,30488,7248,39238
2015-10-16 19:00,37096,29756,7340,38314
2015-10-16 18:00,36262,28411,7851,37133
2015-10-16 17:00,35292,27331,7961,35925
2015-10-16 16:00,34263,25628,8635,34542
2015-10-16 15:00,32533,24211,8322,33400
2015-10-16 14:00,29486,22693,6793,31850
2015-10-16 13:00,27607,21535,6072,28810
2015-10-16 12:00,26897,21015,5882,27493
2015-10-16 11:00,27083,20954,6129,27186
2015-10-16 10:00,27892,21364,6528,27789
2015-10-16 09:00,29171,22508,6663,28807
2015-10-16 08:00,31270,24103,7167,30421
2015-10-16 07:00,34016,27258,6758,32890
2015-10-16 06:00,37262,30366,6896,35965
2015-10-16 05:00,39873,33822,6051,39268
2015-10-16 04:00,41573,35876,5697,41880
2015-10-16 03:00,41903,36209,5694,43570
2015-10-16 02:00,41872,37049,4823,43620
2015-10-16 01:00,42950,38177,4773,44289
2015-10-16 00:00,43308,38461,4847,45233
2015-10-15 23:00,43045,37150,5895,45134
2015-10-15 22:00,42177,36153,6024,44196
2015-10-15 21:00,40839,34100,6739,42710
2015-10-15 20:00,40061,32383,7678,41208
2015-10-15 19:00,38994,30924,8070,40208
2015-10-15 18:00,37934,29510,8424,38939
2015-10-15 17:00,36717,28031,8686,37575
2015-10-15 16:00,35534,26238,9296,36168
2015-10-15 15:00,33831,24733,9098,34850
2015-10-15 14:00,30860,22834,8026,33320
2015-10-15 13:00,28924,21835,7089,30222
2015-10-15 12:00,28264,21325,6939,28673
2015-10-15 11:00,28421,21558,6863,28376
2015-10-15 10:00,29106,22499,6607,28919
2015-10-15 09:00,30689,23584,7105,30025
2015-10-15 08:00,32963,24825,8138,31809
2015-10-15 07:00,36460,27030,9430,32441
2015-10-15 06:00,40433,30439,9994,35859
2015-10-15 05:00,43569,33744,9825,39624
2015-10-15 04:00,45754,36429,9325,42563
2015-10-15 03:00,46252,37734,8518,44662
2015-10-15 02:00,46754,39048,7706,44701
2015-10-15 01:00,47778,40294,7484,45264
2015-10-15 00:00,47809,40168,7641,46079
2015-10-14 23:00,46926,38647,8279,45987
2015-10-14 22:00,45834,36762,9072,45073
2015-10-14 21:00,44132,34469,9663,43872
2015-10-14 20:00,42584,32161,10423,42055
2015-10-14 19:00,41012,30445,10567,40586
2015-10-14 18:00,39124,28344,10780,39032
2015-10-14 17:00,37478,26148,11330,37334
2015-10-14 16:00,35905,24524,11381,35713
2015-10-14 15:00,34217,22730,11487,34447
2015-10-14 14:00,31391,21232,10159,32643
2015-10-14 13:00,29392,19840,9552,29431
2015-10-14 12:00,28839,19503,9336,27873
2015-10-14 11:00,29235,19677,9558,27565
2015-10-14 10:00,30268,20421,9847,28079
2015-10-14 09:00,31959,21826,10133,29265
2015-10-14 08:00,34469,24530,9939,31003
2015-10-14 07:00,38097,27527,10570,33781
2015-10-14 06:00,42275,31209,11066,37338
2015-10-14 05:00,45761,34436,11325,41521
2015-10-14 04:00,48205,36606,11599,44708
2015-10-14 03:00,49066,36901,12165,47229
2015-10-14 02:00,50132,37657,12475,47559
2015-10-14 01:00,51510,38311,13199,48573
2015-10-14 00:00,51457,37934,13523,49344
2015-10-13 23:00,50303,36327,13976,48965
2015-10-13 22:00,48605,35758,12847,47791
2015-10-13 21:00,46357,33208,13149,46149
2015-10-13 20:00,44278,30852,13426,43989
2015-10-13 19:00,42169,29171,12998,42177
2015-10-13 18:00,40213,27853,12360,40151
2015-10-13 17:00,38059,25646,12413,38146
2015-10-13 16:00,36187,23534,12653,36195
2015-10-13 15:00,34322,22079,12243,34652
2015-10-13 14:00,31386,21065,10321,32761
2015-10-13 13:00,29555,19759,9796,29744
2015-10-13 12:00,28988,19135,9853,28203
2015-10-13 11:00,29402,19418,9984,27919
2015-10-13 10:00,30405,19848,10557,28485
2015-10-13 09:00,32056,20726,11330,29681
2015-10-13 08:00,34386,21678,12708,31310
2015-10-13 07:00,37822,24804,13018,33438
2015-10-13 06:00,41872,27910,13962,37002
2015-10-13 05:00,45194,31071,14123,40993
2015-10-13 04:00,47473,32654,14819,44190
2015-10-13 03:00,48023,33006,15017,46608
2015-10-13 02:00,48334,33943,14391,46747
2015-10-13 01:00,48781,34135,14646,47313
2015-10-13 00:00,48497,34259,14238,47804
2015-10-12 23:00,47406,32688,14718,47122
2015-10-12 22:00,46696,31200,15496,45873
2015-10-12 21:00,43460,28859,14601,44126
2015-10-12 20:00,41498,27281,14217,42156
2015-10-12 19:00,39559,25397,14162,40420
2015-10-12 18:00,37645,23288,14357,38519
2015-10-12 17:00,35689,20976,14713,36450
2015-10-12 16:00,33872,18810,15062,34435
2015-10-12 15:00,32098,18004,14094,32647
2015-10-12 14:00,29431,17747,11684,30967
2015-10-12 13:00,27512,17609,9903,28402
2015-10-12 12:00,26834,17869,8965,26825
2015-10-12 11:00,27190,18598,8592,26468
2015-10-12 10:00,28078,19654,8424,26908
2015-10-12 09:00,29493,21010,8483,27898
2015-10-12 08:00,31698,22937,8761,29127
2015-10-12 07:00,34951,25237,9714,31814
2015-10-12 06:00,38357,27670,10687,34909
2015-10-12 05:00,41296,29649,11647,38339
2015-10-12 04:00,43356,31865,11491,40965
2015-10-12 03:00,43768,32737,11031,42954
2015-10-12 02:00,44212,33850,10362,42775
2015-10-12 01:00,44518,34643,9875,42768
2015-10-12 00:00,43882,34383,9499,42666
2015-10-11 23:00,42435,33312,9123,41933
2015-10-11 22:00,40567,31937,8630,40618
2015-10-11 21:00,38367,29834,8533,38985
2015-10-11 20:00,35936,28846,7090,37115
2015-10-11 19:00,33468,27105,6363,35251
2015-10-11 18:00,31057,24871,6186,33232
2015-10-11 17:00,28985,22751,6234,31084
2015-10-11 16:00,27214,20526,6688,29045
2015-10-11 15:00,26912,19465,7447,27272
2015-10-11 14:00,26491,19310,7181,26998
2015-10-11 13:00,26325,19101,7224,26457
2015-10-11 12:00,26578,19242,7336,26219
2015-10-11 11:00,27388,19787,7601,26506
2015-10-11 10:00,28705,20681,8024,27294
2015-10-11 09:00,30404,22064,8340,28518
2015-10-11 08:00,32678,24693,7985,30400
2015-10-11 07:00,35444,26735,8709,32481
2015-10-11 06:00,38544,29455,9089,35268
2015-10-11 05:00,41065,32109,8956,38259
2015-10-11 04:00,43187,34546,8641,40664
2015-10-11 03:00,43950,36060,7890,42353
2015-10-11 02:00,44845,37453,7392,42637
2015-10-11 01:00,45591,38664,6927,43638
2015-10-11 00:00,45332,38859,6473,43913
2015-10-10 23:00,44175,37424,6751,43193
2015-10-10 22:00,42472,35758,6714,41835
2015-10-10 21:00,40495,33740,6755,40116
2015-10-10 20:00,38368,31784,6584,38297
2015-10-10 19:00,36113,29813,6300,36386
2015-10-10 18:00,33796,27674,6122,34461
2015-10-10 17:00,31431,25381,6050,32362
2015-10-10 16:00,29459,23230,6229,30194
2015-10-10 15:00,28528,22023,6505,28311
2015-10-10 14:00,27739,20968,6771,27686
2015-10-10 13:00,27212,20183,7029,26966
2015-10-10 12:00,27305,19374,7931,26632
2015-10-10 11:00,28091,19612,8479,26882
2015-10-10 10:00,29390,20191,9199,27701
2015-10-10 09:00,31271,21333,9938,28960
2015-10-10 08:00,33781,22577,11204,30949
2015-10-10 07:00,37086,24995,12091,33694
2015-10-10 06:00,40665,28216,12449,37065
2015-10-10 05:00,43668,30778,12890,40582
2015-10-10 04:00,46083,32705,13378,43492
2015-10-10 03:00,47186,33138,14048,45671
2015-10-10 02:00,48760,33646,15114,46086
2015-10-10 01:00,49921,34346,15575,47086
2015-10-10 00:00,49604,34473,15131,47871
2015-10-09 23:00,48233,33567,14666,47512
2015-10-09 22:00,46188,32156,14032,46346
2015-10-09 21:00,43854,30314,13540,44717
2015-10-09 20:00,41454,29272,12182,42619
2015-10-09 19:00,39164,28102,11062,40763
2015-10-09 18:00,36873,26026,10847,38707
2015-10-09 17:00,34818,24384,10434,36503
2015-10-09 16:00,33035,22849,10186,34489
2015-10-09 15:00,31583,21701,9882,32848
2015-10-09 14:00,29180,20544,8636,31085
2015-10-09 13:00,27357,19323,8034,28473
2015-10-09 12:00,26800,18792,8008,27068
2015-10-09 11:00,27145,19188,7957,26824
2015-10-09 10:00,28137,19686,8451,27382
2015-10-09 09:00,29662,20405,9257,28431
2015-10-09 08:00,31790,21935,9855,29852
2015-10-09 07:00,34919,23359,11560,31535
2015-10-09 06:00,38549,25778,12771,34742
2015-10-09 05:00,41607,27870,13737,38402
2015-10-09 04:00,43541,29301,14240,41111
2015-10-09 03:00,43645,29224,14421,42851
2015-10-09 02:00,44314,29379,14935,42446
2015-10-09 01:00,45270,30158,15112,42950
2015-10-09 00:00,44922,30660,14262,43458
2015-10-08 23:00,43685,29978,13707,43061
2015-10-08 22:00,41996,29035,12961,41994
2015-10-08 21:00,40107,27844,12263,40685
2015-10-08 20:00,38491,27131,11360,39012
2015-10-08 19:00,36789,26257,10532,37734
2015-10-08 18:00,35156,25050,10106,36313
2015-10-08 17:00,33712,23711,10001,34786
2015-10-08 16:00,32465,22058,10407,33372
2015-10-08 15:00,31122,20921,10201,32303
2015-10-08 14:00,28508,19494,9014,30490
2015-10-08 13:00,26457,18946,7511,27716
2015-10-08 12:00,25712,18219,7493,26243
2015-10-08 11:00,25933,18406,7527,25878
2015-10-08 10:00,26769,18924,7845,26321
2015-10-08 09:00,27976,19607,8369,27270
2015-10-08 08:00,29881,20353,9528,28368
2015-10-08 07:00,32573,22567,10006,30039
2015-10-08 06:00,35921,24649,11272,33000
2015-10-08 05:00,38533,26655,11878,36364
2015-10-08 04:00,40140,27582,12558,38662
2015-10-08 03:00,39814,27308,12506,39944
2015-10-08 02:00,39802,27407,12395,39075
2015-10-08 01:00,40390,27849,12541,39256
2015-10-08 00:00,40225,27622,12603,39646
2015-10-07 23:00,39401,27448,11953,39335
2015-10-07 22:00,38226,26833,11393,38513
2015-10-07 21:00,36910,26109,10801,37680
2015-10-07 20:00,35909,25699,10210,36465
2015-10-07 19:00,34883,25330,9553,35597
2015-10-07 18:00,33824,24553,9271,34400
2015-10-07 17:00,32793,23328,9465,33256
2015-10-07 16:00,31690,21867,9823,32202
2015-10-07 15:00,30151,20862,9289,31283
2015-10-07 14:00,27865,19145,8720,29508
2015-10-07 13:00,26197,18115,8082,26888
2015-10-07 12:00,25456,18028,7428,25470
2015-10-07 11:00,25623,17976,7647,25103
2015-10-07 10:00,26298,18453,7845,25426
2015-10-07 09:00,27348,19087,8261,26255
2015-10-07 08:00,28628,20202,8426,27315
2015-10-07 07:00,31263,22423,8840,28937
2015-10-07 06:00,34353,24693,9660,31782
2015-10-07 05:00,36744,26331,10413,34965
2015-10-07 04:00,38157,27547,10610,37243
2015-10-07 03:00,37567,26572,10995,38371
2015-10-07 02:00,37180,25944,11236,37147
2015-10-07 01:00,37354,26442,10912,37201
2015-10-07 00:00,37155,26369,10786,37524
2015-10-06 23:00,36647,26222,10425,37348
2015-10-06 22:00,35929,26215,9714,36676
2015-10-06 21:00,35004,26069,8935,35977
2015-10-06 20:00,34467,25861,8606,35046
2015-10-06 19:00,33792,25093,8699,34419
2015-10-06 18:00,32958,24496,8462,33657
2015-10-06 17:00,31996,22870,9126,32739
2015-10-06 16:00,31077,21489,9588,31793
2015-10-06 15:00,29840,19954,9886,30896
2015-10-06 14:00,27263,19028,8235,29225
2015-10-06 13:00,25412,18121,7291,26340
2015-10-06 12:00,24728,17507,7221,25042
2015-10-06 11:00,24847,17667,7180,24635
2015-10-06 10:00,25444,17727,7717,24933
2015-10-06 09:00,26483,18101,8382,25638
2015-10-06 08:00,28134,19084,9050,26635
2015-10-06 07:00,30677,20275,10402,28585
2015-10-06 06:00,33561,21886,11675,31410
2015-10-06 05:00,35784,23501,12283,34492
2015-10-06 04:00,37082,24161,12921,36716
2015-10-06 03:00,36339,23150,13189,37746
2015-10-06 02:00,35616,4763,30853,36351
2015-10-06 01:00,35596,4629,30967,36113
2015-10-06 00:00,35498,4368,31130,36402
2015-10-05 23:00,35259,4329,30930,36271
2015-10-05 22:00,34858,4296,30562,35878
2015-10-05 21:00,34396,4159,30237,35348
2015-10-05 20:00,33974,4090,29884,34675
2015-10-05 19:00,33529,20054,13475,34301
2015-10-05 18:00,32748,20002,12746,33720
2015-10-05 17:00,31841,19123,12718,32887
2015-10-05 16:00,30765,17288,13477,31863
2015-10-05 15:00,29196,16878,12318,30972
2015-10-05 14:00,26638,16779,9859,29005
2015-10-05 13:00,24914,16685,8229,25991
2015-10-05 12:00,24167,16923,7244,24628
2015-10-05 11:00,24131,17278,6853,24095
2015-10-05 10:00,24573,17784,6789,24244
2015-10-05 09:00,25329,18686,6643,24801
2015-10-05 08:00,26682,19968,6714,25565
2015-10-05 07:00,28823,21223,7600,27352
2015-10-05 06:00,31161,22626,8535,29537
2015-10-05 05:00,32834,23914,8920,32064
2015-10-05 04:00,33674,25383,8291,33922
2015-10-05 03:00,32460,25481,6979,34715
2015-10-05 02:00,32480,26285,6195,32783
2015-10-05 01:00,31643,27301,4342,32075
2015-10-05 00:00,31220,27293,3927,31692
2015-10-04 23:00,30760,26549,4211,31267
2015-10-04 22:00,30175,25560,4615,30696
2015-10-04 21:00,29684,24851,4833,30170
2015-10-04 20:00,29219,24252,4967,29690
2015-10-04 19:00,28866,23605,5261,29231
2015-10-04 18:00,27676,22627,5049,28656
2015-10-04 17:00,26814,20912,5902,27679
2015-10-04 16:00,25717,18792,6925,26485
2015-10-04 15:00,25292,17627,7665,25358
2015-10-04 14:00,24983,17737,7246,25167
2015-10-04 13:00,24791,18089,6702,24639
2015-10-04 12:00,24944,18090,6854,24453
2015-10-04 11:00,25695,18543,7152,24563
2015-10-04 10:00,26169,19202,6967,25106
2015-10-04 09:00,27259,19631,7628,25926
2015-10-04 08:00,28770,21580,7190,27380
2015-10-04 07:00,30685,23498,7187,29451
2015-10-04 06:00,33057,24538,8519,31730
2015-10-04 05:00,34722,26729,7993,34119
2015-10-04 04:00,35836,27210,8626,35921
2015-10-04 03:00,35395,27631,7764,37025
2015-10-04 02:00,35803,28891,6912,35979
2015-10-04 01:00,36124,30190,5934,36081
2015-10-04 00:00,36002,30243,5759,36209
2015-10-03 23:00,34983,29856,5127,35762
2015-10-03 22:00,34257,29030,5227,35067
2015-10-03 21:00,33571,28179,5392,33994
2015-10-03 20:00,32733,27116,5617,33085
2015-10-03 19:00,31833,26722,5111,32209
2015-10-03 18:00,30741,25625,5116,31240
2015-10-03 17:00,29286,24095,5191,30011
2015-10-03 16:00,27536,22085,5451,28545
2015-10-03 15:00,26800,20830,5970,26932
2015-10-03 14:00,25910,20328,5582,26428
2015-10-03 13:00,25570,20086,5484,25731
2015-10-03 12:00,25867,19789,6078,25359
2015-10-03 11:00,26341,20002,6339,25468
2015-10-03 10:00,27090,20531,6559,26129
2015-10-03 09:00,28513,21509,7004,27202
2015-10-03 08:00,30359,22394,7965,28607
2015-10-03 07:00,32893,24758,8135,30820
2015-10-03 06:00,35579,26675,8904,33489
2015-10-03 05:00,37767,29259,8508,36249
2015-10-03 04:00,39282,30216,9066,38397
2015-10-03 03:00,39249,30584,8665,39844
2015-10-03 02:00,39988,31761,8227,39297
2015-10-03 01:00,40765,32546,8219,40083
2015-10-03 00:00,41007,32760,8247,40739
2015-10-02 23:00,40301,32367,7934,40544
2015-10-02 22:00,39392,31583,7809,39773
2015-10-02 21:00,38195,30431,7764,38760
2015-10-02 20:00,37336,28847,8489,37491
2015-10-02 19:00,36456,28723,7733,36639
2015-10-02 18:00,35356,27424,7932,35611
2015-10-02 17:00,34074,25213,8861,34367
2015-10-02 16:00,32490,23645,8845,33114
2015-10-02 15:00,31281,22360,8921,31938
2015-10-02 14:00,28647,21334,7313,30546
2015-10-02 13:00,27129,20793,6336,28029
2015-10-02 12:00,26599,20472,6127,26732
2015-10-02 11:00,26870,20947,5923,26412
2015-10-02 10:00,27354,21062,6292,26882
2015-10-02 09:00,28729,21402,7327,27791
2015-10-02 08:00,30462,22211,8251,29108
2015-10-02 07:00,33170,25012,8158,31281
2015-10-02 06:00,36643,27873,8770,34435
2015-10-02 05:00,39288,30460,8828,37865
2015-10-02 04:00,40799,32163,8636,40532
2015-10-02 03:00,40405,32340,8065,41949
2015-10-02 02:00,40916,33009,7907,41249
2015-10-02 01:00,41642,33955,7687,42111
2015-10-02 00:00,41585,34185,7400,42844
2015-10-01 23:00,41048,33113,7935,42573
2015-10-01 22:00,40298,31945,8353,41837
2015-10-01 21:00,39236,30484,8752,40814
2015-10-01 20:00,38397,29158,9239,39471
2015-10-01 19:00,37536,28536,9000,38337
2015-10-01 18:00,36226,27147,9079,37104
2015-10-01 17:00,34864,25124,9740,35589
2015-10-01 16:00,33332,22996,10336,34167
2015-10-01 15:00,31694,22157,9537,32885
2015-10-01 14:00,29130,21483,7647,31276
2015-10-01 13:00,27247,21102,6145,28326
2015-10-01 12:00,26590,20211,6379,26923
2015-10-01 11:00,26930,20345,6585,26582
2015-10-01 10:00,27871,21334,6537,26985
2015-10-01 09:00,29205,22329,6876,27930
2015-10-01 08:00,31217,22659,8558,29428
2015-10-01 07:00,34171,25202,8969,31400
2015-10-01 06:00,37879,27913,9966,34682
2015-10-01 05:00,40762,30486,10276,38300
2015-10-01 04:00,42349,32495,9854,41179
2015-10-01 03:00,42271,32224,10047,42630
2015-10-01 02:00,42842,33283,9559,42291
2015-10-01 01:00,43545,34376,9169,43387
2015-10-01 00:00,43417,34230,9187,43842
2015-09-30 23:00,42568,33426,9142,44074
2015-09-30 22:00,41264,32874,8390,42772
2015-09-30 21:00,39684,31392,8292,41206
2015-09-30 20:00,38483,30408,8075,39429
2015-09-30 19:00,37201,29829,7372,38295
2015-09-30 18:00,35764,28294,7470,37016
2015-09-30 17:00,34271,26520,7751,35560
2015-09-30 16:00,32870,24303,8567,34019
2015-09-30 15:00,31366,22845,8521,32632
2015-09-30 14:00,29153,21993,7160,30996
2015-09-30 13:00,27320,21334,5986,28242
2015-09-30 12:00,26342,20810,5532,26763
2015-09-30 11:00,26601,21091,5510,26488
2015-09-30 10:00,27523,21688,5835,26912
2015-09-30 09:00,28841,22318,6523,27879
2015-09-30 08:00,30674,23764,6910,29659
2015-09-30 07:00,33646,26323,7323,32531
2015-09-30 06:00,37263,29860,7403,35891
2015-09-30 05:00,40124,32650,7474,39649
2015-09-30 04:00,41878,34473,7405,42685
2015-09-30 03:00,41734,34991,6743,44271
2015-09-30 02:00,42434,36406,6028,44258
2015-09-30 01:00,43182,37921,5261,45368
2015-09-30 00:00,42879,37814,5065,45849
2015-09-29 23:00,42095,36774,5321,45130
2015-09-29 22:00,40954,35154,5800,43989
2015-09-29 21:00,39568,33500,6068,42465
2015-09-29 20:00,38455,31956,6499,40769
2015-09-29 19:00,37282,30310,6972,39571
2015-09-29 18:00,35696,28388,7308,38178
2015-09-29 17:00,34244,26767,7477,36534
2015-09-29 16:00,32829,24753,8076,34814
2015-09-29 15:00,31525,23577,7948,33170
2015-09-29 14:00,29304,21926,7378,31507
2015-09-29 13:00,27631,20911,6720,28747
2015-09-29 12:00,27059,20383,6676,27260
2015-09-29 11:00,27414,20428,6986,26940
2015-09-29 10:00,28216,20900,7316,27463
2015-09-29 09:00,29316,21826,7490,28454
2015-09-29 08:00,31484,22862,8622,29931
2015-09-29 07:00,34695,25428,9267,32512
2015-09-29 06:00,38579,28229,10350,35865
2015-09-29 05:00,41912,30509,11403,39793
2015-09-29 04:00,43953,32882,11071,42860
2015-09-29 03:00,44219,33013,11206,44441
2015-09-29 02:00,45406,33963,11443,44699
2015-09-29 01:00,46802,34753,12049,45932
2015-09-29 00:00,46733,34667,12066,46495
2015-09-28 23:00,45713,33924,11789,45824
2015-09-28 22:00,44149,32335,11814,44547
2015-09-28 21:00,42409,30281,12128,43001
2015-09-28 20:00,40776,28550,12226,41244
2015-09-28 19:00,39253,26902,12351,39913
2015-09-28 18:00,37392,25225,12167,38374
2015-09-28 17:00,35667,23010,12657,36580
2015-09-28 16:00,34028,20787,13241,34680
2015-09-28 15:00,32313,19718,12595,32805
2015-09-28 14:00,29820,19642,10178,30981
2015-09-28 13:00,28153,19651,8502,28357
2015-09-28 12:00,27424,20148,7276,26998
2015-09-28 11:00,27732,20301,7431,26656
2015-09-28 10:00,28532,21664,6868,27133
2015-09-28 09:00,29743,22409,7334,28046
2015-09-28 08:00,31435,24183,7252,29593
2015-09-28 07:00,34516,26422,8094,32425
2015-09-28 06:00,38050,28721,9329,35929
2015-09-28 05:00,40939,31039,9900,40195
2015-09-28 04:00,42732,33615,9117,42193
2015-09-28 03:00,42941,34406,8535,43551
2015-09-28 02:00,43560,35975,7585,43612
2015-09-28 01:00,43997,36959,7038,44230
2015-09-28 00:00,43681,36792,6889,44172
2015-09-27 23:00,42585,35910,6675,43400
2015-09-27 22:00,40650,34407,6243,41833
2015-09-27 21:00,38323,32143,6180,39785
2015-09-27 20:00,36318,29775,6543,37659
2015-09-27 19:00,34341,27620,6721,35480
2015-09-27 18:00,32020,25457,6563,33212
2015-09-27 17:00,29990,23503,6487,30940
2015-09-27 16:00,28253,20988,7265,28852
2015-09-27 15:00,27752,19935,7817,27131
2015-09-27 14:00,27433,19917,7516,27330
2015-09-27 13:00,27246,19747,7499,26877
2015-09-27 12:00,27576,19739,7837,26960
2015-09-27 11:00,28070,20316,7754,27380
2015-09-27 10:00,29364,21458,7906,28284
2015-09-27 09:00,31142,23761,7381,29601
2015-09-27 08:00,33539,25114,8425,31625
2015-09-27 07:00,36535,27738,8797,34587
2015-09-27 06:00,39612,31310,8302,37945
2015-09-27 05:00,42437,33874,8563,40987
2015-09-27 04:00,44605,36089,8516,43874
2015-09-27 03:00,45489,38413,7076,45874
2015-09-27 02:00,46944,40791,6153,46283
2015-09-27 01:00,47915,42653,5262,47855
2015-09-27 00:00,47652,43043,4609,48312
2015-09-26 23:00,46579,41256,5323,47445
2015-09-26 22:00,44717,39448,5269,45768
2015-09-26 21:00,42499,36866,5633,43596
2015-09-26 20:00,40089,34326,5763,41141
2015-09-26 19:00,37544,32111,5433,38638
2015-09-26 18:00,35039,29575,5464,36369
2015-09-26 17:00,32689,27296,5393,34121
2015-09-26 16:00,30548,25193,5355,31730
2015-09-26 15:00,29756,24348,5408,29722
2015-09-26 14:00,28872,22092,6780,29177
2015-09-26 13:00,28486,21190,7296,28343
2015-09-26 12:00,28710,20569,8141,28238
2015-09-26 11:00,29476,21028,8448,28790
2015-09-26 10:00,30548,21954,8594,29462
2015-09-26 09:00,32514,22703,9811,30936
2015-09-26 08:00,35275,24731,10544,33019
2015-09-26 07:00,38528,27912,10616,36213
2015-09-26 06:00,42184,30926,11258,39918
2015-09-26 05:00,45398,34352,11046,43831
2015-09-26 04:00,47418,36525,10893,47053
2015-09-26 03:00,48277,37230,11047,49133
2015-09-26 02:00,50251,38950,11301,50135
2015-09-26 01:00,51853,40607,11246,51931
2015-09-26 00:00,52027,39836,12191,52702
2015-09-25 23:00,50803,37926,12877,52038
2015-09-25 22:00,48871,36131,12740,50520
2015-09-25 21:00,46225,34135,12090,48441
2015-09-25 20:00,43953,31597,12356,45832
2015-09-25 19:00,41585,29987,11598,43657
2015-09-25 18:00,39167,28189,10978,41296
2015-09-25 17:00,36784,26182,10602,39139
2015-09-25 16:00,34725,23948,10777,36466
2015-09-25 15:00,32887,22801,10086,34133
2015-09-25 14:00,30411,21886,8525,32056
2015-09-25 13:00,28906,21467,7439,29694
2015-09-25 12:00,28393,20869,7524,28510
2015-09-25 11:00,28840,20943,7897,28330
2015-09-25 10:00,29892,21873,8019,29030
2015-09-25 09:00,31525,22947,8578,30262
2015-09-25 08:00,34197,24420,9777,32110
2015-09-25 07:00,37946,26470,11476,34675
2015-09-25 06:00,42179,29406,12773,38564
2015-09-25 05:00,45826,31680,14146,42898
2015-09-25 04:00,47789,33876,13913,46263
2015-09-25 03:00,48387,34489,13898,47873
2015-09-25 02:00,49987,35800,14187,48274
2015-09-25 01:00,51272,36455,14817,49731
2015-09-25 00:00,50534,35758,14776,50258
2015-09-24 23:00,48790,34511,14279,49509
2015-09-24 22:00,46765,33167,13598,48099
2015-09-24 21:00,44922,31280,13642,45945
2015-09-24 20:00,42335,29802,12533,43591
2015-09-24 19:00,40150,28732,11418,41644
2015-09-24 18:00,37961,27505,10456,39580
2015-09-24 17:00,35826,26151,9675,37423
2015-09-24 16:00,33990,23651,10339,35656
2015-09-24 15:00,32552,22336,10216,33517
2015-09-24 14:00,30181,21932,8249,31889
2015-09-24 13:00,28540,20866,7674,29343
2015-09-24 12:00,27924,20143,7781,28075
2015-09-24 11:00,28260,20691,7569,27813
2015-09-24 10:00,29209,21779,7430,28389
2015-09-24 09:00,30716,22879,7837,29471
2015-09-24 08:00,32791,23302,9489,31083
2015-09-24 07:00,36042,25267,10775,33096
2015-09-24 06:00,39998,28158,11840,36300
2015-09-24 05:00,43235,30952,12283,40138
2015-09-24 04:00,45234,32242,12992,43091
2015-09-24 03:00,45404,32700,12704,44352
2015-09-24 02:00,46485,34637,11848,44322
2015-09-24 01:00,47118,36570,10548,45578
2015-09-24 00:00,46546,36200,10346,46114
2015-09-23 23:00,45165,35624,9541,45817
2015-09-23 22:00,43245,34534,8711,44717
2015-09-23 21:00,41146,32745,8401,43098
2015-09-23 20:00,39522,31514,8008,41310
2015-09-23 19:00,37916,30290,7626,39933
2015-09-23 18:00,36277,28740,7537,38424
2015-09-23 17:00,34758,27096,7662,36820
2015-09-23 16:00,33192,25602,7590,35156
2015-09-23 15:00,31601,24234,7367,33665
2015-09-23 14:00,29211,23032,6179,32109
2015-09-23 13:00,27539,21815,5724,29413
2015-09-23 12:00,26970,21537,5433,28120
2015-09-23 11:00,27292,21722,5570,27843
2015-09-23 10:00,28211,22292,5919,28360
2015-09-23 09:00,29559,23433,6126,29400
2015-09-23 08:00,31510,24851,6659,31046
2015-09-23 07:00,34693,27255,7438,32990
2015-09-23 06:00,38418,30695,7723,36268
2015-09-23 05:00,41484,33519,7965,40067
2015-09-23 04:00,43351,35317,8034,43195
2015-09-23 03:00,43457,35602,7855,44368
2015-09-23 02:00,44799,36614,8185,44214
2015-09-23 01:00,45936,37702,8234,45917
2015-09-23 00:00,45856,38393,7463,46776
2015-09-22 23:00,45052,37384,7668,46518
2015-09-22 22:00,43730,36559,7171,45583
2015-09-22 21:00,42021,35268,6753,44462
2015-09-22 20:00,40673,33900,6773,42672
2015-09-22 19:00,39244,31933,7311,41412
2015-09-22 18:00,37806,30034,7772,39953
2015-09-22 17:00,36291,27782,8509,38521
2015-09-22 16:00,34772,25611,9161,36775
2015-09-22 15:00,33043,23058,9985,35121
2015-09-22 14:00,30564,21747,8817,33272
2015-09-22 13:00,29125,20853,8272,30425
2015-09-22 12:00,28511,20109,8402,28941
2015-09-22 11:00,28512,20138,8374,28820
2015-09-22 10:00,29535,20735,8800,29393
2015-09-22 09:00,31146,22331,8815,30684
2015-09-22 08:00,33327,24368,8959,32357
2015-09-22 07:00,36919,26785,10134,34747
2015-09-22 06:00,41183,31596,9587,38650
2015-09-22 05:00,44833,34417,10416,42916
2015-09-22 04:00,46822,37080,9742,46487
2015-09-22 03:00,47362,37958,9404,48409
2015-09-22 02:00,48625,38533,10092,48957
2015-09-22 01:00,49588,38830,10758,50745
2015-09-22 00:00,49846,37974,11872,51431
2015-09-21 23:00,49225,36050,13175,50567
2015-09-21 22:00,48038,33666,14372,49244
2015-09-21 21:00,46422,31434,14988,47501
2015-09-21 20:00,44814,28125,16689,45557
2015-09-21 19:00,43028,25801,17227,44035
2015-09-21 18:00,40792,23787,17005,41999
2015-09-21 17:00,38304,21833,16471,39742
2015-09-21 16:00,35857,19098,16759,37322
2015-09-21 15:00,33907,18063,15844,35256
2015-09-21 14:00,31441,17511,13930,33161
2015-09-21 13:00,29965,17430,12535,30275
2015-09-21 12:00,29308,17767,11541,28763
2015-09-21 11:00,29670,18414,11256,28332
2015-09-21 10:00,30723,19486,11237,28803
2015-09-21 09:00,32256,20974,11282,29856
2015-09-21 08:00,34786,22642,12144,31817
2015-09-21 07:00,38398,25157,13241,34560
2015-09-21 06:00,42851,26826,16025,38049
2015-09-21 05:00,46533,28879,17654,41853
2015-09-21 04:00,48794,30841,17953,44881
2015-09-21 03:00,49581,32064,17517,46408
2015-09-21 02:00,50659,32997,17662,46990
2015-09-21 01:00,50569,33258,17311,48072
2015-09-21 00:00,49642,32958,16684,47948
2015-09-20 23:00,47481,32000,15481,46782
2015-09-20 22:00,44656,30415,14241,44932
2015-09-20 21:00,41683,28395,13288,42538
2015-09-20 20:00,38491,26571,11920,39994
2015-09-20 19:00,35352,25245,10107,37412
2015-09-20 18:00,32452,23900,8552,34995
2015-09-20 17:00,29914,22487,7427,32389
2015-09-20 16:00,27847,20114,7733,29983
2015-09-20 15:00,27191,18793,8398,28013
2015-09-20 14:00,26940,19099,7841,27653
2015-09-20 13:00,26946,18888,8058,27525
2015-09-20 12:00,27181,19082,8099,27479
2015-09-20 11:00,27922,19619,8303,27881
2015-09-20 10:00,29061,19980,9081,28756
2015-09-20 09:00,30704,21156,9548,30090
2015-09-20 08:00,32861,22115,10746,31892
2015-09-20 07:00,35616,24230,11386,33331
2015-09-20 06:00,38571,26600,11971,35926
2015-09-20 05:00,41214,28438,12776,38938
2015-09-20 04:00,43013,30424,12589,41508
2015-09-20 03:00,43695,30702,12993,42812
2015-09-20 02:00,44784,32116,12668,43146
2015-09-20 01:00,44852,32884,11968,44154
2015-09-20 00:00,44181,32474,11707,44132
2015-09-19 23:00,42716,31842,10874,43287
2015-09-19 22:00,40665,30532,10133,41505
2015-09-19 21:00,38492,29128,9364,39621
2015-09-19 20:00,36213,28605,7608,37891
2015-09-19 19:00,34390,27504,6886,36486
2015-09-19 18:00,32802,26808,5994,34692
2015-09-19 17:00,31189,25117,6072,32639
2015-09-19 16:00,29307,22809,6498,30675
2015-09-19 15:00,28386,20892,7494,28834
2015-09-19 14:00,27712,20307,7405,28461
2015-09-19 13:00,27214,19734,7480,27846
2015-09-19 12:00,27205,19369,7836,27497
2015-09-19 11:00,27760,19387,8373,27634
2015-09-19 10:00,28385,19669,8716,28347
2015-09-19 09:00,29731,21045,8686,29521
2015-09-19 08:00,31793,22190,9603,30599
2015-09-19 07:00,34612,23637,10975,32325
2015-09-19 06:00,37585,25727,11858,35392
2015-09-19 05:00,40123,27717,12406,38396
2015-09-19 04:00,41627,28689,12938,40565
2015-09-19 03:00,41870,28454,13416,41455
2015-09-19 02:00,43115,29305,13810,41513
2015-09-19 01:00,43745,29889,13856,42812
2015-09-19 00:00,43040,29476,13564,43284
2015-09-18 23:00,41698,28640,13058,42629
2015-09-18 22:00,40123,28136,11987,41447
2015-09-18 21:00,38789,27605,11184,40194
2015-09-18 20:00,38080,27075,11005,38635
2015-09-18 19:00,37109,27319,9790,37710
2015-09-18 18:00,36130,26574,9556,36567
2015-09-18 17:00,34599,24998,9601,35163
2015-09-18 16:00,33132,23538,9594,33723
2015-09-18 15:00,31525,21966,9559,32525
2015-09-18 14:00,29385,21408,7977,30869
2015-09-18 13:00,27938,20611,7327,28266
2015-09-18 12:00,27202,19560,7642,26910
2015-09-18 11:00,27406,19574,7832,26621
2015-09-18 10:00,28146,20077,8069,27048
2015-09-18 09:00,29239,21353,7886,27934
2015-09-18 08:00,30649,22245,8404,29103
2015-09-18 07:00,32931,24112,8819,30865
2015-09-18 06:00,36198,25763,10435,33844
2015-09-18 05:00,38552,27283,11269,36889
2015-09-18 04:00,39352,27992,11360,39256
2015-09-18 03:00,38944,27906,11038,39702
2015-09-18 02:00,39446,28240,11206,38789
2015-09-18 01:00,39903,29191,10712,39856
2015-09-18 00:00,39631,29271,10360,40468
2015-09-17 23:00,38704,28944,9760,40059
2015-09-17 22:00,37897,28582,9315,39288
2015-09-17 21:00,36979,28360,8619,38299
2015-09-17 20:00,36567,28024,8543,37214
2015-09-17 19:00,36259,27675,8584,36492
2015-09-17 18:00,35388,26875,8513,35606
2015-09-17 17:00,34327,25439,8888,34515
2015-09-17 16:00,33141,24123,9018,33315
2015-09-17 15:00,31641,22510,9131,32173
2015-09-17 14:00,29252,21609,7643,30729
2015-09-17 13:00,27314,21321,5993,28046
2015-09-17 12:00,26565,20528,6037,26600
2015-09-17 11:00,26712,20988,5724,26264
2015-09-17 10:00,27456,21362,6094,26668
2015-09-17 09:00,28418,22067,6351,27558
2015-09-17 08:00,30079,21925,8154,28804
2015-09-17 07:00,32369,23992,8377,31050
2015-09-17 06:00,35399,26217,9182,33897
2015-09-17 05:00,37650,28394,9256,37164
2015-09-17 04:00,38537,29440,9097,39501
2015-09-17 03:00,37830,28668,9162,39843
2015-09-17 02:00,37967,29236,8731,39007
2015-09-17 01:00,38423,30653,7770,39859
2015-09-17 00:00,38399,30641,7758,40340
2015-09-16 23:00,38050,30415,7635,40122
2015-09-16 22:00,37575,30603,6972,39470
2015-09-16 21:00,37191,29463,7728,38634
2015-09-16 20:00,37164,29478,7686,37720
2015-09-16 19:00,36684,28789,7895,37183
2015-09-16 18:00,35855,27824,8031,36475
2015-09-16 17:00,34924,26807,8117,35563
2015-09-16 16:00,33731,25487,8244,34691
2015-09-16 15:00,32461,23997,8464,33632
2015-09-16 14:00,29923,22215,7708,32168
2015-09-16 13:00,28111,21612,6499,29084
2015-09-16 12:00,27359,21176,6183,27630
2015-09-16 11:00,27635,21106,6529,27225
2015-09-16 10:00,28393,21873,6520,27662
2015-09-16 09:00,29417,22636,6781,28530
2015-09-16 08:00,30790,22906,7884,29605
2015-09-16 07:00,33617,25074,8543,31612
2015-09-16 06:00,36796,27799,8997,34780
2015-09-16 05:00,39126,29979,9147,38233
2015-09-16 04:00,40041,31127,8914,40798
2015-09-16 03:00,39330,30925,8405,41242
2015-09-16 02:00,39575,31695,7880,40834
2015-09-16 01:00,40450,33020,7430,42096
2015-09-16 00:00,40720,33410,7310,42768
2015-09-15 23:00,40835,33187,7648,42560
2015-09-15 22:00,40663,32636,8027,41842
2015-09-15 21:00,39938,32153,7785,40892
2015-09-15 20:00,39903,31065,8838,39700
2015-09-15 19:00,39417,30272,9145,38871
2015-09-15 18:00,38536,28595,9941,37835
2015-09-15 17:00,37448,26760,10688,36620
2015-09-15 16:00,36425,25237,11188,35525
2015-09-15 15:00,34852,23785,11067,34586
2015-09-15 14:00,31958,22369,9589,32832
2015-09-15 13:00,30043,20983,9060,29569
2015-09-15 12:00,29440,19858,9582,28036
2015-09-15 11:00,29574,19816,9758,27684
2015-09-15 10:00,30432,20535,9897,28174
2015-09-15 09:00,31601,21567,10034,29097
2015-09-15 08:00,33131,22885,10246,30360
2015-09-15 07:00,36047,25499,10548,32891
2015-09-15 06:00,39276,28869,10407,36315
2015-09-15 05:00,41718,31916,9802,40136
2015-09-15 04:00,42646,33531,9115,43063
2015-09-15 03:00,42007,34148,7859,44084
2015-09-15 02:00,42482,35087,7395,44200
2015-09-15 01:00,43338,35969,7369,45866
2015-09-15 00:00,43637,35358,8279,46656
2015-09-14 23:00,43778,34124,9654,46056
2015-09-14 22:00,43437,32650,10787,45132
2015-09-14 21:00,42924,31121,11803,43942
2015-09-14 20:00,42085,28321,13764,42428
2015-09-14 19:00,40897,26234,14663,41275
2015-09-14 18:00,39208,24523,14685,39755
2015-09-14 17:00,37574,22310,15264,37914
2015-09-14 16:00,35933,19699,16234,36058
2015-09-14 15:00,34478,19009,15469,34325
2015-09-14 14:00,31761,19102,12659,32319
2015-09-14 13:00,29907,19538,10369,29437
2015-09-14 12:00,29208,20010,9198,27828
2015-09-14 11:00,29445,20403,9042,27467
2015-09-14 10:00,30228,21436,8792,28008
2015-09-14 09:00,31127,22962,8165,29066
2015-09-14 08:00,33401,24977,8424,30779
2015-09-14 07:00,36615,26798,9817,33221
2015-09-14 06:00,40390,29349,11041,36641
2015-09-14 05:00,43476,30471,13005,40176
2015-09-14 04:00,45012,32003,13009,42959
2015-09-14 03:00,45507,32342,13165,43995
2015-09-14 02:00,46604,33542,13062,44450
2015-09-14 01:00,46842,34197,12645,45665
2015-09-14 00:00,46405,34771,11634,45739
2015-09-13 23:00,45173,33482,11691,44795
2015-09-13 22:00,43458,32618,10840,43109
2015-09-13 21:00,41202,31266,9936,41081
2015-09-13 20:00,39036,29760,9276,38880
2015-09-13 19:00,36812,28459,8353,36677
2015-09-13 18:00,34285,26749,7536,34333
2015-09-13 17:00,32009,25222,6787,31968
2015-09-13 16:00,30044,23232,6812,29849
2015-09-13 15:00,29475,22477,6998,27941
2015-09-13 14:00,29307,23034,6273,27630
2015-09-13 13:00,29454,23198,6256,27422
2015-09-13 12:00,29891,23598,6293,27390
2015-09-13 11:00,30352,24391,5961,27891
2015-09-13 10:00,31353,25286,6067,28860
2015-09-13 09:00,32756,26958,5798,30371
2015-09-13 08:00,34853,28163,6690,32819
2015-09-13 07:00,37724,31703,6021,35564
2015-09-13 06:00,40487,34755,5732,38746
2015-09-13 05:00,42665,37046,5619,42159
2015-09-13 04:00,43645,39677,3968,44981
2015-09-13 03:00,43514,40957,2557,46390
2015-09-13 02:00,44237,43302,935,47264
2015-09-13 01:00,44669,45435,-766,49024
2015-09-13 00:00,44701,45399,-698,49527
2015-09-12 23:00,44064,44673,-609,48944
2015-09-12 22:00,43174,42494,680,47576
2015-09-12 21:00,41810,40696,1114,45799
2015-09-12 20:00,40294,38199,2095,43620
2015-09-12 19:00,38649,36161,2488,41457
2015-09-12 18:00,36730,33212,3518,38964
2015-09-12 17:00,34865,30328,4537,36400
2015-09-12 16:00,33126,27858,5268,33687
2015-09-12 15:00,32155,26136,6019,31352
2015-09-12 14:00,31359,25450,5909,30512
2015-09-12 13:00,30758,24632,6126,29815
2015-09-12 12:00,30982,24004,6978,29698
2015-09-12 11:00,31851,24514,7337,30258
2015-09-12 10:00,33157,25307,7850,31292
2015-09-12 09:00,35047,27273,7774,32980
2015-09-12 08:00,37858,29409,8449,35660
2015-09-12 07:00,41551,32940,8611,39467
2015-09-12 06:00,45675,37199,8476,43439
2015-09-12 05:00,49167,40289,8878,47678
2015-09-12 04:00,51191,42242,8949,51262
2015-09-12 03:00,52454,43114,9340,52992
2015-09-12 02:00,54979,45034,9945,54498
2015-09-12 01:00,56699,46574,10125,56907
2015-09-12 00:00,56736,46283,10453,57789
2015-09-11 23:00,55861,44523,11338,57091
2015-09-11 22:00,54244,42940,11304,55508
2015-09-11 21:00,51878,40722,11156,53428
2015-09-11 20:00,49572,38184,11388,50400
2015-09-11 19:00,46852,36115,10737,47848
2015-09-11 18:00,43902,33317,10585,45027
2015-09-11 17:00,40998,30498,10500,42277
2015-09-11 16:00,38300,28546,9754,39444
2015-09-11 15:00,36046,26680,9366,36947
2015-09-11 14:00,33590,25762,7828,34943
2015-09-11 13:00,31940,25489,6451,32496
2015-09-11 12:00,31503,24996,6507,31266
2015-09-11 11:00,32208,25171,7037,31304
2015-09-11 10:00,33713,26264,7449,32107
2015-09-11 09:00,35988,27676,8312,33641
2015-09-11 08:00,39020,29882,9138,35899
2015-09-11 07:00,43691,34328,9363,40430
2015-09-11 06:00,48928,38622,10306,45213
2015-09-11 05:00,53124,41618,11506,50261
2015-09-11 04:00,55258,42853,12405,54221
2015-09-11 03:00,56133,42992,13141,56405
2015-09-11 02:00,57872,43784,14088,57745
2015-09-11 01:00,59084,45254,13830,60233
2015-09-11 00:00,58706,45439,13267,60990
2015-09-10 23:00,57344,45506,11838,60065
2015-09-10 22:00,55441,43778,11663,58037
2015-09-10 21:00,52668,40991,11677,55768
2015-09-10 20:00,50165,39056,11109,52632
2015-09-10 19:00,47520,36321,11199,49959
2015-09-10 18:00,44386,33167,11219,46918
2015-09-10 17:00,41488,30459,11029,44038
2015-09-10 16:00,39298,27584,11714,40918
2015-09-10 15:00,36775,25790,10985,38229
2015-09-10 14:00,34482,24931,9551,36139
2015-09-10 13:00,33055,24390,8665,33314
2015-09-10 12:00,32603,24384,8219,32107
2015-09-10 11:00,33228,24854,8374,32231
2015-09-10 10:00,34632,25640,8992,33007
2015-09-10 09:00,36654,27216,9438,34739
2015-09-10 08:00,39814,29083,10731,36661
2015-09-10 07:00,44223,32639,11584,39355
2015-09-10 06:00,49617,37337,12280,43908
2015-09-10 05:00,53755,40639,13116,49148
2015-09-10 04:00,55033,42156,12877,53188
2015-09-10 03:00,55345,42803,12542,55210
2015-09-10 02:00,56423,45001,11422,56813
2015-09-10 01:00,57320,45778,11542,59222
2015-09-10 00:00,58124,45632,12492,59800
2015-09-09 23:00,57655,44173,13482,58671
2015-09-09 22:00,56277,41579,14698,56716
2015-09-09 21:00,53539,38969,14570,54492
2015-09-09 20:00,50801,36829,13972,51501
2015-09-09 19:00,47808,34281,13527,48627
2015-09-09 18:00,44471,31519,12952,45600
2015-09-09 17:00,41199,29318,11881,42437
2015-09-09 16:00,38092,26000,12092,39472
2015-09-09 15:00,36133,23737,12396,36962
2015-09-09 14:00,33403,23424,9979,34718
2015-09-09 13:00,31891,22560,9331,32079
2015-09-09 12:00,31495,22232,9263,30553
2015-09-09 11:00,32133,22150,9983,30365
2015-09-09 10:00,33512,22730,10782,31142
2015-09-09 09:00,35312,23232,12080,32508
2015-09-09 08:00,38182,25128,13054,33880
2015-09-09 07:00,42468,27605,14863,36919
2015-09-09 06:00,47522,30853,16669,41164
2015-09-09 05:00,51696,33991,17705,45782
2015-09-09 04:00,53403,35305,18098,49437
2015-09-09 03:00,54573,36274,18299,51010
2015-09-09 02:00,56239,37754,18485,52279
2015-09-09 01:00,57070,37722,19348,54276
2015-09-09 00:00,56824,36855,19969,54716
2015-09-08 23:00,54958,35376,19582,53589
2015-09-08 22:00,52546,33103,19443,51626
2015-09-08 21:00,49528,30853,18675,49259
2015-09-08 20:00,46681,28369,18312,46430
2015-09-08 19:00,44068,26538,17530,44059
2015-09-08 18:00,41094,24704,16390,41827
2015-09-08 17:00,38413,22357,16056,39565
2015-09-08 16:00,35550,19690,15860,37173
2015-09-08 15:00,33242,18575,14667,34872
2015-09-08 14:00,31041,18531,12510,32722
2015-09-08 13:00,29791,18667,11124,30126
2015-09-08 12:00,29110,18615,10495,28753
2015-09-08 11:00,29439,19122,10317,28528
2015-09-08 10:00,30485,19658,10827,29118
2015-09-08 09:00,31429,20695,10734,30229
2015-09-08 08:00,33358,22622,10736,31751
2015-09-08 07:00,36764,23471,13293,32784
2015-09-08 06:00,40869,25304,15565,36195
2015-09-08 05:00,44212,27001,17211,40096
2015-09-08 04:00,45639,27850,17789,43130
2015-09-08 03:00,46576,28510,18066,43791
2015-09-08 02:00,47655,28943,18712,44556
2015-09-08 01:00,47495,28635,18860,45706
2015-09-08 00:00,46425,28394,18031,45253
2015-09-07 23:00,44642,27310,17332,43842
2015-09-07 22:00,42473,25687,16786,41867
2015-09-07 21:00,40086,24504,15582,39645
2015-09-07 20:00,37398,23160,14238,37489
2015-09-07 19:00,34682,22111,12571,35277
2015-09-07 18:00,31953,21113,10840,33012
2015-09-07 17:00,29604,19544,10060,30636
2015-09-07 16:00,27636,17536,10100,28422
2015-09-07 15:00,26708,16683,10025,26568
2015-09-07 14:00,26434,16527,9907,26110
2015-09-07 13:00,26296,16528,9768,25909
2015-09-07 12:00,26343,16743,9600,25705
2015-09-07 11:00,26833,17160,9673,25785
2015-09-07 10:00,27831,17969,9862,26433
2015-09-07 09:00,29284,18565,10719,27436
2015-09-07 08:00,31142,21293,9849,28750
2015-09-07 07:00,33582,22711,10871,30690
2015-09-07 06:00,36142,24253,11889,33535
2015-09-07 05:00,38229,25841,12388,36592
2015-09-07 04:00,38949,26282,12667,38996
2015-09-07 03:00,39268,26542,12726,39269
2015-09-07 02:00,39711,27444,12267,39242
2015-09-07 01:00,39242,28005,11237,39737
2015-09-07 00:00,37995,26788,11207,39353
2015-09-06 23:00,36331,26055,10276,38150
2015-09-06 22:00,34935,24965,9970,36468
2015-09-06 21:00,33367,24415,8952,34630
2015-09-06 20:00,32097,23862,8235,32836
2015-09-06 19:00,30630,23515,7115,31250
2015-09-06 18:00,29275,23167,6108,29610
2015-09-06 17:00,27945,21549,6396,28235
2015-09-06 16:00,26603,19563,7040,26643
2015-09-06 15:00,25996,18945,7051,25184
2015-09-06 14:00,25885,18778,7107,25100
2015-09-06 13:00,25753,18115,7638,25296
2015-09-06 12:00,25910,18439,7471,25308
2015-09-06 11:00,26407,18921,7486,25541
2015-09-06 10:00,27306,19575,7731,26174
2015-09-06 09:00,28418,20606,7812,27173
2015-09-06 08:00,29876,22634,7242,28515
2015-09-06 07:00,32066,23903,8163,29842
2015-09-06 06:00,34184,25382,8802,32277
2015-09-06 05:00,35962,26405,9557,34763
2015-09-06 04:00,36367,26752,9615,36507
2015-09-06 03:00,36287,27531,8756,36492
2015-09-06 02:00,36625,29070,7555,36147
2015-09-06 01:00,36688,29514,7174,36716
2015-09-06 00:00,36094,29218,6876,36450
2015-09-05 23:00,35030,28850,6180,35542
2015-09-05 22:00,33915,28257,5658,34196
2015-09-05 21:00,32946,27809,5137,33035
2015-09-05 20:00,32257,27029,5228,32094
2015-09-05 19:00,31720,27057,4663,31310
2015-09-05 18:00,30954,26232,4722,30450
2015-09-05 17:00,29793,24706,5087,29374
2015-09-05 16:00,28082,22955,5127,28018
2015-09-05 15:00,27420,21590,5830,26542
2015-09-05 14:00,26901,20854,6047,26259
2015-09-05 13:00,26429,19916,6513,26068
2015-09-05 12:00,26386,19263,7123,25825
2015-09-05 11:00,26818,19606,7212,25917
2015-09-05 10:00,27624,20362,7262,26548
2015-09-05 09:00,28648,20834,7814,27523
2015-09-05 08:00,30504,22884,7620,28572
2015-09-05 07:00,32727,25297,7430,30477
2015-09-05 06:00,35206,27187,8019,33118
2015-09-05 05:00,37169,29567,7602,35810
2015-09-05 04:00,37501,30088,7413,37706
2015-09-05 03:00,37408,30116,7292,37861
2015-09-05 02:00,38276,31631,6645,38078
2015-09-05 01:00,38719,32618,6101,39342
2015-09-05 00:00,38477,32058,6419,40039
2015-09-04 23:00,37966,31393,6573,39565
2015-09-04 22:00,37455,30222,7233,38565
2015-09-04 21:00,36592,29278,7314,37480
2015-09-04 20:00,36095,28714,7381,36288
2015-09-04 19:00,35715,28226,7489,35596
2015-09-04 18:00,34975,27222,7753,34819
2015-09-04 17:00,33683,25700,7983,33902
2015-09-04 16:00,32588,23993,8595,32868
2015-09-04 15:00,31027,22598,8429,31813
2015-09-04 14:00,29256,21684,7572,30369
2015-09-04 13:00,27899,21032,6867,27850
2015-09-04 12:00,27330,20341,6989,26490
2015-09-04 11:00,27438,20813,6625,26157
2015-09-04 10:00,27883,21652,6231,26604
2015-09-04 09:00,29053,22271,6782,27490
2015-09-04 08:00,30796,23088,7708,28980
2015-09-04 07:00,33568,25262,8306,31155
2015-09-04 06:00,36675,28304,8371,34293
2015-09-04 05:00,39085,30389,8696,37399
2015-09-04 04:00,39562,30810,8752,39732
2015-09-04 03:00,39586,31344,8242,40044
2015-09-04 02:00,40621,32563,8058,40217
2015-09-04 01:00,41377,33626,7751,41521
2015-09-04 00:00,41036,33774,7262,42070
2015-09-03 23:00,40183,32522,7661,41449
2015-09-03 22:00,39114,31610,7504,40257
2015-09-03 21:00,37888,30427,7461,38917
2015-09-03 20:00,37164,29776,7388,37564
2015-09-03 19:00,36525,28306,8219,36820
2015-09-03 18:00,35741,27144,8597,35867
2015-09-03 17:00,34671,25663,9008,34752
2015-09-03 16:00,33237,23717,9520,33611
2015-09-03 15:00,31939,22666,9273,32481
2015-09-03 14:00,29803,21602,8201,30977
2015-09-03 13:00,28157,20678,7479,28848
2015-09-03 12:00,27520,20074,7446,27550
2015-09-03 11:00,27766,20212,7554,27237
2015-09-03 10:00,28623,21177,7446,27735
2015-09-03 09:00,29874,22233,7641,28682
2015-09-03 08:00,31796,23245,8551,30163
2015-09-03 07:00,34698,25342,9356,32539
2015-09-03 06:00,38013,28590,9423,35645
2015-09-03 05:00,40786,31534,9252,38922
2015-09-03 04:00,41489,32730,8759,41376
2015-09-03 03:00,41958,32964,8994,41773
2015-09-03 02:00,43203,34439,8764,42155
2015-09-03 01:00,43986,35173,8813,43582
2015-09-03 00:00,43693,35284,8409,43997
2015-09-02 23:00,42723,34128,8595,43365
2015-09-02 22:00,41819,33294,8525,42028
2015-09-02 21:00,40425,31488,8937,40570
2015-09-02 20:00,39454,29666,9788,39044
2015-09-02 19:00,38350,28622,9728,38442
2015-09-02 18:00,37074,27579,9495,37582
2015-09-02 17:00,35777,26033,9744,36591
2015-09-02 16:00,34327,23854,10473,35333
2015-09-02 15:00,32895,22782,10113,34072
2015-09-02 14:00,30576,22041,8535,32256
2015-09-02 13:00,28918,21304,7614,29624
2015-09-02 12:00,28326,20687,7639,28126
2015-09-02 11:00,28648,20973,7675,27794
2015-09-02 10:00,29527,21645,7882,28317
2015-09-02 09:00,30806,22632,8174,29329
2015-09-02 08:00,32782,23607,9175,30723
2015-09-02 07:00,35841,25785,10056,33125
2015-09-02 06:00,39388,29229,10159,36439
2015-09-02 05:00,42357,32436,9921,39982
2015-09-02 04:00,43322,34218,9104,42737
2015-09-02 03:00,43890,35112,8778,43167
2015-09-02 02:00,45428,37320,8108,43816
2015-09-02 01:00,46533,38177,8356,45225
2015-09-02 00:00,46278,37963,8315,46193
2015-09-01 23:00,45231,37444,7787,45565
2015-09-01 22:00,43797,34851,8946,44272
2015-09-01 21:00,42002,32741,9261,42733
2015-09-01 20:00,40548,31371,9177,40988
2015-09-01 19:00,39212,29714,9498,39689
2015-09-01 18:00,37668,27931,9737,38428
2015-09-01 17:00,36165,26684,9481,37076
2015-09-01 16:00,34739,25267,9472,35638
2015-09-01 15:00,33311,23447,9864,34159
2015-09-01 14:00,31553,22302,9251,32244
2015-09-01 13:00,29798,21033,8765,29579
2015-09-01 12:00,29210,20130,9080,28101
2015-09-01 11:00,29555,20057,9498,27825
2015-09-01 10:00,30507,20601,9906,28360
2015-09-01 09:00,31754,21545,10209,29405
2015-09-01 08:00,33598,23422,10176,30843
2015-09-01 07:00,36498,26136,10362,34019
2015-09-01 06:00,40136,29319,10817,37667
2015-09-01 05:00,43347,31735,11612,41602
2015-09-01 04:00,44772,32787,11985,44425
2015-09-01 03:00,45999,33371,12628,45067
2015-09-01 02:00,47765,34996,12769,46186
2015-09-01 01:00,48623,35265,13358,47504
2015-09-01 00:00,48147,34826,13321,47754
2015-08-31 23:00,46934,33134,13800,47823
2015-08-31 22:00,45275,31859,13416,46387
2015-08-31 21:00,43472,30370,13102,44659
2015-08-31 20:00,41888,29059,12829,42655
2015-08-31 19:00,40220,27501,12719,40993
2015-08-31 18:00,38390,25542,12848,39176
2015-08-31 17:00,36787,23615,13172,37167
2015-08-31 16:00,34891,20697,14194,35084
2015-08-31 15:00,33184,19817,13367,33294
2015-08-31 14:00,30933,19723,11210,31762
2015-08-31 13:00,29216,19714,9502,29836
2015-08-31 12:00,28334,20378,7956,28406
2015-08-31 11:00,28539,21346,7193,28099
2015-08-31 10:00,29374,22946,6428,28665
2015-08-31 09:00,30813,24746,6067,29765
2015-08-31 08:00,32817,26999,5818,31344
2015-08-31 07:00,35747,29278,6469,33921
2015-08-31 06:00,39189,31548,7641,37118
2015-08-31 05:00,41877,34274,7603,40422
2015-08-31 04:00,42681,35811,6870,42842
2015-08-31 03:00,43667,37486,6181,43273
2015-08-31 02:00,44810,39036,5774,44362
2015-08-31 01:00,44920,39821,5099,45570
2015-08-31 00:00,44108,40301,3807,45432
2015-08-30 23:00,43115,38426,4689,44558
2015-08-30 22:00,41565,37305,4260,42977
2015-08-30 21:00,39805,35519,4286,41107
2015-08-30 20:00,38275,33699,4576,39002
2015-08-30 19:00,36393,31216,5177,36918
2015-08-30 18:00,34456,29254,5202,34730
2015-08-30 17:00,32240,27478,4762,32449
2015-08-30 16:00,30006,24296,5710,30410
2015-08-30 15:00,28909,22926,5983,28668
2015-08-30 14:00,28704,23281,5423,28245
2015-08-30 13:00,28731,22948,5783,28269
2015-08-30 12:00,29170,23055,6115,28356
2015-08-30 11:00,30259,24204,6055,28806
2015-08-30 10:00,31719,25577,6142,29767
2015-08-30 09:00,33685,27870,5815,31213
2015-08-30 08:00,36136,30396,5740,33380
2015-08-30 07:00,39255,33486,5769,35234
2015-08-30 06:00,42236,37049,5187,38317
2015-08-30 05:00,44848,40244,4604,41498
2015-08-30 04:00,45961,41920,4041,43998
2015-08-30 03:00,47334,43592,3742,45086
2015-08-30 02:00,48989,46569,2420,46267
2015-08-30 01:00,49621,48323,1298,47879
2015-08-30 00:00,49451,48506,945,48359
2015-08-29 23:00,48521,47749,772,47550
2015-08-29 22:00,47114,45557,1557,46234
2015-08-29 21:00,45393,42767,2626,44443
2015-08-29 20:00,43282,39812,3470,42407
2015-08-29 19:00,40871,36416,4455,40196
2015-08-29 18:00,38321,32179,6142,37777
2015-08-29 17:00,35726,29526,6200,35323
2015-08-29 16:00,33196,26701,6495,33020
2015-08-29 15:00,31567,24992,6575,30925
2015-08-29 14:00,30807,23753,7054,29986
2015-08-29 13:00,30562,22641,7921,29627
2015-08-29 12:00,30940,22541,8399,29463
2015-08-29 11:00,32101,23445,8656,29870
2015-08-29 10:00,33817,24632,9185,30973
2015-08-29 09:00,36137,26527,9610,32652
2015-08-29 08:00,39067,28531,10536,34832
2015-08-29 07:00,42927,31658,11269,39000
2015-08-29 06:00,47083,35621,11462,43175
2015-08-29 05:00,50657,39408,11249,47379
2015-08-29 04:00,52446,41275,11171,50652
2015-08-29 03:00,54134,42515,11619,52057
2015-08-29 02:00,56732,45301,11431,53964
2015-08-29 01:00,58436,46500,11936,56376
2015-08-29 00:00,58742,45886,12856,56885
2015-08-28 23:00,57315,44443,12872,56115
2015-08-28 22:00,55317,42243,13074,54535
2015-08-28 21:00,52594,39167,13427,52228
2015-08-28 20:00,49728,36325,13403,49282
2015-08-28 19:00,46532,33549,12983,46926
2015-08-28 18:00,43193,31336,11857,44124
2015-08-28 17:00,40161,28389,11772,41217
2015-08-28 16:00,37258,25350,11908,38464
2015-08-28 15:00,35045,23772,11273,35984
2015-08-28 14:00,32976,23546,9430,33943
2015-08-28 13:00,31219,22630,8589,31739
2015-08-28 12:00,30864,22147,8717,30477
2015-08-28 11:00,31547,22531,9016,30409
2015-08-28 10:00,33030,23567,9463,31203
2015-08-28 09:00,35136,25270,9866,32712
2015-08-28 08:00,38046,26324,11722,34872
2015-08-28 07:00,42266,29734,12532,38166
2015-08-28 06:00,47203,34685,12518,42368
2015-08-28 05:00,51127,38168,12959,47136
2015-08-28 04:00,52724,40241,12483,50621
2015-08-28 03:00,53876,41419,12457,51644
2015-08-28 02:00,56039,43557,12482,53580
2015-08-28 01:00,56955,44752,12203,55548
2015-08-28 00:00,56394,43931,12463,55899
2015-08-27 23:00,54931,42536,12395,54941
2015-08-27 22:00,52845,40318,12527,53060
2015-08-27 21:00,50088,37807,12281,50785
2015-08-27 20:00,47481,35180,12301,48286
2015-08-27 19:00,44552,32840,11712,45951
2015-08-27 18:00,41551,30189,11362,43383
2015-08-27 17:00,38795,28135,10660,40603
2015-08-27 16:00,36189,26111,10078,38075
2015-08-27 15:00,34217,24089,10128,35682
2015-08-27 14:00,32000,22875,9125,33845
2015-08-27 13:00,30577,21626,8951,31359
2015-08-27 12:00,30247,21025,9222,30090
2015-08-27 11:00,30753,21354,9399,29950
2015-08-27 10:00,31818,22374,9444,30614
2015-08-27 09:00,33807,23896,9911,32019
2015-08-27 08:00,36546,25633,10913,34242
2015-08-27 07:00,40759,27004,13755,36742
2015-08-27 06:00,45478,31116,14362,40696
2015-08-27 05:00,49290,34130,15160,45101
2015-08-27 04:00,50559,35387,15172,48177
2015-08-27 03:00,51371,36083,15288,49052
2015-08-27 02:00,53141,37162,15979,50740
2015-08-27 01:00,53979,37139,16840,52731
2015-08-27 00:00,53755,36310,17445,53051
2015-08-26 23:00,52260,35598,16662,52020
2015-08-26 22:00,50118,33718,16400,50183
2015-08-26 21:00,47445,32171,15274,48011
2015-08-26 20:00,45100,31400,13700,45797
2015-08-26 19:00,42631,29966,12665,43804
2015-08-26 18:00,40071,28395,11676,41608
2015-08-26 17:00,37786,26302,11484,39304
2015-08-26 16:00,35897,23819,12078,37183
2015-08-26 15:00,33962,22335,11627,35001
2015-08-26 14:00,31638,21371,10267,33160
2015-08-26 13:00,29867,20341,9526,30766
2015-08-26 12:00,29304,20046,9258,29454
2015-08-26 11:00,29770,20411,9359,29183
2015-08-26 10:00,30997,21435,9562,29740
2015-08-26 09:00,32778,22784,9994,31095
2015-08-26 08:00,35210,25194,10016,32833
2015-08-26 07:00,38845,27348,11497,35286
2015-08-26 06:00,43027,31088,11939,39142
2015-08-26 05:00,46172,33882,12290,43363
2015-08-26 04:00,46874,38559,8315,46412
2015-08-26 03:00,47404,39068,8336,47105
2015-08-26 02:00,48245,39568,8677,48714
2015-08-26 01:00,48365,40548,7817,50205
2015-08-26 00:00,47778,40476,7302,50601
2015-08-25 23:00,46419,38779,7640,49673
2015-08-25 22:00,44759,37147,7612,48035
2015-08-25 21:00,43093,34457,8636,46130
2015-08-25 20:00,42037,32211,9826,44003
2015-08-25 19:00,40594,30406,10188,42181
2015-08-25 18:00,39141,27943,11198,40252
2015-08-25 17:00,37413,25817,11596,38225
2015-08-25 16:00,35468,23834,11634,36389
2015-08-25 15:00,33833,21789,12044,34483
2015-08-25 14:00,31400,20675,10725,32647
2015-08-25 13:00,29632,19690,9942,30267
2015-08-25 12:00,28993,19287,9706,28979
2015-08-25 11:00,29460,19335,10125,28745
2015-08-25 10:00,30597,19873,10724,29259
2015-08-25 09:00,32335,20959,11376,30528
2015-08-25 08:00,34657,22401,12256,32057
2015-08-25 07:00,38140,24678,13462,34846
2015-08-25 06:00,42350,28304,14046,38674
2015-08-25 05:00,45827,30680,15147,42712
2015-08-25 04:00,49447,31376,18071,45526
2015-08-25 03:00,50033,32241,17792,46236
2015-08-25 02:00,50486,33561,16925,47907
2015-08-25 01:00,51050,33535,17515,49399
2015-08-25 00:00,50278,32724,17554,49835
2015-08-24 23:00,48754,31124,17630,48922
2015-08-24 22:00,46727,28962,17765,47460
2015-08-24 21:00,44318,27259,17059,45594
2015-08-24 20:00,42353,25964,16389,43459
2015-08-24 19:00,40403,24830,15573,41663
2015-08-24 18:00,38259,23565,14694,39713
2015-08-24 17:00,36403,21785,14618,37620
2015-08-24 16:00,34623,19698,14925,35569
2015-08-24 15:00,32733,18401,14332,33390
2015-08-24 14:00,30388,17987,12401,31282
2015-08-24 13:00,28559,18014,10545,29342
2015-08-24 12:00,27774,18136,9638,27849
2015-08-24 11:00,27947,18612,9335,27447
2015-08-24 10:00,28772,19712,9060,27978
2015-08-24 09:00,30152,21670,8482,29045
2015-08-24 08:00,32327,23293,9034,30469
2015-08-24 07:00,35427,24883,10544,32844
2015-08-24 06:00,38849,26668,12181,36175
2015-08-24 05:00,41379,28946,12433,39460
2015-08-24 04:00,41999,29539,12460,41585
2015-08-24 03:00,42799,30563,12236,41801
2015-08-24 02:00,43505,32117,11388,42806
2015-08-24 01:00,43501,32446,11055,43347
2015-08-24 00:00,42412,31721,10691,42805
2015-08-23 23:00,40769,30283,10486,41543
2015-08-23 22:00,38597,28391,10206,39826
2015-08-23 21:00,36375,27059,9316,37880
2015-08-23 20:00,35058,26226,8832,35920
2015-08-23 19:00,33268,25025,8243,34074
2015-08-23 18:00,31658,23612,8046,32181
2015-08-23 17:00,29998,22083,7915,30250
2015-08-23 16:00,28088,20643,7445,28461
2015-08-23 15:00,27312,19278,8034,26865
2015-08-23 14:00,27103,19610,7493,26543
2015-08-23 13:00,27013,19183,7830,26707
2015-08-23 12:00,27256,19028,8228,26640
2015-08-23 11:00,27953,19665,8288,26975
2015-08-23 10:00,29084,20586,8498,27729
2015-08-23 09:00,30458,21755,8703,28976
2015-08-23 08:00,32499,22816,9683,30423
2015-08-23 07:00,35210,25170,10040,32838
2015-08-23 06:00,37882,27097,10785,35606
2015-08-23 05:00,40020,29501,10519,38491
2015-08-23 04:00,40610,30301,10309,40408
2015-08-23 03:00,41615,31653,9962,40549
2015-08-23 02:00,42585,33228,9357,41605
2015-08-23 01:00,42599,34805,7794,42541
2015-08-23 00:00,41730,34128,7602,42369
2015-08-22 23:00,40470,33256,7214,41363
2015-08-22 22:00,39024,31712,7312,39983
2015-08-22 21:00,37491,29921,7570,38450
2015-08-22 20:00,36028,29029,6999,36895
2015-08-22 19:00,34650,27992,6658,35416
2015-08-22 18:00,33174,26196,6978,33833
2015-08-22 17:00,31855,25568,6287,32138
2015-08-22 16:00,30191,23793,6398,30395
2015-08-22 15:00,29148,21612,7536,28722
2015-08-22 14:00,28650,20592,8058,28072
2015-08-22 13:00,28011,19785,8226,27633
2015-08-22 12:00,27860,19498,8362,27293
2015-08-22 11:00,28360,19734,8626,27528
2015-08-22 10:00,29449,20879,8570,28249
2015-08-22 09:00,30803,21935,8868,29531
2015-08-22 08:00,32620,23663,8957,31158
2015-08-22 07:00,35482,26383,9099,33788
2015-08-22 06:00,38757,29222,9535,36950
2015-08-22 05:00,41185,31899,9286,40075
2015-08-22 04:00,41821,32991,8830,42294
2015-08-22 03:00,42918,34274,8644,42728
2015-08-22 02:00,44408,36121,8287,44231
2015-08-22 01:00,45091,36937,8154,45736
2015-08-22 00:00,44497,36152,8345,46318
2015-08-21 23:00,43192,34746,8446,45694
2015-08-21 22:00,41608,33218,8390,44434
2015-08-21 21:00,39936,31715,8221,42821
2015-08-21 20:00,39040,29955,9085,41092
2015-08-21 19:00,38282,28932,9350,39820
2015-08-21 18:00,36933,27372,9561,38313
2015-08-21 17:00,35844,26716,9128,36647
2015-08-21 16:00,34515,24293,10222,35082
2015-08-21 15:00,32590,22528,10062,33264
2015-08-21 14:00,30625,21698,8927,31476
2015-08-21 13:00,29166,20888,8278,29601
2015-08-21 12:00,28560,20558,8002,28297
2015-08-21 11:00,28986,20976,8010,28082
2015-08-21 10:00,29997,22064,7933,28693
2015-08-21 09:00,31262,23063,8199,29873
2015-08-21 08:00,33294,24853,8441,31311
2015-08-21 07:00,36422,28194,8228,34140
2015-08-21 06:00,40055,31476,8579,37649
2015-08-21 05:00,42800,34023,8777,41451
2015-08-21 04:00,43253,35754,7499,43897
2015-08-21 03:00,44340,37780,6560,44235
2015-08-21 02:00,45748,39867,5881,45757
2015-08-21 01:00,46353,40626,5727,47134
2015-08-21 00:00,45591,40453,5138,47550
2015-08-20 23:00,44137,39083,5054,46705
2015-08-20 22:00,42671,37165,5506,45335
2015-08-20 21:00,41035,35464,5571,43581
2015-08-20 20:00,39795,34008,5787,41712
2015-08-20 19:00,38548,32075,6473,40221
2015-08-20 18:00,37118,29592,7526,38616
2015-08-20 17:00,35984,27946,8038,36865
2015-08-20 16:00,34408,25848,8560,35148
2015-08-20 15:00,32891,23985,8906,33352
2015-08-20 14:00,30874,23257,7617,31573
2015-08-20 13:00,29303,22273,7030,29635
2015-08-20 12:00,28863,21774,7089,28343
2015-08-20 11:00,29118,22017,7101,28053
2015-08-20 10:00,30086,23087,6999,28663
2015-08-20 09:00,31318,24894,6424,29856
2015-08-20 08:00,33062,26686,6376,31451
2015-08-20 07:00,36355,28993,7362,34053
2015-08-20 06:00,40251,33143,7108,37619
2015-08-20 05:00,43204,36462,6742,41496
2015-08-20 04:00,44185,38737,5448,44149
2015-08-20 03:00,45759,40768,4991,44606
2015-08-20 02:00,47452,42459,4993,46272
2015-08-20 01:00,48112,43545,4567,47703
2015-08-20 00:00,47559,43223,4336,48423
2015-08-19 23:00,46052,41919,4133,47566
2015-08-19 22:00,44193,40301,3892,46127
2015-08-19 21:00,42236,37610,4626,44316
2015-08-19 20:00,40796,34715,6081,42377
2015-08-19 19:00,39383,32316,7067,40929
2015-08-19 18:00,37662,30411,7251,39278
2015-08-19 17:00,36035,28426,7609,37627
2015-08-19 16:00,34516,26420,8096,35933
2015-08-19 15:00,32956,24813,8143,34150
2015-08-19 14:00,31133,23728,7405,32186
2015-08-19 13:00,29564,22114,7450,30009
2015-08-19 12:00,29057,21890,7167,28647
2015-08-19 11:00,29502,22680,6822,28439
2015-08-19 10:00,30376,23852,6524,29059
2015-08-19 09:00,31974,25301,6673,30287
2015-08-19 08:00,34518,27172,7346,31993
2015-08-19 07:00,38219,30336,7883,36486
2015-08-19 06:00,42489,35108,7381,40594
2015-08-19 05:00,45791,39363,6428,44973
2015-08-19 04:00,46762,42139,4623,47875
2015-08-19 03:00,48265,43933,4332,48584
2015-08-19 02:00,50015,45259,4756,50665
2015-08-19 01:00,50878,46449,4429,52416
2015-08-19 00:00,50293,45970,4323,53066
2015-08-18 23:00,48898,44723,4175,52290
2015-08-18 22:00,47081,43491,3590,50703
2015-08-18 21:00,44891,40468,4423,48690
2015-08-18 20:00,43088,37673,5415,46317
2015-08-18 19:00,41059,34990,6069,44309
2015-08-18 18:00,39126,32803,6323,42201
2015-08-18 17:00,37574,30232,7342,39841
2015-08-18 16:00,35755,27109,8646,37354
2015-08-18 15:00,34069,25232,8837,35109
2015-08-18 14:00,31996,23707,8289,32996
2015-08-18 13:00,30362,22240,8122,30849
2015-08-18 12:00,29832,21879,7953,29560
2015-08-18 11:00,30515,22383,8132,29467
2015-08-18 10:00,31824,23451,8373,30251
2015-08-18 09:00,33629,25626,8003,31668
2015-08-18 08:00,36175,27334,8841,33627
2015-08-18 07:00,40297,30681,9616,37810
2015-08-18 06:00,44961,36208,8753,42380
2015-08-18 05:00,48801,39690,9111,47336
2015-08-18 04:00,50690,41615,9075,51041
2015-08-18 03:00,52678,42806,9872,52071
2015-08-18 02:00,54470,43598,10872,54529
2015-08-18 01:00,55544,43726,11818,56891
2015-08-18 00:00,55044,42547,12497,57549
2015-08-17 23:00,53891,40859,13032,56711
2015-08-17 22:00,52288,38916,13372,54938
2015-08-17 21:00,49915,36710,13205,52672
2015-08-17 20:00,47666,32873,14793,49893
2015-08-17 19:00,45365,29610,15755,47338
2015-08-17 18:00,42711,26797,15914,44430
2015-08-17 17:00,39917,24527,15390,41489
2015-08-17 16:00,37033,21412,15621,38564
2015-08-17 15:00,34595,19557,15038,35859
2015-08-17 14:00,32517,19937,12580,33447
2015-08-17 13:00,30869,20025,10844,31054
2015-08-17 12:00,30398,20387,10011,29646
2015-08-17 11:00,31056,21360,9696,29417
2015-08-17 10:00,32364,22828,9536,30044
2015-08-17 09:00,34409,24603,9806,31455
2015-08-17 08:00,37594,26780,10814,33649
2015-08-17 07:00,41759,30098,11661,37808
2015-08-17 06:00,46306,34889,11417,42018
2015-08-17 05:00,49746,37859,11887,46371
2015-08-17 04:00,51103,39239,11864,49910
2015-08-17 03:00,52811,41049,11762,50997
2015-08-17 02:00,53755,42445,11310,53050
2015-08-17 01:00,53477,42758,10719,54497
2015-08-17 00:00,52643,42010,10633,54410
2015-08-16 23:00,50756,40464,10292,53034
2015-08-16 22:00,48587,38462,10125,50963
2015-08-16 21:00,45858,35747,10111,47912
2015-08-16 20:00,42808,32854,9954,44635
2015-08-16 19:00,39367,29570,9797,41338
2015-08-16 18:00,35868,26633,9235,37964
2015-08-16 17:00,33080,24046,9034,34530
2015-08-16 16:00,30541,21587,8954,31844
2015-08-16 15:00,29086,19482,9604,29575
2015-08-16 14:00,29032,19518,9514,28838
2015-08-16 13:00,29193,19381,9812,28818
2015-08-16 12:00,29704,19596,10108,28969
2015-08-16 11:00,30737,20283,10454,29606
2015-08-16 10:00,32455,21700,10755,30616
2015-08-16 09:00,34535,24235,10300,32341
2015-08-16 08:00,37326,26656,10670,34512
2015-08-16 07:00,40789,29224,11565,37090
2015-08-16 06:00,44820,33336,11484,40684
2015-08-16 05:00,47707,36045,11662,44463
2015-08-16 04:00,49166,37511,11655,47207
2015-08-16 03:00,51127,39812,11315,48178
2015-08-16 02:00,52586,41442,11144,50070
2015-08-16 01:00,52810,41536,11274,51608
2015-08-16 00:00,52014,41161,10853,51760
2015-08-15 23:00,50494,39665,10829,50732
2015-08-15 22:00,48503,37557,10946,48939
2015-08-15 21:00,46006,35244,10762,46662
2015-08-15 20:00,43198,33072,10126,44027
2015-08-15 19:00,40117,30474,9643,41299
2015-08-15 18:00,37041,27797,9244,38475
2015-08-15 17:00,34361,25353,9008,35262
2015-08-15 16:00,31654,23247,8407,32706
2015-08-15 15:00,29911,21313,8598,30244
2015-08-15 14:00,29323,20349,8974,29263
2015-08-15 13:00,29140,19430,9710,28727
2015-08-15 12:00,29295,19160,10135,28656
2015-08-15 11:00,30003,19372,10631,29077
2015-08-15 10:00,31531,20652,10879,30090
2015-08-15 09:00,33799,22633,11166,31680
2015-08-15 08:00,36631,25485,11146,33609
2015-08-15 07:00,39773,28796,10977,36379
2015-08-15 06:00,43514,33470,10044,40118
2015-08-15 05:00,46212,36432,9780,43885
2015-08-15 04:00,47378,38764,8614,46336
2015-08-15 03:00,49256,41197,8059,47109
2015-08-15 02:00,50938,43339,7599,49561
2015-08-15 01:00,51644,44293,7351,51510
2015-08-15 00:00,51196,43601,7595,52238
2015-08-14 23:00,49854,42036,7818,51429
2015-08-14 22:00,47979,39470,8509,49941
2015-08-14 21:00,45733,36435,9298,47968
2015-08-14 20:00,43712,33913,9799,45569
2015-08-14 19:00,41518,31623,9895,43500
2015-08-14 18:00,39160,29275,9885,41278
2015-08-14 17:00,36922,27175,9747,38893
2015-08-14 16:00,34662,24748,9914,36407
2015-08-14 15:00,32478,22931,9547,34103
2015-08-14 14:00,30675,20960,9715,31918
2015-08-14 13:00,29583,19713,9870,30025
2015-08-14 12:00,29332,19043,10289,28796
2015-08-14 11:00,29609,19395,10214,28726
2015-08-14 10:00,30734,20317,10417,29444
2015-08-14 09:00,32628,21870,10758,30702
2015-08-14 08:00,35293,24524,10769,32626
2015-08-14 07:00,39508,28025,11483,35091
2015-08-14 06:00,43567,32123,11444,38809
2015-08-14 05:00,46545,35271,11274,42649
2015-08-14 04:00,47509,37155,10354,45255
2015-08-14 03:00,49149,39232,9917,45536
2015-08-14 02:00,50873,41320,9553,47253
2015-08-14 01:00,51762,41848,9914,49095
2015-08-14 00:00,51259,40987,10272,49494
2015-08-13 23:00,50038,38885,11153,48578
2015-08-13 22:00,48188,36939,11249,47180
2015-08-13 21:00,45861,34760,11101,45291
2015-08-13 20:00,43666,32776,10890,43159
2015-08-13 19:00,41377,30540,10837,41368
2015-08-13 18:00,39119,28847,10272,39522
2015-08-13 17:00,37305,27335,9970,37424
2015-08-13 16:00,35345,24798,10547,35512
2015-08-13 15:00,33232,22565,10667,33357
2015-08-13 14:00,31193,21029,10164,31449
2015-08-13 13:00,29706,20092,9614,29457
2015-08-13 12:00,29266,19368,9898,28194
2015-08-13 11:00,29688,19464,10224,28003
2015-08-13 10:00,30703,20745,9958,28550
2015-08-13 09:00,32076,21987,10089,29815
2015-08-13 08:00,34453,23769,10684,31471
2015-08-13 07:00,38088,26578,11510,34519
2015-08-13 06:00,42114,30594,11520,38128
2015-08-13 05:00,44919,32991,11928,41928
2015-08-13 04:00,45888,33975,11913,44123
2015-08-13 03:00,47438,35330,12108,44435
2015-08-13 02:00,48610,36949,11661,46127
2015-08-13 01:00,48779,37257,11522,47343
2015-08-13 00:00,47765,36680,11085,47653
2015-08-12 23:00,45992,35524,10468,46821
2015-08-12 22:00,44024,34197,9827,45551
2015-08-12 21:00,41912,32983,8929,43766
2015-08-12 20:00,40217,31471,8746,41882
2015-08-12 19:00,38502,30364,8138,40377
2015-08-12 18:00,36780,28766,8014,38616
2015-08-12 17:00,35116,27029,8087,36725
2015-08-12 16:00,33175,25586,7589,34992
2015-08-12 15:00,31385,23938,7447,33087
2015-08-12 14:00,29702,21925,7777,30962
2015-08-12 13:00,28238,20873,7365,29091
2015-08-12 12:00,27765,20340,7425,27778
2015-08-12 11:00,28106,20680,7426,27574
2015-08-12 10:00,29046,21468,7578,28108
2015-08-12 09:00,30445,22609,7836,29276
2015-08-12 08:00,32570,23344,9226,30655
2015-08-12 07:00,35633,25740,9893,33343
2015-08-12 06:00,39183,28627,10556,36760
2015-08-12 05:00,41468,30842,10626,40455
2015-08-12 04:00,41922,32390,9532,42525
2015-08-12 03:00,43071,33767,9304,42643
2015-08-12 02:00,44153,35306,8847,44209
2015-08-12 01:00,44443,35963,8480,45307
2015-08-12 00:00,43784,35303,8481,45526
2015-08-11 23:00,42952,34283,8669,44769
2015-08-11 22:00,41342,33011,8331,43513
2015-08-11 21:00,39812,31268,8544,41993
2015-08-11 20:00,38507,29909,8598,40358
2015-08-11 19:00,37342,28915,8427,39070
2015-08-11 18:00,36087,27405,8682,37605
2015-08-11 17:00,34544,25909,8635,35981
2015-08-11 16:00,33123,23589,9534,34400
2015-08-11 15:00,31386,22007,9379,32633
2015-08-11 14:00,29732,20374,9358,30594
2015-08-11 13:00,28178,19284,8894,28639
2015-08-11 12:00,27658,18749,8909,27285
2015-08-11 11:00,27986,18823,9163,27007
2015-08-11 10:00,28835,19483,9352,27546
2015-08-11 09:00,29981,20430,9551,28588
2015-08-11 08:00,31991,22425,9566,30074
2015-08-11 07:00,35052,24627,10425,33001
2015-08-11 06:00,38516,27224,11292,36340
2015-08-11 05:00,40942,28847,12095,39903
2015-08-11 04:00,41384,29750,11634,42048
2015-08-11 03:00,42486,30721,11765,42273
2015-08-11 02:00,43623,32127,11496,43886
2015-08-11 01:00,44079,31778,12301,45029
2015-08-11 00:00,43455,30903,12552,45243
2015-08-10 23:00,42685,29481,13204,44524
2015-08-10 22:00,41236,27757,13479,43284
2015-08-10 21:00,39608,26711,12897,41797
2015-08-10 20:00,38457,25763,12694,40098
2015-08-10 19:00,37569,24258,13311,38841
2015-08-10 18:00,36311,22979,13332,37342
2015-08-10 17:00,34823,21399,13424,35806
2015-08-10 16:00,33092,19841,13251,34258
2015-08-10 15:00,31160,18819,12341,32352
2015-08-10 14:00,29118,18768,10350,30214
2015-08-10 13:00,27534,18188,9346,28271
2015-08-10 12:00,26852,18130,8722,26849
2015-08-10 11:00,27008,18611,8397,26473
2015-08-10 10:00,27797,20074,7723,26866
2015-08-10 09:00,28961,21678,7283,27845
2015-08-10 08:00,30843,23163,7680,29137
2015-08-10 07:00,33646,24314,9332,31411
2015-08-10 06:00,36639,25233,11406,34543
2015-08-10 05:00,38639,26618,12021,37639
2015-08-10 04:00,38902,27194,11708,39290
2015-08-10 03:00,40003,28872,11131,39031
2015-08-10 02:00,40412,30168,10244,40112
2015-08-10 01:00,39873,30090,9783,40376
2015-08-10 00:00,38815,29672,9143,39726
2015-08-09 23:00,37325,28734,8591,38429
2015-08-09 22:00,35569,27644,7925,36867
2015-08-09 21:00,33919,26245,7674,35188
2015-08-09 20:00,32602,24919,7683,33494
2015-08-09 19:00,31312,23980,7332,31975
2015-08-09 18:00,30010,22889,7121,30421
2015-08-09 17:00,28605,21269,7336,28784
2015-08-09 16:00,27307,19720,7587,27238
2015-08-09 15:00,26740,18575,8165,25901
2015-08-09 14:00,26673,18681,7992,25549
2015-08-09 13:00,26294,18301,7993,25818
2015-08-09 12:00,26309,18461,7848,25745
2015-08-09 11:00,26855,18911,7944,26105
2015-08-09 10:00,27922,20124,7798,26833
2015-08-09 09:00,29417,21502,7915,27978
2015-08-09 08:00,31425,23503,7922,29605
2015-08-09 07:00,33835,26316,7519,32598
2015-08-09 06:00,36407,29164,7243,35396
2015-08-09 05:00,38132,30938,7194,38085
2015-08-09 04:00,38369,32179,6190,39583
2015-08-09 03:00,39562,33999,5563,39687
2015-08-09 02:00,40349,35609,4740,41060
2015-08-09 01:00,40218,36557,3661,41741
2015-08-09 00:00,39737,36107,3630,41627
2015-08-08 23:00,38596,35226,3370,40638
2015-08-08 22:00,37342,33772,3570,39269
2015-08-08 21:00,36184,32273,3911,37803
2015-08-08 20:00,35105,31060,4045,36370
2015-08-08 19:00,34081,29716,4365,34985
2015-08-08 18:00,33028,28631,4397,33839
2015-08-08 17:00,31290,27491,3799,31876
2015-08-08 16:00,29738,25343,4395,30131
2015-08-08 15:00,28672,23496,5176,28386
2015-08-08 14:00,27942,23239,4703,27542
2015-08-08 13:00,27512,22288,5224,27565
2015-08-08 12:00,27545,21683,5862,27357
2015-08-08 11:00,28187,21961,6226,27673
2015-08-08 10:00,29248,22651,6597,28462
2015-08-08 09:00,30809,24221,6588,29775
2015-08-08 08:00,32804,25854,6950,31965
2015-08-08 07:00,35558,28430,7128,34453
2015-08-08 06:00,38602,31310,7292,37576
2015-08-08 05:00,40665,33046,7619,40688
2015-08-08 04:00,41311,33629,7682,42573
2015-08-08 03:00,42841,34474,8367,43080
2015-08-08 02:00,44308,36297,8011,45173
2015-08-08 01:00,45015,37283,7732,46824
2015-08-08 00:00,44713,37268,7445,47468
2015-08-07 23:00,43798,36772,7026,46972
2015-08-07 22:00,42508,35784,6724,45853
2015-08-07 21:00,40858,34681,6177,44273
2015-08-07 20:00,39666,33178,6488,42478
2015-08-07 19:00,38484,31688,6796,41220
2015-08-07 18:00,37371,30148,7223,39515
2015-08-07 17:00,36057,27828,8229,37625
2015-08-07 16:00,34532,24875,9657,35693
2015-08-07 15:00,32739,23408,9331,33738
2015-08-07 14:00,31037,23161,7876,31767
2015-08-07 13:00,29605,21942,7663,30109
2015-08-07 12:00,29201,21512,7689,28883
2015-08-07 11:00,29597,21988,7609,28733
2015-08-07 10:00,30779,22685,8094,29407
2015-08-07 09:00,32093,23989,8104,30732
2015-08-07 08:00,34173,25583,8590,32703
2015-08-07 07:00,37414,28847,8567,36052
2015-08-07 06:00,40988,32483,8505,40093
2015-08-07 05:00,43163,34808,8355,44213
2015-08-07 04:00,43165,35910,7255,46625
2015-08-07 03:00,43996,37852,6144,47202
2015-08-07 02:00,45283,39359,5924,49462
2015-08-07 01:00,46510,40127,6383,51076
2015-08-07 00:00,46810,39034,7776,51558
2015-08-06 23:00,46570,37757,8813,50811
2015-08-06 22:00,45471,36253,9218,49331
2015-08-06 21:00,44363,34294,10069,47394
2015-08-06 20:00,43162,32143,11019,45055
2015-08-06 19:00,41477,30522,10955,43096
2015-08-06 18:00,39151,29146,10005,40907
2015-08-06 17:00,36908,27149,9759,38564
2015-08-06 16:00,34857,24192,10665,36316
2015-08-06 15:00,33066,22261,10805,34157
2015-08-06 14:00,31509,21427,10082,32031
2015-08-06 13:00,30070,20703,9367,30246
2015-08-06 12:00,29616,20432,9184,28935
2015-08-06 11:00,30206,20974,9232,28774
2015-08-06 10:00,31294,22266,9028,29457
2015-08-06 09:00,32860,23566,9294,30786
2015-08-06 08:00,35378,25348,10030,32849
2015-08-06 07:00,39131,27871,11260,36003
2015-08-06 06:00,43017,31297,11720,39950
2015-08-06 05:00,45640,33282,12358,44044
2015-08-06 04:00,46509,34194,12315,46363
2015-08-06 03:00,48071,35486,12585,46976
2015-08-06 02:00,49494,37069,12425,49236
2015-08-06 01:00,50002,37144,12858,50697
2015-08-06 00:00,49331,36541,12790,50963
2015-08-05 23:00,47855,35741,12114,50354
2015-08-05 22:00,45967,34747,11220,48998
2015-08-05 21:00,43981,33802,10179,47078
2015-08-05 20:00,42258,32032,10226,44912
2015-08-05 19:00,40340,30108,10232,43106
2015-08-05 18:00,38236,28281,9955,41096
2015-08-05 17:00,36143,26499,9644,38873
2015-08-05 16:00,33826,24362,9464,36723
2015-08-05 15:00,31773,22567,9206,34558
2015-08-05 14:00,30206,21831,8375,32153
2015-08-05 13:00,28979,21118,7861,29945
2015-08-05 12:00,28816,20734,8082,28756
2015-08-05 11:00,29264,20947,8317,28568
2015-08-05 10:00,30401,22307,8094,29233
2015-08-05 09:00,31953,23634,8319,30480
2015-08-05 08:00,34268,25921,8347,32405
2015-08-05 07:00,37400,28183,9217,35291
2015-08-05 06:00,40860,32113,8747,38987
2015-08-05 05:00,43093,34432,8661,42853
2015-08-05 04:00,43562,35352,8210,45091
2015-08-05 03:00,44780,36720,8060,45464
2015-08-05 02:00,45961,38437,7524,47646
2015-08-05 01:00,46282,39053,7229,49119
2015-08-05 00:00,45893,38020,7873,49449
2015-08-04 23:00,45261,37034,8227,48782
2015-08-04 22:00,44192,35896,8296,47320
2015-08-04 21:00,42862,33896,8966,45506
2015-08-04 20:00,41444,32003,9441,43479
2015-08-04 19:00,39714,30660,9054,41882
2015-08-04 18:00,37724,28855,8869,40066
2015-08-04 17:00,35871,27058,8813,38016
2015-08-04 16:00,34042,25259,8783,35992
2015-08-04 15:00,31983,23125,8858,33956
2015-08-04 14:00,30271,21750,8521,31814
2015-08-04 13:00,28890,20963,7927,29991
2015-08-04 12:00,28486,20841,7645,28634
2015-08-04 11:00,28909,21236,7673,28452
2015-08-04 10:00,30131,22007,8124,29124
2015-08-04 09:00,31597,23371,8226,30350
2015-08-04 08:00,33880,25057,8823,32019
2015-08-04 07:00,37247,27810,9437,35111
2015-08-04 06:00,40951,30713,10238,38895
2015-08-04 05:00,43340,32736,10604,42820
2015-08-04 04:00,44259,33498,10761,45045
2015-08-04 03:00,45959,35322,10637,45803
2015-08-04 02:00,47388,36088,11300,47982
2015-08-04 01:00,47840,36141,11699,49350
2015-08-04 00:00,47205,35140,12065,49471
2015-08-03 23:00,46116,33606,12510,48593
2015-08-03 22:00,44893,32386,12507,47123
2015-08-03 21:00,42923,30682,12241,45206
2015-08-03 20:00,41307,28838,12469,43135
2015-08-03 19:00,39618,27258,12360,41454
2015-08-03 18:00,37861,25501,12360,39517
2015-08-03 17:00,36073,23562,12511,37399
2015-08-03 16:00,34199,21935,12264,35309
2015-08-03 15:00,32275,19681,12594,33011
2015-08-03 14:00,30453,19865,10588,30740
2015-08-03 13:00,28939,20093,8846,29140
2015-08-03 12:00,28353,20552,7801,27823
2015-08-03 11:00,28659,21245,7414,27524
2015-08-03 10:00,29624,22447,7177,28076
2015-08-03 09:00,31135,23796,7339,29191
2015-08-03 08:00,33153,25913,7240,30978
2015-08-03 07:00,36155,27951,8204,34148
2015-08-03 06:00,39328,31243,8085,37553
2015-08-03 05:00,41379,33325,8054,40881
2015-08-03 04:00,42009,34416,7593,42425
2015-08-03 03:00,43253,35512,7741,42736
2015-08-03 02:00,43851,36768,7083,44404
2015-08-03 01:00,43414,37081,6333,44965
2015-08-03 00:00,42345,36375,5970,44314
2015-08-02 23:00,40753,34590,6163,43122
2015-08-02 22:00,39235,32980,6255,41488
2015-08-02 21:00,37450,31430,6020,39601
2015-08-02 20:00,35701,30049,5652,37583
2015-08-02 19:00,33975,28845,5130,35558
2015-08-02 18:00,32188,26649,5539,33367
2015-08-02 17:00,30435,25352,5083,31176
2015-08-02 16:00,28778,22658,6120,29254
2015-08-02 15:00,27554,21140,6414,27470
2015-08-02 14:00,27655,20757,6898,26939
2015-08-02 13:00,28038,20358,7680,27430
2015-08-02 12:00,28357,20821,7536,27515
2015-08-02 11:00,29115,21494,7621,27963
2015-08-02 10:00,30216,22889,7327,28891
2015-08-02 09:00,31885,24675,7210,30354
2015-08-02 08:00,34291,26475,7816,32080
2015-08-02 07:00,36970,29258,7712,34487
2015-08-02 06:00,39711,34445,5266,37589
2015-08-02 05:00,41659,36304,5355,40406
2015-08-02 04:00,42450,37823,4627,41815
2015-08-02 03:00,43946,40398,3548,42245
2015-08-02 02:00,44950,42220,2730,44025
2015-08-02 01:00,44973,43281,1692,44925
2015-08-02 00:00,44177,42949,1228,44943
2015-08-01 23:00,42721,42232,489,44288
2015-08-01 22:00,41091,40135,956,43149
2015-08-01 21:00,39542,37685,1857,41569
2015-08-01 20:00,38168,35358,2810,39837
2015-08-01 19:00,36810,33546,3264,38021
2015-08-01 18:00,34977,31216,3761,36046
2015-08-01 17:00,33076,29095,3981,33895
2015-08-01 16:00,30828,26447,4381,31724
2015-08-01 15:00,29668,24368,5300,29775
2015-08-01 14:00,29295,23188,6107,28771
2015-08-01 13:00,29089,21956,7133,29056
2015-08-01 12:00,29314,21788,7526,28932
2015-08-01 11:00,30119,22392,7727,29308
2015-08-01 10:00,31487,23498,7989,30299
2015-08-01 09:00,33401,25426,7975,31810
2015-08-01 08:00,35970,26868,9102,33933
2015-08-01 07:00,39305,30574,8731,36542
2015-08-01 06:00,42626,36359,6267,39957
2015-08-01 05:00,45039,38812,6227,43330
2015-08-01 04:00,46102,40049,6053,45309
2015-08-01 03:00,48087,41479,6608,46581
2015-08-01 02:00,49872,43578,6294,48833
2015-08-01 01:00,50781,44131,6650,50382
2015-08-01 00:00,50679,44020,6659,50813
2015-07-31 23:00,49651,43121,6530,50841
2015-07-31 22:00,48078,41065,7013,49352
2015-07-31 21:00,46065,38510,7555,47475
2015-07-31 20:00,44129,36264,7865,45288
2015-07-31 19:00,42134,33903,8231,43482
2015-07-31 18:00,40047,31110,8937,41308
2015-07-31 17:00,37846,29211,8635,38947
2015-07-31 16:00,35473,26511,8962,36860
2015-07-31 15:00,33364,24546,8818,34708
2015-07-31 14:00,31939,23378,8561,32639
2015-07-31 13:00,30885,22318,8567,30866
2015-07-31 12:00,30533,22200,8333,29730
2015-07-31 11:00,31162,22628,8534,29651
2015-07-31 10:00,32478,23809,8669,30480
2015-07-31 09:00,34385,25241,9144,31891
2015-07-31 08:00,37097,27548,9549,34019
2015-07-31 07:00,40656,31590,9066,38015
2015-07-31 06:00,44654,36298,8356,41966
2015-07-31 05:00,47247,38744,8503,46208
2015-07-31 04:00,48004,40147,7857,48481
2015-07-31 03:00,49597,42063,7534,49866
2015-07-31 02:00,51531,42891,8640,52156
2015-07-31 01:00,52421,43350,9071,53757
2015-07-31 00:00,52088,43111,8977,54162
2015-07-30 23:00,51339,41903,9436,53298
2015-07-30 22:00,49713,39617,10096,51833
2015-07-30 21:00,47109,37310,9799,49835
2015-07-30 20:00,44737,35254,9483,47372
2015-07-30 19:00,42428,32839,9589,45108
2015-07-30 18:00,40002,30046,9956,42533
2015-07-30 17:00,37917,28272,9645,39681
2015-07-30 16:00,35688,25951,9737,37074
2015-07-30 15:00,33551,23682,9869,34700
2015-07-30 14:00,31925,22576,9349,32851
2015-07-30 13:00,30674,22080,8594,31586
2015-07-30 12:00,30340,21848,8492,30531
2015-07-30 11:00,31065,22312,8753,30667
2015-07-30 10:00,32397,22971,9426,31527
2015-07-30 09:00,34361,24537,9824,32994
2015-07-30 08:00,37108,26019,11089,34574
2015-07-30 07:00,40964,28951,12013,38210
2015-07-30 06:00,45276,33219,12057,42518
2015-07-30 05:00,48177,35791,12386,47003
2015-07-30 04:00,49671,37435,12236,49366
2015-07-30 03:00,51382,39416,11966,50818
2015-07-30 02:00,52593,41472,11121,53096
2015-07-30 01:00,53168,41375,11793,54623
2015-07-30 00:00,52511,40459,12052,54871
2015-07-29 23:00,51267,38396,12871,53866
2015-07-29 22:00,49335,36330,13005,52190
2015-07-29 21:00,46581,33970,12611,50035
2015-07-29 20:00,44395,32301,12094,47551
2015-07-29 19:00,42085,30301,11784,45230
2015-07-29 18:00,39446,28238,11208,42784
2015-07-29 17:00,37232,25930,11302,40138
2015-07-29 16:00,35032,23659,11373,37762
2015-07-29 15:00,32825,21634,11191,35355
2015-07-29 14:00,31313,21249,10064,32799
2015-07-29 13:00,30204,20557,9647,31048
2015-07-29 12:00,29842,20132,9710,29786
2015-07-29 11:00,30317,20686,9631,29639
2015-07-29 10:00,31332,21975,9357,30325
2015-07-29 09:00,33157,22939,10218,31685
2015-07-29 08:00,35753,24876,10877,33719
2015-07-29 07:00,39682,27978,11704,37332
2015-07-29 06:00,43965,30832,13133,41510
2015-07-29 05:00,46912,32848,14064,45779
2015-07-29 04:00,48330,33810,14520,47979
2015-07-29 03:00,49967,35775,14192,49244
2015-07-29 02:00,51073,37306,13767,51348
2015-07-29 01:00,51148,37567,13581,52619
2015-07-29 00:00,50111,36965,13146,52757
2015-07-28 23:00,48527,35277,13250,51541
2015-07-28 22:00,46448,33862,12586,49804
2015-07-28 21:00,43979,32681,11298,47708
2015-07-28 20:00,42242,31267,10975,45284
2015-07-28 19:00,40118,30200,9918,43261
2015-07-28 18:00,37712,27977,9735,41004
2015-07-28 17:00,35582,25994,9588,38589
2015-07-28 16:00,33604,23404,10200,36440
2015-07-28 15:00,31658,21473,10185,34237
2015-07-28 14:00,30007,21269,8738,31739
2015-07-28 13:00,29063,20601,8462,30157
2015-07-28 12:00,28585,20425,8160,28962
2015-07-28 11:00,29044,20512,8532,28803
2015-07-28 10:00,30097,21411,8686,29471
2015-07-28 09:00,31381,22066,9315,30716
2015-07-28 08:00,33674,23749,9925,32530
2015-07-28 07:00,37038,25152,11886,34702
2015-07-28 06:00,40981,27437,13544,38456
2015-07-28 05:00,43467,29100,14367,42278
2015-07-28 04:00,44495,29836,14659,44145
2015-07-28 03:00,45956,31400,14556,45059
2015-07-28 02:00,47022,32021,15001,46877
2015-07-28 01:00,47190,31615,15575,48003
2015-07-28 00:00,46287,31130,15157,48061
2015-07-27 23:00,44891,30351,14540,46977
2015-07-27 22:00,43151,29250,13901,45467
2015-07-27 21:00,41529,27782,13747,43697
2015-07-27 20:00,40234,26304,13930,41733
2015-07-27 19:00,38593,25205,13388,40270
2015-07-27 18:00,36748,23964,12784,38555
2015-07-27 17:00,35004,22461,12543,36694
2015-07-27 16:00,32832,20452,12380,34698
2015-07-27 15:00,30877,18924,11953,32458
2015-07-27 14:00,29213,19261,9952,30125
2015-07-27 13:00,28175,19567,8608,28612
2015-07-27 12:00,27700,19776,7924,27363
2015-07-27 11:00,27831,20419,7412,27025
2015-07-27 10:00,28650,21494,7156,27482
2015-07-27 09:00,29350,22375,6975,28538
2015-07-27 08:00,31441,23993,7448,30158
2015-07-27 07:00,34452,25999,8453,33035
2015-07-27 06:00,37429,28988,8441,36290
2015-07-27 05:00,39123,30439,8684,39454
2015-07-27 04:00,39667,31260,8407,40733
2015-07-27 03:00,40903,33185,7718,41314
2015-07-27 02:00,41463,34150,7313,42722
2015-07-27 01:00,41176,34073,7103,43208
2015-07-27 00:00,40210,33373,6837,42760
2015-07-26 23:00,39098,32124,6974,41533
2015-07-26 22:00,37590,30797,6793,39906
2015-07-26 21:00,35955,29455,6500,38094
2015-07-26 20:00,34403,27963,6440,36183
2015-07-26 19:00,33014,26647,6367,34447
2015-07-26 18:00,31506,25311,6195,32545
2015-07-26 17:00,29969,23912,6057,30553
2015-07-26 16:00,28306,22120,6186,28690
2015-07-26 15:00,27377,20221,7156,27242
2015-07-26 14:00,27401,20106,7295,26486
2015-07-26 13:00,27599,20095,7504,26845
2015-07-26 12:00,27971,20398,7573,26898
2015-07-26 11:00,28529,20866,7663,27301
2015-07-26 10:00,29682,22141,7541,28168
2015-07-26 09:00,30941,23076,7865,29472
2015-07-26 08:00,33352,24483,8869,31460
2015-07-26 07:00,36187,27104,9083,34056
2015-07-26 06:00,39034,30360,8674,37053
2015-07-26 05:00,40837,6300,34537,39825
2015-07-26 04:00,41658,6500,35158,41103
2015-07-26 03:00,43014,35698,7316,41741
2015-07-26 02:00,43722,36043,7679,43332
2015-07-26 01:00,43550,36519,7031,44059
2015-07-26 00:00,42744,36086,6658,43942
2015-07-25 23:00,41582,35482,6100,42982
2015-07-25 22:00,40341,33694,6647,41624
2015-07-25 21:00,38711,32257,6454,40137
2015-07-25 20:00,37302,30696,6606,38523
2015-07-25 19:00,35575,29366,6209,36925
2015-07-25 18:00,33654,27995,5659,35135
2015-07-25 17:00,31814,26045,5769,33149
2015-07-25 16:00,30093,24119,5974,31078
2015-07-25 15:00,28826,22015,6811,29276
2015-07-25 14:00,28546,21614,6932,28127
2015-07-25 13:00,28280,20836,7444,28191
2015-07-25 12:00,28411,20891,7520,28072
2015-07-25 11:00,29170,21149,8021,28377
2015-07-25 10:00,30488,21829,8659,29234
2015-07-25 09:00,31810,22603,9207,30606
2015-07-25 08:00,34067,24053,10014,32144
2015-07-25 07:00,37237,26579,10658,34263
2015-07-25 06:00,40452,30145,10307,37514
2015-07-25 05:00,40588,31155,9433,40570
2015-07-25 04:00,42039,31595,10444,41932
2015-07-25 03:00,42640,33068,9572,42613
2015-07-25 02:00,46138,34432,11706,44364
2015-07-25 01:00,46439,34629,11810,45499
2015-07-25 00:00,45696,34169,11527,45654
2015-07-24 23:00,44667,33415,11252,44854
2015-07-24 22:00,42992,32418,10574,43530
2015-07-24 21:00,41497,30543,10954,42061
2015-07-24 20:00,40005,29555,10450,40524
2015-07-24 19:00,38329,28670,9659,39324
2015-07-24 18:00,36638,27579,9059,37905
2015-07-24 17:00,35013,25845,9168,36186
2015-07-24 16:00,33222,24402,8820,34468
2015-07-24 15:00,31382,22235,9147,32435
2015-07-24 14:00,29966,21475,8491,30373
2015-07-24 13:00,28955,20587,8368,29057
2015-07-24 12:00,28584,20314,8270,28066
2015-07-24 11:00,28949,20524,8425,27912
2015-07-24 10:00,30014,21544,8470,28564
2015-07-24 09:00,31189,23002,8187,29718
2015-07-24 08:00,33420,23941,9479,31412
2015-07-24 07:00,36472,26772,9700,33477
2015-07-24 06:00,39778,30302,9476,36673
2015-07-24 05:00,41655,31080,10575,40210
2015-07-24 04:00,42047,32054,9993,41510
2015-07-24 03:00,43307,33630,9677,41982
2015-07-24 02:00,44302,35461,8841,43433
2015-07-24 01:00,44421,35946,8475,44316
2015-07-24 00:00,43624,35661,7963,44677
2015-07-23 23:00,42596,35458,7138,44023
2015-07-23 22:00,41431,34290,7141,42965
2015-07-23 21:00,39808,33077,6731,41701
2015-07-23 20:00,38749,31637,7112,40310
2015-07-23 19:00,37779,30656,7123,39268
2015-07-23 18:00,36658,28845,7813,38021
2015-07-23 17:00,35315,27166,8149,36528
2015-07-23 16:00,33967,25602,8365,34909
2015-07-23 15:00,32144,23416,8728,33051
2015-07-23 14:00,30293,22102,8191,31008
2015-07-23 13:00,29206,21013,8193,29448
2015-07-23 12:00,28753,20910,7843,28270
2015-07-23 11:00,28808,21111,7697,28110
2015-07-23 10:00,29698,22267,7431,28690
2015-07-23 09:00,31046,23618,7428,29865
2015-07-23 08:00,33239,25433,7806,31599
2015-07-23 07:00,36290,27589,8701,33873
2015-07-23 06:00,39702,31466,8236,37243
2015-07-23 05:00,41585,32921,8664,40839
2015-07-23 04:00,42085,34138,7947,42343
2015-07-23 03:00,43489,35598,7891,42716
2015-07-23 02:00,44834,37519,7315,44223
2015-07-23 01:00,45108,38015,7093,45472
2015-07-23 00:00,44743,37811,6932,46107
2015-07-22 23:00,43935,37208,6727,45533
2015-07-22 22:00,42761,35550,7211,44673
2015-07-22 21:00,41423,33857,7566,43471
2015-07-22 20:00,40469,33064,7405,42010
2015-07-22 19:00,39358,31969,7389,40929
2015-07-22 18:00,37794,30214,7580,39601
2015-07-22 17:00,36284,28155,8129,37903
2015-07-22 16:00,34691,25758,8933,36239
2015-07-22 15:00,32836,23876,8960,34370
2015-07-22 14:00,31077,23059,8018,32357
2015-07-22 13:00,29878,22445,7433,30724
2015-07-22 12:00,29441,22382,7059,29574
2015-07-22 11:00,29770,22940,6830,29276
2015-07-22 10:00,30817,23790,7027,29964
2015-07-22 09:00,32445,25087,7358,31274
2015-07-22 08:00,34669,26402,8267,33175
2015-07-22 07:00,37841,28365,9476,34689
2015-07-22 06:00,41542,32508,9034,38130
2015-07-22 05:00,43598,34724,8874,41638
2015-07-22 04:00,44414,35819,8595,43110
2015-07-22 03:00,45921,37833,8088,43926
2015-07-22 02:00,47261,39194,8067,45682
2015-07-22 01:00,47907,39270,8637,46989
2015-07-22 00:00,47564,38695,8869,47420
2015-07-21 23:00,46600,37648,8952,47029
2015-07-21 22:00,45318,36297,9021,46387
2015-07-21 21:00,43726,34584,9142,45115
2015-07-21 20:00,42342,33661,8681,43732
2015-07-21 19:00,40883,32368,8515,42438
2015-07-21 18:00,39088,30427,8661,40793
2015-07-21 17:00,37376,28035,9341,38820
2015-07-21 16:00,35238,26109,9129,36905
2015-07-21 15:00,33311,23158,10153,34856
2015-07-21 14:00,31850,21792,10058,32583
2015-07-21 13:00,30773,20759,10014,30934
2015-07-21 12:00,30431,20225,10206,29652
2015-07-21 11:00,31011,20515,10496,29536
2015-07-21 10:00,32146,21288,10858,30273
2015-07-21 09:00,33835,22116,11719,31660
2015-07-21 08:00,36173,24235,11938,33474
2015-07-21 07:00,39504,26659,12845,35803
2015-07-21 06:00,43669,30225,13444,39456
2015-07-21 05:00,46152,31772,14380,43112
2015-07-21 04:00,47291,31839,15452,44734
2015-07-21 03:00,49121,32468,16653,45663
2015-07-21 02:00,50545,33302,17243,47588
2015-07-21 01:00,50970,34439,16531,49114
2015-07-21 00:00,50297,35287,15010,49548
2015-07-20 23:00,49208,34376,14832,49086
2015-07-20 22:00,47802,33105,14697,48177
2015-07-20 21:00,46077,31282,14795,46845
2015-07-20 20:00,44756,29274,15482,45043
2015-07-20 19:00,42838,27472,15366,43476
2015-07-20 18:00,40550,25168,15382,41868
2015-07-20 17:00,38358,23291,15067,39582
2015-07-20 16:00,35999,21294,14705,37325
2015-07-20 15:00,33367,20027,13340,35044
2015-07-20 14:00,31379,19808,11571,32627
2015-07-20 13:00,30155,19722,10433,30779
2015-07-20 12:00,29435,19962,9473,29481
2015-07-20 11:00,29693,20513,9180,29213
2015-07-20 10:00,30396,20919,9477,29843
2015-07-20 09:00,31761,22101,9660,31115
2015-07-20 08:00,33797,22791,11006,32615
2015-07-20 07:00,36619,24834,11785,35022
2015-07-20 06:00,39806,26254,13552,38226
2015-07-20 05:00,41395,26919,14476,41354
2015-07-20 04:00,41481,27346,14135,42489
2015-07-20 03:00,41999,28233,13766,43054
2015-07-20 02:00,42772,28715,14057,44541
2015-07-20 01:00,43372,28660,14712,45025
2015-07-20 00:00,43812,28587,15225,44646
2015-07-19 23:00,43385,28966,14419,43665
2015-07-19 22:00,41800,29038,12762,42202
2015-07-19 21:00,39614,28649,10965,40432
2015-07-19 20:00,37438,27395,10043,38404
2015-07-19 19:00,35228,27542,7686,36380
2015-07-19 18:00,32966,26283,6683,34134
2015-07-19 17:00,30509,25329,5180,32200
2015-07-19 16:00,28389,23607,4782,30144
2015-07-19 15:00,27263,22045,5218,28378
2015-07-19 14:00,27260,22131,5129,27391
2015-07-19 13:00,27242,21608,5634,27933
2015-07-19 12:00,27305,21649,5656,28175
2015-07-19 11:00,27982,22415,5567,28615
2015-07-19 10:00,28711,23274,5437,29529
2015-07-19 09:00,29934,24473,5461,30915
2015-07-19 08:00,31565,26040,5525,32496
2015-07-19 07:00,33649,28529,5120,34121
2015-07-19 06:00,35683,31222,4461,36946
2015-07-19 05:00,36472,32870,3602,39761
2015-07-19 04:00,36694,34367,2327,40628
2015-07-19 03:00,37132,36092,1040,41532
2015-07-19 02:00,37362,37657,-295,43075
2015-07-19 01:00,37390,38471,-1081,43763
2015-07-19 00:00,37192,37926,-734,43584
2015-07-18 23:00,37321,36583,738,42647
2015-07-18 22:00,37354,34549,2805,41317
2015-07-18 21:00,36993,32919,4074,39890
2015-07-18 20:00,36017,31088,4929,38319
2015-07-18 19:00,35012,30194,4818,36671
2015-07-18 18:00,33709,28207,5502,34877
2015-07-18 17:00,32175,26692,5483,33160
2015-07-18 16:00,30445,24814,5631,31313
2015-07-18 15:00,29074,23113,5961,29532
2015-07-18 14:00,28576,21888,6688,28451
2015-07-18 13:00,28332,21388,6944,28329
2015-07-18 12:00,28512,21027,7485,28254
2015-07-18 11:00,29281,21099,8182,28533
2015-07-18 10:00,30651,22226,8425,29048
2015-07-18 09:00,32401,23025,9376,30361
2015-07-18 08:00,34726,24837,9889,32484
2015-07-18 07:00,37889,27346,10543,36078
2015-07-18 06:00,41119,29987,11132,39501
2015-07-18 05:00,43249,31682,11567,42855
2015-07-18 04:00,44692,33272,11420,44453
2015-07-18 03:00,46580,34858,11722,45647
2015-07-18 02:00,47978,36052,11926,47751
2015-07-18 01:00,48356,36576,11780,49104
2015-07-18 00:00,47695,36072,11623,49357
2015-07-17 23:00,46430,34692,11738,48424
2015-07-17 22:00,44580,33394,11186,46882
2015-07-17 21:00,42481,31325,11156,45059
2015-07-17 20:00,40712,30169,10543,42983
2015-07-17 19:00,39217,28951,10266,41264
2015-07-17 18:00,37248,27289,9959,39341
2015-07-17 17:00,35354,25506,9848,37212
2015-07-17 16:00,33482,23414,10068,35433
2015-07-17 15:00,31568,21382,10186,33502
2015-07-17 14:00,30006,21002,9004,31412
2015-07-17 13:00,29243,20095,9148,30116
2015-07-17 12:00,28831,19720,9111,29103
2015-07-17 11:00,29012,20208,8804,28965
2015-07-17 10:00,30158,21348,8810,29637
2015-07-17 09:00,31675,22386,9289,30827
2015-07-17 08:00,34020,23947,10073,32500
2015-07-17 07:00,37312,26866,10446,35318
2015-07-17 06:00,40987,30051,10936,39005
2015-07-17 05:00,43120,31943,11177,42731
2015-07-17 04:00,44252,33232,11020,44242
2015-07-17 03:00,45822,34766,11056,45318
2015-07-17 02:00,46967,36087,10880,47156
2015-07-17 01:00,47280,36711,10569,48384
2015-07-17 00:00,46696,35931,10765,48525
2015-07-16 23:00,45508,34454,11054,47668
2015-07-16 22:00,43816,32943,10873,46282
2015-07-16 21:00,41819,31337,10482,44408
2015-07-16 20:00,40210,30079,10131,42481
2015-07-16 19:00,38449,29067,9382,40835
2015-07-16 18:00,36898,27534,9364,39064
2015-07-16 17:00,35219,26094,9125,36959
2015-07-16 16:00,33432,24025,9407,34954
2015-07-16 15:00,31388,22159,9229,32906
2015-07-16 14:00,29994,21353,8641,30871
2015-07-16 13:00,28820,20330,8490,29670
2015-07-16 12:00,28351,20056,8295,28769
2015-07-16 11:00,28735,19865,8870,28580
2015-07-16 10:00,29722,20304,9418,29191
2015-07-16 09:00,31236,21883,9353,30306
2015-07-16 08:00,33475,24470,9005,32149
2015-07-16 07:00,36774,27040,9734,34890
2015-07-16 06:00,40441,29746,10695,38328
2015-07-16 05:00,42591,31365,11226,41695
2015-07-16 04:00,43772,32297,11475,43039
2015-07-16 03:00,45225,34007,11218,43825
2015-07-16 02:00,46130,35384,10746,45566
2015-07-16 01:00,46060,36066,9994,46666
2015-07-16 00:00,45045,35784,9261,46727
2015-07-15 23:00,43526,34921,8605,45841
2015-07-15 22:00,41836,33720,8116,44546
2015-07-15 21:00,40036,32674,7362,42964
2015-07-15 20:00,38704,31446,7258,41333
2015-07-15 19:00,37322,30177,7145,40080
2015-07-15 18:00,36001,28419,7582,38583
2015-07-15 17:00,34843,27310,7533,36911
2015-07-15 16:00,33273,25439,7834,35210
2015-07-15 15:00,31388,4589,26799,33093
2015-07-15 14:00,29890,4186,25704,30897
2015-07-15 13:00,28564,21064,7500,29529
2015-07-15 12:00,28103,20887,7216,28389
2015-07-15 11:00,27936,21110,6826,28194
2015-07-15 10:00,28766,22112,6654,28771
2015-07-15 09:00,30384,23359,7025,29916
2015-07-15 08:00,32636,25351,7285,31653
2015-07-15 07:00,35727,28129,7598,34200
2015-07-15 06:00,39191,31261,7930,37550
2015-07-15 05:00,41276,32944,8332,40971
2015-07-15 04:00,42135,34289,7846,42456
2015-07-15 03:00,43667,35787,7880,43038
2015-07-15 02:00,44847,36928,7919,44494
2015-07-15 01:00,45256,37569,7687,45500
2015-07-15 00:00,44635,36918,7717,45675
2015-07-14 23:00,43455,35666,7789,45017
2015-07-14 22:00,42089,34220,7869,43703
2015-07-14 21:00,40550,32835,7715,42296
2015-07-14 20:00,39289,31777,7512,40837
2015-07-14 19:00,37906,30363,7543,39706
2015-07-14 18:00,36327,28888,7439,38441
2015-07-14 17:00,35028,26634,8394,37013
2015-07-14 16:00,33423,24502,8921,35407
2015-07-14 15:00,33435,22568,10867,33424
2015-07-14 14:00,31172,21688,9484,31096
2015-07-14 13:00,29475,20635,8840,29364
2015-07-14 12:00,28159,20321,7838,28182
2015-07-14 11:00,28521,20252,8269,27950
2015-07-14 10:00,29604,21032,8572,28545
2015-07-14 09:00,30846,22077,8769,29665
2015-07-14 08:00,33037,23633,9404,31439
2015-07-14 07:00,36344,25187,11157,33794
2015-07-14 06:00,39990,27429,12561,36931
2015-07-14 05:00,42031,28244,13787,40241
2015-07-14 04:00,42964,29184,13780,41711
2015-07-14 03:00,44436,30452,13984,42412
2015-07-14 02:00,45756,31299,14457,43915
2015-07-14 01:00,46189,30969,15220,44782
2015-07-14 00:00,45719,30069,15650,44737
2015-07-13 23:00,44542,29133,15409,43859
2015-07-13 22:00,42954,28057,14897,42628
2015-07-13 21:00,41214,26947,14267,41234
2015-07-13 20:00,39824,25737,14087,40070
2015-07-13 19:00,38390,24875,13515,39135
2015-07-13 18:00,36902,23487,13415,37836
2015-07-13 17:00,34777,22002,12775,36263
2015-07-13 16:00,32743,20141,12602,34615
2015-07-13 15:00,30551,18809,11742,32575
2015-07-13 14:00,29099,18678,10421,30296
2015-07-13 13:00,27881,18571,9310,28705
2015-07-13 12:00,27265,19060,8205,27413
2015-07-13 11:00,27465,19619,7846,27136
2015-07-13 10:00,28188,19953,8235,27587
2015-07-13 09:00,29249,21177,8072,28557
2015-07-13 08:00,31331,22799,8532,29898
2015-07-13 07:00,34117,24149,9968,31986
2015-07-13 06:00,36870,26063,10807,34678
2015-07-13 05:00,37992,26803,11189,37045
2015-07-13 04:00,38125,27186,10939,37521
2015-07-13 03:00,39086,28796,10290,37452
2015-07-13 02:00,39442,29383,10059,38187
2015-07-13 01:00,38867,29866,9001,38283
2015-07-13 00:00,37848,29205,8643,37652
2015-07-12 23:00,36638,27637,9001,36570
2015-07-12 22:00,35135,27455,7680,35235
2015-07-12 21:00,34011,26815,7196,33899
2015-07-12 20:00,32837,26060,6777,32584
2015-07-12 19:00,31595,25455,6140,31439
2015-07-12 18:00,30342,24145,6197,30188
2015-07-12 17:00,28971,22916,6055,28722
2015-07-12 16:00,27170,21465,5705,27230
2015-07-12 15:00,26245,19671,6574,25828
2015-07-12 14:00,26456,19398,7058,25036
2015-07-12 13:00,26468,18985,7483,25616
2015-07-12 12:00,26705,19281,7424,25995
2015-07-12 11:00,27338,19718,7620,26498
2015-07-12 10:00,28315,20481,7834,27178
2015-07-12 09:00,29499,21873,7626,28157
2015-07-12 08:00,31261,23021,8240,29461
2015-07-12 07:00,33665,24779,8886,31669
2015-07-12 06:00,35984,27089,8895,34191
2015-07-12 05:00,36995,27756,9239,36409
2015-07-12 04:00,36971,28386,8585,36961
2015-07-12 03:00,37816,29378,8438,37088
2015-07-12 02:00,38149,30095,8054,37996
2015-07-12 01:00,37816,30187,7629,38138
2015-07-12 00:00,37076,30133,6943,37476
2015-07-11 23:00,36062,29393,6669,36938
2015-07-11 22:00,35595,28434,7161,35573
2015-07-11 21:00,34697,28435,6262,34523
2015-07-11 20:00,33962,28246,5716,33642
2015-07-11 19:00,33119,28751,4368,32813
2015-07-11 18:00,32039,27220,4819,31872
2015-07-11 17:00,30396,26238,4158,30562
2015-07-11 16:00,28729,24049,4680,29079
2015-07-11 15:00,27526,22174,5352,27518
2015-07-11 14:00,27153,21473,5680,26299
2015-07-11 13:00,26866,20591,6275,26370
2015-07-11 12:00,26841,20140,6701,26542
2015-07-11 11:00,27334,20363,6971,26824
2015-07-11 10:00,28419,21177,7242,27419
2015-07-11 09:00,30124,22609,7515,28560
2015-07-11 08:00,31693,23923,7770,30300
2015-07-11 07:00,33966,25330,8636,31292
2015-07-11 06:00,36189,28249,7940,33867
2015-07-11 05:00,37044,28765,8279,36133
2015-07-11 04:00,36873,28969,7904,36587
2015-07-11 03:00,37329,29818,7511,36645
2015-07-11 02:00,37785,30396,7389,37774
2015-07-11 01:00,37852,30401,7451,38439
2015-07-11 00:00,37564,30339,7225,38537
2015-07-10 23:00,37081,30025,7056,38015
2015-07-10 22:00,36707,29639,7068,37206
2015-07-10 21:00,36602,29120,7482,36372
2015-07-10 20:00,36464,29189,7275,35589
2015-07-10 19:00,36166,28712,7454,35238
2015-07-10 18:00,35375,27827,7548,34822
2015-07-10 17:00,34091,26266,7825,33861
2015-07-10 16:00,32524,24740,7784,32801
2015-07-10 15:00,30724,22342,8382,31178
2015-07-10 14:00,29243,20913,8330,29304
2015-07-10 13:00,27949,20801,7148,27902
2015-07-10 12:00,27383,20310,7073,26802
2015-07-10 11:00,27668,20601,7067,26676
2015-07-10 10:00,28419,21274,7145,27144
2015-07-10 09:00,29660,22298,7362,28054
2015-07-10 08:00,31336,25096,6240,29203
2015-07-10 07:00,33724,27273,6451,31368
2015-07-10 06:00,36090,30699,5391,34138
2015-07-10 05:00,37035,32037,4998,36792
2015-07-10 04:00,36667,32325,4342,37299
2015-07-10 03:00,37000,33831,3169,37174
2015-07-10 02:00,37468,34282,3186,37905
2015-07-10 01:00,37737,34422,3315,38340
2015-07-10 00:00,37593,33827,3766,38569
2015-07-09 23:00,37327,33153,4174,38119
2015-07-09 22:00,36919,32541,4378,37459
2015-07-09 21:00,36408,31951,4457,36832
2015-07-09 20:00,36287,31203,5084,36353
2015-07-09 19:00,35943,30706,5237,36193
2015-07-09 18:00,35209,29211,5998,35716
2015-07-09 17:00,34014,27897,6117,34865
2015-07-09 16:00,32456,26028,6428,33846
2015-07-09 15:00,30381,23819,6562,32265
2015-07-09 14:00,28863,22708,6155,30127
2015-07-09 13:00,28101,22078,6023,28431
2015-07-09 12:00,27851,21327,6524,27181
2015-07-09 11:00,28070,21635,6435,26886
2015-07-09 10:00,28488,22459,6029,27356
2015-07-09 09:00,29713,24291,5422,28407
2015-07-09 08:00,31830,26058,5772,29966
2015-07-09 07:00,34546,28137,6409,32817
2015-07-09 06:00,37416,31922,5494,35712
2015-07-09 05:00,38747,33261,5486,38291
2015-07-09 04:00,38695,34264,4431,39089
2015-07-09 03:00,39318,35689,3629,39156
2015-07-09 02:00,39895,36729,3166,40018
2015-07-09 01:00,39929,37282,2647,40700
2015-07-09 00:00,39510,36829,2681,40918
2015-07-08 23:00,38944,35523,3421,40770
2015-07-08 22:00,38262,34090,4172,39963
2015-07-08 21:00,37576,32782,4794,39305
2015-07-08 20:00,37133,31607,5526,38563
2015-07-08 19:00,36593,30741,5852,38100
2015-07-08 18:00,35371,29443,5928,37182
2015-07-08 17:00,34132,28160,5972,36090
2015-07-08 16:00,32565,26734,5831,34772
2015-07-08 15:00,30507,24566,5941,32980
2015-07-08 14:00,29155,22841,6314,30786
2015-07-08 13:00,28452,21865,6587,29262
2015-07-08 12:00,27899,21725,6174,28116
2015-07-08 11:00,28143,22113,6030,27856
2015-07-08 10:00,28989,23107,5882,28398
2015-07-08 09:00,30429,24236,6193,29455
2015-07-08 08:00,32465,25811,6654,31200
2015-07-08 07:00,35414,28754,6660,34058
2015-07-08 06:00,38387,31826,6561,37317
2015-07-08 05:00,39955,33297,6658,40293
2015-07-08 04:00,40502,34706,5796,41260
2015-07-08 03:00,41633,36065,5568,41634
2015-07-08 02:00,42653,37289,5364,42733
2015-07-08 01:00,42917,37746,5171,43446
2015-07-08 00:00,42444,37497,4947,43623
2015-07-07 23:00,41443,36703,4740,43001
2015-07-07 22:00,40123,35038,5085,42070
2015-07-07 21:00,38796,33738,5058,40960
2015-07-07 20:00,38331,32203,6128,39848
2015-07-07 19:00,37725,31421,6304,39042
2015-07-07 18:00,36484,29998,6486,37925
2015-07-07 17:00,35463,28521,6942,36534
2015-07-07 16:00,34010,26616,7394,35118
2015-07-07 15:00,32083,24120,7963,33280
2015-07-07 14:00,30036,22387,7649,31046
2015-07-07 13:00,28640,21308,7332,29537
2015-07-07 12:00,28303,20879,7424,28438
2015-07-07 11:00,28680,21234,7446,28174
2015-07-07 10:00,29561,22349,7212,28749
2015-07-07 09:00,30640,23214,7426,29822
2015-07-07 08:00,32612,24961,7651,31771
2015-07-07 07:00,35609,25917,9692,34179
2015-07-07 06:00,38811,28382,10429,37589
2015-07-07 05:00,40532,29412,11120,40862
2015-07-07 04:00,41227,30263,10964,41938
2015-07-07 03:00,42485,31572,10913,42538
2015-07-07 02:00,43290,32317,10973,43632
2015-07-07 01:00,43483,31861,11622,44329
2015-07-07 00:00,43014,30787,12227,44408
2015-07-06 23:00,41887,29183,12704,43803
2015-07-06 22:00,40583,27877,12706,42744
2015-07-06 21:00,39342,27342,12000,41540
2015-07-06 20:00,38486,26084,12402,40224
2015-07-06 19:00,37965,24621,13344,39226
2015-07-06 18:00,36527,23266,13261,38090
2015-07-06 17:00,35300,21600,13700,36624
2015-07-06 16:00,33486,19987,13499,35037
2015-07-06 15:00,31279,18440,12839,33021
2015-07-06 14:00,29188,18622,10566,30669
2015-07-06 13:00,27802,18772,9030,29147
2015-07-06 12:00,27168,19049,8119,27840
2015-07-06 11:00,27387,19757,7630,27416
2015-07-06 10:00,28272,21135,7137,27853
2015-07-06 09:00,29244,22177,7067,28789
2015-07-06 08:00,31343,24991,6352,30308
2015-07-06 07:00,33979,25937,8042,32970
2015-07-06 06:00,36538,27602,8936,35963
2015-07-06 05:00,37874,29375,8499,38683
2015-07-06 04:00,38270,31402,6868,39421
2015-07-06 03:00,39120,33436,5684,40034
2015-07-06 02:00,39512,34829,4683,41419
2015-07-06 01:00,39181,35459,3722,41588
2015-07-06 00:00,38274,34748,3526,40893
2015-07-05 23:00,36773,34030,2743,39617
2015-07-05 22:00,35483,32960,2523,38102
2015-07-05 21:00,34645,31530,3115,36405
2015-07-05 20:00,33628,29410,4218,34737
2015-07-05 19:00,32333,27664,4669,33308
2015-07-05 18:00,31072,26258,4814,31971
2015-07-05 17:00,29555,23887,5668,30639
2015-07-05 16:00,28098,22236,5862,29132
2015-07-05 15:00,27180,20509,6671,27739
2015-07-05 14:00,27193,20501,6692,27023
2015-07-05 13:00,27253,20721,6532,27234
2015-07-05 12:00,27412,20964,6448,27249
2015-07-05 11:00,27949,21928,6021,27563
2015-07-05 10:00,29141,22578,6563,28440
2015-07-05 09:00,30803,24137,6666,29715
2015-07-05 08:00,32806,26763,6043,31132
2015-07-05 07:00,34757,28045,6712,32947
2015-07-05 06:00,36078,31122,4956,35234
2015-07-05 05:00,37627,32706,4921,36999
2015-07-05 04:00,38894,35154,3740,38153
2015-07-05 03:00,40541,36963,3578,39038
2015-07-05 02:00,41534,38488,3046,40527
2015-07-05 01:00,41740,39202,2538,41419
2015-07-05 00:00,41419,38494,2925,41447
2015-07-04 23:00,40509,36651,3858,40713
2015-07-04 22:00,39452,34448,5004,39650
2015-07-04 21:00,38103,32465,5638,38236
2015-07-04 20:00,36456,30414,6042,36745
2015-07-04 19:00,34661,28939,5722,35212
2015-07-04 18:00,33060,26997,6063,33486
2015-07-04 17:00,31123,25538,5585,31684
2015-07-04 16:00,29264,23953,5311,29923
2015-07-04 15:00,28046,22106,5940,28441
2015-07-04 14:00,28014,21139,6875,27348
2015-07-04 13:00,28110,21104,7006,27468
2015-07-04 12:00,28479,21075,7404,27399
2015-07-04 11:00,29306,21128,8178,27689
2015-07-04 10:00,30272,22427,7845,28485
2015-07-04 09:00,32072,24528,7544,29895
2015-07-04 08:00,34442,28254,6188,31824
2015-07-04 07:00,37352,31196,6156,35048
2015-07-04 06:00,40130,35655,4475,37723
2015-07-04 05:00,41911,37862,4049,39790
2015-07-04 04:00,43065,40728,2337,41277
2015-07-04 03:00,44742,42536,2206,42473
2015-07-04 02:00,45858,44268,1590,44143
2015-07-04 01:00,45872,45571,301,45236
2015-07-04 00:00,44902,45083,-181,45555
2015-07-03 23:00,43381,43823,-442,45343
2015-07-03 22:00,41505,41943,-438,44669
2015-07-03 21:00,39548,39641,-93,43238
2015-07-03 20:00,37884,37778,106,41292
2015-07-03 19:00,36338,35914,424,39168
2015-07-03 18:00,34784,34138,646,37415
2015-07-03 17:00,33091,32527,564,35245
2015-07-03 16:00,31213,30194,1019,32958
2015-07-03 15:00,30063,27519,2544,30795
2015-07-03 14:00,29281,25283,3998,29378
2015-07-03 13:00,28956,23960,4996,29096
2015-07-03 12:00,28930,23898,5032,28910
2015-07-03 11:00,29362,23640,5722,29200
2015-07-03 10:00,30678,24793,5885,30219
2015-07-03 09:00,32598,26405,6193,31805
2015-07-03 08:00,35110,28825,6285,33962
2015-07-03 07:00,38382,31806,6576,36926
2015-07-03 06:00,41628,37117,4511,40777
2015-07-03 05:00,43601,38629,4972,44627
2015-07-03 04:00,44693,39401,5292,46300
2015-07-03 03:00,46540,40493,6047,47767
2015-07-03 02:00,48231,42376,5855,50082
2015-07-03 01:00,49266,42646,6620,51946
2015-07-03 00:00,49005,42130,6875,52623
2015-07-02 23:00,48086,42021,6065,52017
2015-07-02 22:00,46767,41162,5605,50740
2015-07-02 21:00,45060,40396,4664,48969
2015-07-02 20:00,43556,38107,5449,47001
2015-07-02 19:00,42187,36439,5748,45072
2015-07-02 18:00,40598,34895,5703,42984
2015-07-02 17:00,38982,32737,6245,40522
2015-07-02 16:00,36828,30755,6073,38034
2015-07-02 15:00,34150,28342,5808,35451
2015-07-02 14:00,32074,25973,6101,33004
2015-07-02 13:00,30920,25288,5632,31351
2015-07-02 12:00,30157,24961,5196,30330
2015-07-02 11:00,30618,25660,4958,30281
2015-07-02 10:00,31746,27179,4567,31126
2015-07-02 09:00,33603,28760,4843,32722
2015-07-02 08:00,36073,31005,5068,34686
2015-07-02 07:00,39545,35034,4511,38571
2015-07-02 06:00,43173,38786,4387,42851
2015-07-02 05:00,44996,41592,3404,47582
2015-07-02 04:00,45380,42730,2650,49726
2015-07-02 03:00,46165,43220,2945,51656
2015-07-02 02:00,47343,44478,2865,54219
2015-07-02 01:00,48136,45926,2210,55685
2015-07-02 00:00,48300,46530,1770,56159
2015-07-01 23:00,48083,,48083,55490
2015-07-01 22:00,47600,,47600,53939
2015-07-01 21:00,46173,,46173,51948
2015-07-01 20:00,44869,,44869,49568
2015-07-01 19:00,43042,,43042,47055
2015-07-01 18:00,41265,,41265,44518
2015-07-01 17:00,39274,,39274,41520
2015-07-01 16:00,37003,,37003,38841
2015-07-01 15:00,34483,,34483,36243
2015-07-01 14:00,32551,,32551,33439
2015-07-01 13:00,31540,,31540,31820
2015-07-01 12:00,31199,,31199,30723
2015-07-01 11:00,31955,,31955,30579
2015-07-01 10:00,33243,,33243,31360
2015-07-01 09:00,35171,,35171,32894
2015-07-01 08:00,38210,,38210,35264
2015-07-01 07:00,42432,,42432,37994
2015-07-01 06:00,46514,,46514,42358
2015-07-01 05:00,48816,,48816,47033
2015-07-01 04:00,49496,,49496,49256
2015-07-01 03:00,50224,,50224,51183
2015-07-01 02:00,50907,,50907,53490
2015-07-01 01:00,51773,,51773,54860
2015-07-01 00:00,52817,,52817,55083
